Time(s),Base Torque,Torque Output Right,Torque Output Left,Steering Wheel Angle (Binary),Steering Wheel Angle(Degrees),PercentErrorLeft
PercentErrorRight,0.040079,0.001000,0.000000,0.000000,2547.000000,0.000000,78.000000,47.000000,65.000000,78.000000,47.000000,65.000000,
0.072806,0.001000,0.000000,0.000000,2547.000000,0.000000,78.000000,47.000000,65.000000,78.000000,47.000000,65.000000,
0.101399,0.001000,0.000000,0.000000,2547.000000,0.000000,78.000000,47.000000,65.000000,78.000000,47.000000,65.000000,
0.130330,0.001000,0.000000,0.000000,2547.000000,0.000000,78.000000,47.000000,65.000000,78.000000,47.000000,65.000000,
0.183255,0.001000,0.000000,0.000000,2547.000000,0.000000,78.000000,47.000000,65.000000,78.000000,47.000000,65.000000,
0.215335,0.001000,0.000000,0.000000,2547.000000,0.000000,78.000000,47.000000,65.000000,78.000000,47.000000,65.000000,
0.240456,0.001000,0.000000,0.000000,2547.000000,0.000000,78.000000,47.000000,65.000000,78.000000,47.000000,65.000000,
0.274769,0.001000,0.000000,0.000000,2547.000000,0.000000,78.000000,47.000000,65.000000,78.000000,47.000000,65.000000,
0.298280,0.001000,0.000000,0.000000,2547.000000,0.000000,78.000000,47.000000,65.000000,78.000000,47.000000,65.000000,
0.332007,0.001000,0.000000,0.000000,2547.000000,0.000000,78.000000,47.000000,65.000000,78.000000,47.000000,65.000000,
0.363559,0.001000,0.000000,0.000000,2547.000000,0.000000,78.000000,47.000000,65.000000,78.000000,47.000000,65.000000,
0.390102,0.001000,0.000000,0.000000,2547.000000,0.000000,78.000000,47.000000,65.000000,78.000000,47.000000,65.000000,
0.421174,0.001000,0.000000,0.000000,2547.000000,0.000000,78.000000,47.000000,65.000000,78.000000,47.000000,65.000000,
0.454918,0.001000,0.000000,0.000000,2547.000000,0.000000,78.000000,47.000000,65.000000,78.000000,47.000000,65.000000,
0.477917,0.001000,0.000000,0.000000,2547.000000,0.000000,78.000000,47.000000,65.000000,78.000000,47.000000,65.000000,
0.506604,0.001000,0.000000,0.000000,2547.000000,0.000000,78.000000,47.000000,65.000000,78.000000,47.000000,65.000000,
0.534511,0.001000,0.000000,0.000000,2547.000000,0.000000,78.000000,47.000000,65.000000,78.000000,47.000000,65.000000,
0.557249,0.001000,0.000000,0.000000,2547.000000,0.000000,78.000000,47.000000,65.000000,78.000000,47.000000,65.000000,
0.588534,0.001000,0.000000,0.000000,2547.000000,0.000000,78.000000,47.000000,65.000000,78.000000,47.000000,65.000000,
0.616354,0.001000,0.000000,0.000000,2547.000000,0.000000,78.000000,47.000000,65.000000,78.000000,47.000000,65.000000,
0.645697,0.001000,0.000000,0.000000,2547.000000,0.000000,78.000000,47.000000,65.000000,78.000000,47.000000,65.000000,
0.668280,0.001000,0.000000,0.000000,2547.000000,0.000000,78.000000,47.000000,65.000000,78.000000,47.000000,65.000000,
0.700899,0.001000,0.000000,0.000000,2547.000000,0.000000,78.000000,47.000000,65.000000,78.000000,47.000000,65.000000,
0.734028,0.001000,0.000000,0.000000,2547.000000,0.000000,78.000000,47.000000,65.000000,78.000000,47.000000,65.000000,
0.759583,0.001000,0.000000,0.000000,2547.000000,0.000000,78.000000,47.000000,65.000000,78.000000,47.000000,65.000000,
0.789584,0.001000,0.000000,0.000000,2547.000000,0.000000,78.000000,47.000000,65.000000,78.000000,47.000000,65.000000,
0.812665,0.001000,0.000000,0.000000,2547.000000,0.000000,78.000000,47.000000,65.000000,78.000000,47.000000,65.000000,
0.837198,0.001000,0.000000,0.000000,2547.000000,0.000000,78.000000,47.000000,65.000000,78.000000,47.000000,65.000000,
0.864040,0.001000,0.000000,0.000000,2547.000000,0.000000,78.000000,47.000000,65.000000,78.000000,47.000000,65.000000,
0.899869,0.001000,0.000000,0.000000,2547.000000,0.000000,78.000000,47.000000,65.000000,78.000000,47.000000,65.000000,
0.923330,0.001000,0.000000,0.000000,2547.000000,0.000000,78.000000,47.000000,65.000000,78.000000,47.000000,65.000000,
0.955911,0.001000,0.000000,0.000000,2547.000000,0.000000,78.000000,47.000000,65.000000,78.000000,47.000000,65.000000,
0.988062,0.001000,0.000000,0.000000,2547.000000,0.000000,78.000000,47.000000,65.000000,78.000000,47.000000,65.000000,
1.015919,0.001000,0.000000,0.000000,2547.000000,0.000000,78.000000,47.000000,65.000000,78.000000,47.000000,65.000000,
1.046584,0.001000,0.000000,0.000000,2547.000000,0.000000,78.000000,47.000000,65.000000,78.000000,47.000000,65.000000,
1.069156,0.001000,0.000000,0.000000,2547.000000,0.000000,78.000000,47.000000,65.000000,78.000000,47.000000,65.000000,
1.102170,0.001000,0.000000,0.000000,2547.000000,0.000000,78.000000,47.000000,65.000000,78.000000,47.000000,65.000000,
1.136262,0.001000,0.000000,0.000000,2547.000000,0.000000,78.000000,47.000000,65.000000,78.000000,47.000000,65.000000,
1.160412,0.001000,0.000000,0.000000,2547.000000,0.000000,78.000000,47.000000,65.000000,78.000000,47.000000,65.000000,
1.192309,0.001000,0.000000,0.000000,2547.000000,0.000000,78.000000,47.000000,65.000000,78.000000,47.000000,65.000000,
1.228156,0.001000,0.000000,0.000000,2547.000000,0.000000,78.000000,47.000000,65.000000,78.000000,47.000000,65.000000,
1.266158,0.001000,0.000000,0.000000,2547.000000,0.000000,78.000000,47.000000,65.000000,78.000000,47.000000,65.000000,
1.298554,0.001000,0.000000,0.000000,2547.000000,0.000000,78.000000,47.000000,65.000000,78.000000,47.000000,65.000000,
1.320993,0.001000,0.000000,0.000000,2547.000000,0.000000,78.000000,47.000000,65.000000,78.000000,47.000000,65.000000,
1.345967,0.001000,0.000000,0.000000,2547.000000,0.000000,78.000000,47.000000,65.000000,78.000000,47.000000,65.000000,
1.375249,0.001000,0.000000,0.000000,2547.000000,0.000000,78.000000,47.000000,65.000000,78.000000,47.000000,65.000000,
1.428549,0.001000,0.000000,0.000000,2547.000000,0.000000,78.000000,47.000000,65.000000,78.000000,47.000000,65.000000,
1.451911,0.001000,0.000000,0.000000,2547.000000,0.000000,78.000000,47.000000,65.000000,78.000000,47.000000,65.000000,
1.484781,0.001000,0.000000,0.000000,2547.000000,0.000000,78.000000,47.000000,65.000000,78.000000,47.000000,65.000000,
1.510490,0.001000,0.000000,0.000000,2547.000000,0.000000,78.000000,47.000000,65.000000,78.000000,47.000000,65.000000,
1.540241,0.001000,0.000000,0.000000,2547.000000,0.000000,78.000000,47.000000,65.000000,78.000000,47.000000,65.000000,
1.563038,0.001000,0.000000,0.000000,2547.000000,0.000000,78.000000,47.000000,65.000000,78.000000,47.000000,65.000000,
1.587312,0.001000,0.000000,0.000000,2547.000000,0.000000,78.000000,47.000000,65.000000,78.000000,47.000000,65.000000,
1.609622,0.001000,0.000000,0.000000,2547.000000,0.000000,78.000000,47.000000,65.000000,78.000000,47.000000,65.000000,
1.632365,0.001000,0.000000,0.000000,2547.000000,0.000000,78.000000,47.000000,65.000000,78.000000,47.000000,65.000000,
1.656137,0.001000,0.000000,0.000000,2547.000000,0.000000,78.000000,47.000000,65.000000,78.000000,47.000000,65.000000,
1.686200,0.001000,0.000000,0.000000,2547.000000,0.000000,78.000000,47.000000,65.000000,78.000000,47.000000,65.000000,
1.709653,0.001000,0.000000,0.000000,2553.000000,0.000000,78.000000,47.000000,65.000000,78.000000,47.000000,65.000000,
1.740014,0.001000,0.000000,0.000000,2554.000000,0.000000,78.000000,47.000000,65.000000,78.000000,47.000000,65.000000,
1.770629,0.001000,0.000000,0.000000,2554.000000,0.000000,78.000000,47.000000,65.000000,78.000000,47.000000,65.000000,
1.797093,0.001000,0.000000,0.000000,2554.000000,0.000000,78.000000,47.000000,65.000000,78.000000,47.000000,65.000000,
1.826251,0.001000,0.000000,0.000000,2550.000000,0.000000,78.000000,47.000000,65.000000,78.000000,47.000000,65.000000,
1.859773,0.001000,0.000000,0.000000,2557.000000,0.000000,78.000000,47.000000,65.000000,78.000000,47.000000,65.000000,
1.882754,0.001000,0.000000,0.000000,2575.000000,0.000000,78.000000,47.000000,65.000000,78.000000,47.000000,65.000000,
1.915476,0.001000,0.000000,0.000000,2572.000000,0.000000,78.000000,47.000000,65.000000,78.000000,47.000000,65.000000,
1.946413,0.001000,0.000000,0.000000,2572.000000,0.000000,78.000000,47.000000,65.000000,78.000000,47.000000,65.000000,
1.971102,0.001000,0.000000,0.000000,2572.000000,0.000000,78.000000,47.000000,65.000000,78.000000,47.000000,65.000000,
2.002912,0.001000,0.000000,0.000000,2572.000000,0.000000,78.000000,47.000000,65.000000,78.000000,47.000000,65.000000,
2.034559,0.001000,0.000000,0.000000,2601.000000,0.000000,78.000000,47.000000,65.000000,78.000000,47.000000,65.000000,
2.058566,0.001000,0.000000,0.000000,2608.000000,0.000000,78.000000,47.000000,65.000000,78.000000,47.000000,65.000000,
2.088337,0.001000,0.000000,0.000000,2630.000000,0.000000,78.000000,47.000000,65.000000,78.000000,47.000000,65.000000,
2.114541,0.001000,0.000000,0.000000,2645.000000,0.000000,78.000000,47.000000,65.000000,78.000000,47.000000,65.000000,
2.143869,0.001000,0.000000,0.000000,2669.000000,0.000000,78.000000,47.000000,65.000000,78.000000,47.000000,65.000000,
2.166391,0.001000,0.000000,0.000000,2672.000000,0.000000,78.000000,47.000000,65.000000,78.000000,47.000000,65.000000,
2.199627,0.001000,0.000000,0.000000,2672.000000,0.000000,78.000000,47.000000,65.000000,78.000000,47.000000,65.000000,
2.230765,0.001000,0.000000,0.000000,2706.000000,0.000000,78.000000,47.000000,65.000000,78.000000,47.000000,65.000000,
2.256419,0.001000,0.000000,0.000000,2739.000000,0.000000,78.000000,47.000000,65.000000,78.000000,47.000000,65.000000,
2.286040,0.001000,0.000000,0.000000,2761.000000,0.000000,78.000000,47.000000,65.000000,78.000000,47.000000,65.000000,
2.308087,0.001000,0.000000,0.000000,2785.000000,0.000000,78.000000,47.000000,65.000000,78.000000,47.000000,65.000000,
2.337444,0.001000,0.000000,0.000000,2793.000000,0.000000,78.000000,47.000000,65.000000,78.000000,47.000000,65.000000,
2.397254,0.001000,0.000000,0.000000,2767.000000,0.000000,78.000000,47.000000,65.000000,78.000000,47.000000,65.000000,
2.419699,0.001000,0.000000,0.000000,2759.000000,0.000000,78.000000,47.000000,65.000000,78.000000,47.000000,65.000000,
2.445202,0.001000,0.000000,0.000000,2714.000000,0.000000,78.000000,47.000000,65.000000,78.000000,47.000000,65.000000,
2.481102,0.001000,0.000000,0.000000,2615.000000,0.000000,78.000000,47.000000,65.000000,78.000000,47.000000,65.000000,
2.512198,0.001000,0.000000,0.000000,2558.000000,0.000000,78.000000,47.000000,65.000000,78.000000,47.000000,65.000000,
2.534696,0.001000,0.000000,0.000000,2558.000000,0.000000,78.000000,47.000000,65.000000,78.000000,47.000000,65.000000,
2.561173,0.001000,0.000000,0.000000,2557.000000,0.000000,78.000000,47.000000,65.000000,78.000000,47.000000,65.000000,
2.583734,0.001000,0.000000,0.000000,2557.000000,0.000000,78.000000,47.000000,65.000000,78.000000,47.000000,65.000000,
2.607847,0.001000,0.000000,0.000000,2561.000000,0.000000,78.000000,47.000000,65.000000,78.000000,47.000000,65.000000,
2.632075,0.001000,0.000000,0.000000,2562.000000,0.000000,78.000000,47.000000,65.000000,78.000000,47.000000,65.000000,
2.654601,0.001000,0.000000,0.000000,2562.000000,0.000000,78.000000,47.000000,65.000000,78.000000,47.000000,65.000000,
2.682634,0.001000,0.000000,0.000000,2562.000000,0.000000,78.000000,47.000000,65.000000,78.000000,47.000000,65.000000,
2.706689,0.001000,0.000000,0.000000,2562.000000,0.000000,78.000000,47.000000,65.000000,78.000000,47.000000,65.000000,
2.736377,0.001000,0.000000,0.000000,2553.000000,0.000000,78.000000,47.000000,65.000000,78.000000,47.000000,65.000000,
2.770662,0.001000,0.000000,0.000000,2527.000000,0.000000,78.000000,47.000000,65.000000,78.000000,47.000000,65.000000,
2.795222,0.001000,0.000000,0.000000,2517.000000,0.000000,78.000000,47.000000,65.000000,78.000000,47.000000,65.000000,
2.825440,0.001000,0.000000,0.000000,2504.000000,0.000000,78.000000,47.000000,65.000000,78.000000,47.000000,65.000000,
2.857144,0.001000,0.000000,0.000000,2493.000000,0.000000,78.000000,47.000000,65.000000,78.000000,47.000000,65.000000,
2.881958,0.001000,0.000000,0.000000,2483.000000,0.000000,78.000000,47.000000,65.000000,78.000000,47.000000,65.000000,
2.913093,0.001000,0.000000,0.000000,2485.000000,0.000000,78.000000,47.000000,65.000000,78.000000,47.000000,65.000000,
2.945252,0.001000,0.000000,0.000000,2485.000000,0.000000,78.000000,47.000000,65.000000,78.000000,47.000000,65.000000,
2.967938,0.001000,0.000000,0.000000,2485.000000,0.000000,78.000000,47.000000,65.000000,78.000000,47.000000,65.000000,
3.002413,0.001000,0.000000,0.000000,2485.000000,0.000000,78.000000,47.000000,65.000000,78.000000,47.000000,65.000000,
3.030432,0.001000,0.000000,0.000000,2485.000000,0.000000,78.000000,47.000000,65.000000,78.000000,47.000000,65.000000,
3.056676,0.001000,0.000000,0.000000,2485.000000,0.000000,78.000000,47.000000,65.000000,78.000000,47.000000,65.000000,
3.086537,0.001000,0.000000,0.000000,2485.000000,0.000000,78.000000,47.000000,65.000000,78.000000,47.000000,65.000000,
3.109261,0.001000,0.000000,0.000000,2485.000000,0.000000,78.000000,47.000000,65.000000,78.000000,47.000000,65.000000,
3.137484,0.001000,0.000000,0.000000,2485.000000,0.000000,78.000000,47.000000,65.000000,78.000000,47.000000,65.000000,
3.165594,0.001000,0.000000,0.000000,2485.000000,0.000000,78.000000,47.000000,65.000000,78.000000,47.000000,65.000000,
3.192987,0.001000,0.000000,0.000000,2485.000000,0.000000,78.000000,47.000000,65.000000,78.000000,47.000000,65.000000,
3.215749,0.001000,0.000000,0.000000,2485.000000,0.000000,78.000000,47.000000,65.000000,78.000000,47.000000,65.000000,
3.247173,0.001000,0.000000,0.000000,2485.000000,0.000000,78.000000,47.000000,65.000000,78.000000,47.000000,65.000000,
3.276540,0.001000,0.000000,0.000000,2485.000000,0.000000,78.000000,47.000000,65.000000,78.000000,47.000000,65.000000,
3.303379,0.001000,0.000000,0.000000,2485.000000,0.000000,78.000000,47.000000,65.000000,78.000000,47.000000,65.000000,
3.331727,0.001000,0.000000,0.000000,2486.000000,0.000000,78.000000,47.000000,65.000000,78.000000,47.000000,65.000000,
3.354019,0.001000,0.000000,0.000000,2486.000000,0.000000,78.000000,47.000000,65.000000,78.000000,47.000000,65.000000,
3.382724,0.001000,0.000000,0.000000,2486.000000,0.000000,78.000000,47.000000,65.000000,78.000000,47.000000,65.000000,
3.407418,0.001000,0.000000,0.000000,2486.000000,0.000000,78.000000,47.000000,65.000000,78.000000,47.000000,65.000000,
3.439285,0.001000,0.000000,0.000000,2486.000000,0.000000,78.000000,47.000000,65.000000,78.000000,47.000000,65.000000,
3.471560,0.001000,0.000000,0.000000,2486.000000,0.000000,78.000000,47.000000,65.000000,78.000000,47.000000,65.000000,
3.512644,0.001000,0.000000,0.000000,2483.000000,0.000000,78.000000,47.000000,65.000000,78.000000,47.000000,65.000000,
3.543272,0.001000,0.000000,0.000000,2480.000000,0.000000,78.000000,47.000000,65.000000,78.000000,47.000000,65.000000,
3.576697,0.001000,0.000000,0.000000,2479.000000,0.000000,78.000000,47.000000,65.000000,78.000000,47.000000,65.000000,
3.599408,0.001000,0.000000,0.000000,2466.000000,0.000000,78.000000,47.000000,65.000000,78.000000,47.000000,65.000000,
3.632559,0.001000,0.000000,0.000000,2461.000000,0.000000,78.000000,47.000000,65.000000,78.000000,47.000000,65.000000,
3.662847,0.001000,0.000000,0.000000,2461.000000,0.000000,78.000000,47.000000,65.000000,78.000000,47.000000,65.000000,
3.687229,0.001000,0.000000,0.000000,2442.000000,0.000000,78.000000,47.000000,65.000000,78.000000,47.000000,65.000000,
3.712153,0.001000,0.000000,0.000000,2437.000000,0.000000,78.000000,47.000000,65.000000,78.000000,47.000000,65.000000,
3.736662,0.001000,0.000000,0.000000,2435.000000,0.000000,78.000000,47.000000,65.000000,78.000000,47.000000,65.000000,
3.769153,0.001000,0.000000,0.000000,2433.000000,0.000000,78.000000,47.000000,65.000000,78.000000,47.000000,65.000000,
3.796486,0.001000,0.000000,0.000000,2435.000000,0.000000,78.000000,47.000000,65.000000,78.000000,47.000000,65.000000,
3.826354,0.001000,0.000000,0.000000,2433.000000,0.000000,78.000000,47.000000,65.000000,78.000000,47.000000,65.000000,
3.859490,0.001000,0.000000,0.000000,2433.000000,0.000000,78.000000,47.000000,65.000000,78.000000,47.000000,65.000000,
3.882577,0.001000,0.000000,0.000000,2433.000000,0.000000,78.000000,47.000000,65.000000,78.000000,47.000000,65.000000,
3.921818,0.001000,0.000000,0.000000,2433.000000,0.000000,78.000000,47.000000,65.000000,78.000000,47.000000,65.000000,
3.962842,0.001000,0.000000,0.000000,2433.000000,0.000000,78.000000,47.000000,65.000000,78.000000,47.000000,65.000000,
3.992199,0.001000,0.000000,0.000000,2433.000000,0.000000,78.000000,47.000000,65.000000,78.000000,47.000000,65.000000,
4.027308,0.001000,0.000000,0.000000,2433.000000,0.000000,78.000000,47.000000,65.000000,78.000000,47.000000,65.000000,
4.060402,0.001000,0.000000,0.000000,2433.000000,0.000000,78.000000,47.000000,65.000000,78.000000,47.000000,65.000000,
4.083549,0.001000,0.000000,0.000000,2433.000000,0.000000,78.000000,47.000000,65.000000,78.000000,47.000000,65.000000,
4.113953,0.001000,0.000000,0.000000,2433.000000,0.000000,78.000000,47.000000,65.000000,78.000000,47.000000,65.000000,
4.145136,0.001000,0.000000,0.000000,2433.000000,0.000000,78.000000,47.000000,65.000000,78.000000,47.000000,65.000000,
4.174631,0.001000,0.000000,0.000000,2433.000000,0.000000,78.000000,47.000000,65.000000,78.000000,47.000000,65.000000,
4.213336,0.001000,0.000000,0.000000,2433.000000,0.000000,78.000000,47.000000,65.000000,78.000000,47.000000,65.000000,
4.247256,0.001000,0.000000,0.000000,2433.000000,0.000000,78.000000,47.000000,65.000000,78.000000,47.000000,65.000000,
4.269510,0.001000,0.000000,0.000000,2433.000000,0.000000,78.000000,47.000000,65.000000,78.000000,47.000000,65.000000,
4.300328,0.001000,0.000000,0.000000,2433.000000,0.000000,78.000000,47.000000,65.000000,78.000000,47.000000,65.000000,
4.325330,0.001000,0.000000,0.000000,2434.000000,0.000000,78.000000,47.000000,65.000000,78.000000,47.000000,65.000000,
4.355847,0.001000,0.000000,0.000000,2434.000000,0.000000,78.000000,47.000000,65.000000,78.000000,47.000000,65.000000,
4.389394,0.001000,0.000000,0.000000,2437.000000,0.000000,78.000000,47.000000,65.000000,78.000000,47.000000,65.000000,
4.426752,0.001000,0.000000,0.000000,2437.000000,0.000000,78.000000,47.000000,65.000000,78.000000,47.000000,65.000000,
4.459296,0.001000,0.000000,0.000000,2441.000000,0.000000,78.000000,47.000000,65.000000,78.000000,47.000000,65.000000,
4.482023,0.001000,0.000000,0.000000,2502.000000,0.000000,78.000000,47.000000,65.000000,78.000000,47.000000,65.000000,
4.513894,0.001000,0.000000,0.000000,2502.000000,0.000000,78.000000,47.000000,65.000000,78.000000,47.000000,65.000000,
4.545822,0.001000,0.000000,0.000000,2502.000000,0.000000,78.000000,47.000000,65.000000,78.000000,47.000000,65.000000,
4.570353,0.001000,0.000000,0.000000,2502.000000,0.000000,78.000000,47.000000,65.000000,78.000000,47.000000,65.000000,
4.600567,0.001000,0.000000,0.000000,2502.000000,0.000000,78.000000,47.000000,65.000000,78.000000,47.000000,65.000000,
4.623710,0.001000,0.000000,0.000000,2502.000000,0.000000,78.000000,47.000000,65.000000,78.000000,47.000000,65.000000,
4.654890,0.001000,0.000000,0.000000,2494.000000,0.000000,78.000000,47.000000,65.000000,78.000000,47.000000,65.000000,
4.685733,0.001000,0.000000,0.000000,2489.000000,0.000000,78.000000,47.000000,65.000000,78.000000,47.000000,65.000000,
4.764820,0.001000,0.000000,0.000000,2442.000000,0.000000,78.000000,47.000000,65.000000,78.000000,47.000000,65.000000,
4.787466,0.001000,0.000000,0.000000,2440.000000,0.000000,78.000000,47.000000,65.000000,78.000000,47.000000,65.000000,
4.816852,0.001000,0.000000,0.000000,2428.000000,0.000000,78.000000,47.000000,65.000000,78.000000,47.000000,65.000000,
4.849410,0.001000,0.000000,0.000000,2411.000000,0.000000,78.000000,47.000000,65.000000,78.000000,47.000000,65.000000,
4.871805,0.001000,0.000000,0.000000,2406.000000,0.000000,78.000000,47.000000,65.000000,78.000000,47.000000,65.000000,
4.900904,0.001000,0.000000,0.000000,2405.000000,0.000000,78.000000,47.000000,65.000000,78.000000,47.000000,65.000000,
4.926604,0.001000,0.000000,0.000000,2357.000000,0.000000,78.000000,47.000000,65.000000,78.000000,47.000000,65.000000,
4.957743,0.001000,0.000000,0.000000,2350.000000,0.000000,78.000000,47.000000,65.000000,78.000000,47.000000,65.000000,
4.992493,0.001000,0.000000,0.000000,2336.000000,0.000000,78.000000,47.000000,65.000000,78.000000,47.000000,65.000000,
5.024218,0.001000,0.000000,0.000000,2320.000000,0.000000,78.000000,47.000000,65.000000,78.000000,47.000000,65.000000,
5.047445,0.001000,0.000000,0.000000,2305.000000,0.000000,78.000000,47.000000,65.000000,78.000000,47.000000,65.000000,
5.078590,0.001000,0.000000,0.000000,2298.000000,0.000000,78.000000,47.000000,65.000000,78.000000,47.000000,65.000000,
5.103493,0.001000,0.000000,0.000000,2291.000000,0.000000,78.000000,47.000000,65.000000,78.000000,47.000000,65.000000,
5.133479,0.001000,0.000000,0.000000,2291.000000,0.000000,78.000000,47.000000,65.000000,78.000000,47.000000,65.000000,
5.166734,0.001000,0.000000,0.000000,2291.000000,0.000000,78.000000,47.000000,65.000000,78.000000,47.000000,65.000000,
5.189132,0.001000,0.000000,0.000000,2290.000000,0.000000,78.000000,47.000000,65.000000,78.000000,47.000000,65.000000,
5.212902,0.001000,0.000000,0.000000,2284.000000,0.000000,78.000000,47.000000,65.000000,78.000000,47.000000,65.000000,
5.235526,0.001000,0.000000,0.000000,2284.000000,0.000000,78.000000,47.000000,65.000000,78.000000,47.000000,65.000000,
5.257850,0.001000,0.000000,0.000000,2283.000000,0.000000,78.000000,47.000000,65.000000,78.000000,47.000000,65.000000,
5.288227,0.001000,0.000000,0.000000,2282.000000,0.000000,78.000000,47.000000,65.000000,78.000000,47.000000,65.000000,
5.317131,0.001000,0.000000,0.000000,2282.000000,0.000000,78.000000,47.000000,65.000000,78.000000,47.000000,65.000000,
5.345115,0.001000,0.000000,0.000000,2280.000000,0.000000,78.000000,47.000000,65.000000,78.000000,47.000000,65.000000,
5.367270,0.001000,0.000000,0.000000,2288.000000,0.000000,78.000000,47.000000,65.000000,78.000000,47.000000,65.000000,
5.390862,0.001000,0.000000,0.000000,2314.000000,0.000000,78.000000,47.000000,65.000000,78.000000,47.000000,65.000000,
5.452247,0.001000,0.000000,0.000000,2332.000000,0.000000,78.000000,47.000000,65.000000,78.000000,47.000000,65.000000,
5.474786,0.001000,0.000000,0.000000,2322.000000,0.000000,78.000000,47.000000,65.000000,78.000000,47.000000,65.000000,
5.502197,0.001000,0.000000,0.000000,2321.000000,0.000000,78.000000,47.000000,65.000000,78.000000,47.000000,65.000000,
5.534963,0.001000,0.000000,0.000000,2322.000000,0.000000,78.000000,47.000000,65.000000,78.000000,47.000000,65.000000,
5.558382,0.001000,0.000000,0.000000,2322.000000,0.000000,78.000000,47.000000,65.000000,78.000000,47.000000,65.000000,
5.585216,0.001000,0.000000,0.000000,2322.000000,0.000000,78.000000,47.000000,65.000000,78.000000,47.000000,65.000000,
5.612453,0.001000,0.000000,0.000000,2322.000000,0.000000,78.000000,47.000000,65.000000,78.000000,47.000000,65.000000,
5.644760,0.001000,0.000000,0.000000,2322.000000,0.000000,78.000000,47.000000,65.000000,78.000000,47.000000,65.000000,
5.668536,0.001000,0.000000,0.000000,2322.000000,0.000000,78.000000,47.000000,65.000000,78.000000,47.000000,65.000000,
5.698980,0.001000,0.000000,0.000000,2322.000000,0.000000,78.000000,47.000000,65.000000,78.000000,47.000000,65.000000,
5.729370,0.001000,0.000000,0.000000,2322.000000,0.000000,78.000000,47.000000,65.000000,78.000000,47.000000,65.000000,
5.754782,0.001000,0.000000,0.000000,2322.000000,0.000000,78.000000,47.000000,65.000000,78.000000,47.000000,65.000000,
5.784621,0.001000,0.000000,0.000000,2322.000000,0.000000,78.000000,47.000000,65.000000,78.000000,47.000000,65.000000,
5.806800,0.001000,0.000000,0.000000,2322.000000,0.000000,78.000000,47.000000,65.000000,78.000000,47.000000,65.000000,
5.835286,0.001000,0.000000,0.000000,2322.000000,0.000000,78.000000,47.000000,65.000000,78.000000,47.000000,65.000000,
5.858934,0.001000,0.000000,0.000000,2322.000000,0.000000,78.000000,47.000000,65.000000,78.000000,47.000000,65.000000,
5.882081,0.001000,0.000000,0.000000,2322.000000,0.000000,78.000000,47.000000,65.000000,78.000000,47.000000,65.000000,
5.906773,0.001000,0.000000,0.000000,2322.000000,0.000000,78.000000,47.000000,65.000000,78.000000,47.000000,65.000000,
5.933316,0.001000,0.000000,0.000000,2322.000000,0.000000,78.000000,47.000000,65.000000,78.000000,47.000000,65.000000,
5.963437,0.001000,0.000000,0.000000,2322.000000,0.000000,78.000000,47.000000,65.000000,78.000000,47.000000,65.000000,
5.997496,0.001000,0.000000,0.000000,2322.000000,0.000000,78.000000,47.000000,65.000000,78.000000,47.000000,65.000000,
6.019648,0.001000,0.000000,0.000000,2322.000000,0.000000,78.000000,47.000000,65.000000,78.000000,47.000000,65.000000,
6.050555,0.001000,0.000000,0.000000,2322.000000,0.000000,78.000000,47.000000,65.000000,78.000000,47.000000,65.000000,
6.075243,0.001000,0.000000,0.000000,2322.000000,0.000000,78.000000,47.000000,65.000000,78.000000,47.000000,65.000000,
6.099642,0.001000,0.000000,0.000000,2322.000000,0.000000,78.000000,47.000000,65.000000,78.000000,47.000000,65.000000,
6.127269,0.001000,0.000000,0.000000,2322.000000,0.000000,78.000000,47.000000,65.000000,78.000000,47.000000,65.000000,
6.156959,0.001000,0.000000,0.000000,2322.000000,0.000000,78.000000,47.000000,65.000000,78.000000,47.000000,65.000000,
6.183511,0.001000,0.000000,0.000000,2322.000000,0.000000,78.000000,47.000000,65.000000,78.000000,47.000000,65.000000,
6.213132,0.001000,0.000000,0.000000,2321.000000,0.000000,78.000000,47.000000,65.000000,78.000000,47.000000,65.000000,
6.235547,0.001000,0.000000,0.000000,2321.000000,0.000000,78.000000,47.000000,65.000000,78.000000,47.000000,65.000000,
6.264591,0.001000,0.000000,0.000000,2321.000000,0.000000,78.000000,47.000000,65.000000,78.000000,47.000000,65.000000,
6.290380,0.001000,0.000000,0.000000,2321.000000,0.000000,78.000000,47.000000,65.000000,78.000000,47.000000,65.000000,
6.320315,0.001000,0.000000,0.000000,2321.000000,0.000000,78.000000,47.000000,65.000000,78.000000,47.000000,65.000000,
6.343078,0.001000,0.000000,0.000000,2321.000000,0.000000,78.000000,47.000000,65.000000,78.000000,47.000000,65.000000,
6.381046,0.001000,0.000000,0.000000,2317.000000,0.000000,78.000000,47.000000,65.000000,78.000000,47.000000,65.000000,
6.414935,0.001000,0.000000,0.000000,2302.000000,0.000000,78.000000,47.000000,65.000000,78.000000,47.000000,65.000000,
6.450960,0.001000,0.000000,0.000000,2270.000000,0.000000,78.000000,47.000000,65.000000,78.000000,47.000000,65.000000,
6.483349,0.001000,0.000000,0.000000,2212.000000,0.000000,78.000000,47.000000,65.000000,78.000000,47.000000,65.000000,
6.506815,0.001000,0.000000,0.000000,2169.000000,0.000000,78.000000,47.000000,65.000000,78.000000,47.000000,65.000000,
6.536498,0.001000,0.000000,0.000000,2163.000000,0.000000,78.000000,47.000000,65.000000,78.000000,47.000000,65.000000,
6.598528,0.001000,0.000000,0.000000,2151.000000,0.000000,78.000000,47.000000,65.000000,78.000000,47.000000,65.000000,
6.647484,0.001000,0.000000,0.000000,2144.000000,0.000000,78.000000,47.000000,65.000000,78.000000,47.000000,65.000000,
6.669737,0.001000,0.000000,0.000000,2140.000000,0.000000,78.000000,47.000000,65.000000,78.000000,47.000000,65.000000,
6.697475,0.001000,0.000000,0.000000,2140.000000,0.000000,78.000000,47.000000,65.000000,78.000000,47.000000,65.000000,
6.732354,0.001000,0.000000,0.000000,2140.000000,0.000000,78.000000,47.000000,65.000000,78.000000,47.000000,65.000000,
6.771122,0.001000,0.000000,0.000000,2140.000000,0.000000,78.000000,47.000000,65.000000,78.000000,47.000000,65.000000,
6.803215,0.001000,0.000000,0.000000,2140.000000,0.000000,78.000000,47.000000,65.000000,78.000000,47.000000,65.000000,
6.825705,0.001000,0.000000,0.000000,2140.000000,0.000000,78.000000,47.000000,65.000000,78.000000,47.000000,65.000000,
6.857937,0.001000,0.000000,0.000000,2137.000000,0.000000,78.000000,47.000000,65.000000,78.000000,47.000000,65.000000,
6.888458,0.001000,0.000000,0.000000,2105.000000,0.000000,78.000000,47.000000,65.000000,78.000000,47.000000,65.000000,
6.914721,0.001000,0.000000,0.000000,2105.000000,0.000000,78.000000,47.000000,65.000000,78.000000,47.000000,65.000000,
6.946616,0.001000,0.000000,0.000000,2105.000000,0.000000,78.000000,47.000000,65.000000,78.000000,47.000000,65.000000,
6.979749,0.001000,0.000000,0.000000,2105.000000,0.000000,78.000000,47.000000,65.000000,78.000000,47.000000,65.000000,
7.001976,0.001000,0.000000,0.000000,2102.000000,0.000000,78.000000,47.000000,65.000000,78.000000,47.000000,65.000000,
7.029211,0.001000,0.000000,0.000000,2100.000000,0.000000,78.000000,47.000000,65.000000,78.000000,47.000000,65.000000,
7.053005,0.001000,0.000000,0.000000,2100.000000,0.000000,78.000000,47.000000,65.000000,78.000000,47.000000,65.000000,
7.075577,0.001000,0.000000,0.000000,2099.000000,0.000000,78.000000,47.000000,65.000000,78.000000,47.000000,65.000000,
7.103598,0.001000,0.000000,0.000000,2083.000000,0.000000,78.000000,47.000000,65.000000,78.000000,47.000000,65.000000,
7.130126,0.001000,0.000000,0.000000,2091.000000,0.000000,78.000000,47.000000,65.000000,78.000000,47.000000,65.000000,
7.158076,0.001000,0.000000,0.000000,2091.000000,0.000000,78.000000,47.000000,65.000000,78.000000,47.000000,65.000000,
7.181056,0.001000,0.000000,0.000000,2091.000000,0.000000,78.000000,47.000000,65.000000,78.000000,47.000000,65.000000,
7.212453,0.001000,0.000000,0.000000,2091.000000,0.000000,78.000000,47.000000,65.000000,78.000000,47.000000,65.000000,
7.243819,0.001000,0.000000,0.000000,2091.000000,0.000000,78.000000,47.000000,65.000000,78.000000,47.000000,65.000000,
7.269959,0.001000,0.000000,0.000000,2091.000000,0.000000,78.000000,47.000000,65.000000,78.000000,47.000000,65.000000,
7.299594,0.001000,0.000000,0.000000,2091.000000,0.000000,78.000000,47.000000,65.000000,78.000000,47.000000,65.000000,
7.323015,0.001000,0.000000,0.000000,2091.000000,0.000000,78.000000,47.000000,65.000000,78.000000,47.000000,65.000000,
7.350163,0.001000,0.000000,0.000000,2091.000000,0.000000,78.000000,47.000000,65.000000,78.000000,47.000000,65.000000,
7.374514,0.001000,0.000000,0.000000,2091.000000,0.000000,78.000000,47.000000,65.000000,78.000000,47.000000,65.000000,
7.397922,0.001000,0.000000,0.000000,2091.000000,0.000000,78.000000,47.000000,65.000000,78.000000,47.000000,65.000000,
7.424317,0.001000,0.000000,0.000000,2091.000000,0.000000,78.000000,47.000000,65.000000,78.000000,47.000000,65.000000,
7.476650,0.001000,0.000000,0.000000,2091.000000,0.000000,78.000000,47.000000,65.000000,78.000000,47.000000,65.000000,
7.505639,0.001000,0.000000,0.000000,2091.000000,0.000000,78.000000,47.000000,65.000000,78.000000,47.000000,65.000000,
7.539539,0.001000,0.000000,0.000000,2091.000000,0.000000,78.000000,47.000000,65.000000,78.000000,47.000000,65.000000,
7.574881,0.001000,0.000000,0.000000,2091.000000,0.000000,78.000000,47.000000,65.000000,78.000000,47.000000,65.000000,
7.598197,0.001000,0.000000,0.000000,2091.000000,0.000000,78.000000,47.000000,65.000000,78.000000,47.000000,65.000000,
7.625902,0.001000,0.000000,0.000000,2091.000000,0.000000,78.000000,47.000000,65.000000,78.000000,47.000000,65.000000,
7.651218,0.001000,0.000000,0.000000,2091.000000,0.000000,78.000000,47.000000,65.000000,78.000000,47.000000,65.000000,
7.681517,0.001000,0.000000,0.000000,2091.000000,0.000000,78.000000,47.000000,65.000000,78.000000,47.000000,65.000000,
7.703749,0.001000,0.000000,0.000000,2091.000000,0.000000,78.000000,47.000000,65.000000,78.000000,47.000000,65.000000,
7.728094,0.001000,0.000000,0.000000,2091.000000,0.000000,78.000000,47.000000,65.000000,78.000000,47.000000,65.000000,
8.088401,0.601000,0.601000,0.184925,2091.000000,-176.221062,5.993134,0.000000,
8.139132,1.201000,1.201000,0.369542,2091.000000,-176.221062,5.993134,0.000000,
8.164163,1.801000,1.801000,0.554159,2091.000000,-176.221062,5.993136,0.000000,
8.189430,2.401000,2.401000,0.738777,2091.000000,-176.221062,5.993133,0.000000,
8.227094,3.001000,3.001000,0.923394,2091.000000,-176.221062,5.993135,0.000000,
8.251526,3.601000,3.601000,1.108011,2091.000000,-176.221062,5.993131,0.000000,
8.283182,4.201000,4.201000,1.292628,2091.000000,-176.221062,5.993138,0.000000,
8.309742,4.801000,4.801000,1.481989,2093.000000,-176.045281,5.870518,0.000000,
8.335786,5.401000,5.401000,1.669864,2094.000000,-175.957391,5.809710,0.000000,
8.360840,6.000999,6.000999,1.855371,2094.000000,-175.957391,5.809709,0.000000,
8.384719,6.600999,6.600999,2.040877,2094.000000,-175.957391,5.809708,0.000000,
8.418796,7.200999,7.200999,2.226383,2094.000000,-175.957391,5.809707,0.000000,
8.452645,7.800999,7.800999,2.411889,2094.000000,-175.957391,5.809707,0.000000,
8.478947,8.400999,8.400999,2.597395,2094.000000,-175.957391,5.809706,0.000000,
8.507618,9.000999,9.000999,2.782901,2094.000000,-175.957391,5.809709,0.000000,
8.532651,9.601000,9.601000,2.968408,2094.000000,-175.957391,5.809711,0.000000,
8.563068,10.201000,10.201000,3.153914,2094.000000,-175.957391,5.809706,0.000000,
8.594582,10.801001,10.801001,3.339420,2094.000000,-175.957391,5.809708,0.000000,
8.620347,11.401001,11.401001,3.524926,2094.000000,-175.957391,5.809710,0.000000,
8.648659,12.001001,12.001001,3.710433,2094.000000,-175.957391,5.809712,0.000000,
8.672485,12.601002,12.601002,3.895939,2094.000000,-175.957391,5.809708,0.000000,
8.705394,13.201002,13.201002,4.081445,2094.000000,-175.957391,5.809710,0.000000,
8.730661,13.801003,13.801003,4.266952,2094.000000,-175.957391,5.809711,0.000000,
8.768116,14.401003,14.401003,4.452458,2094.000000,-175.957391,5.809713,0.000000,
8.801649,15.001003,15.001003,4.593493,2088.000000,-176.484733,6.180053,0.000000,
8.838721,15.601004,5.725724,15.601004,2041.000000,179.384415,0.000000,38.382337,
8.862902,16.201004,5.966019,16.201004,2037.000000,179.032853,0.000000,37.439796,
8.890078,16.801004,6.285927,16.801004,2018.000000,177.362935,0.000000,33.292712,
8.916827,17.401005,6.602115,17.401005,2001.000000,175.868797,0.000000,29.992049,
8.947914,18.001005,6.874404,18.001005,1993.000000,175.165674,0.000000,28.556482,
9.007770,20.000000,20.000000,5.975294,2073.000000,-177.803090,7.165938,0.000000,
9.038658,20.000000,20.000000,5.975294,2073.000000,-177.803090,7.165938,0.000000,
9.072723,20.000000,20.000000,5.985250,2074.000000,-177.715200,7.097327,0.000000,
9.105159,20.000000,20.000000,5.975294,2073.000000,-177.803090,7.165938,0.000000,
9.136685,20.000000,20.000000,5.975294,2073.000000,-177.803090,7.165938,0.000000,
9.167665,20.000000,20.000000,5.975294,2073.000000,-177.803090,7.165938,0.000000,
9.194287,20.000000,20.000000,6.015120,2077.000000,-177.451528,6.894372,0.000000,
9.222966,20.000000,20.000000,6.064796,2082.000000,-177.012076,6.563919,0.000000,
9.247072,20.000000,20.000000,6.094551,2085.000000,-176.748405,6.370392,0.000000,
9.278638,20.000000,20.000000,6.094551,2085.000000,-176.748405,6.370392,0.000000,
9.309520,20.000000,20.000000,6.094551,2085.000000,-176.748405,6.370392,0.000000,
9.335206,20.000000,20.000000,6.124249,2088.000000,-176.484733,6.180055,0.000000,
9.364997,20.000000,20.000000,6.124249,2088.000000,-176.484733,6.180055,0.000000,
9.388635,20.000000,20.000000,6.124249,2088.000000,-176.484733,6.180055,0.000000,
9.419091,20.000000,20.000000,6.124249,2088.000000,-176.484733,6.180055,0.000000,
9.449942,20.000000,20.000000,6.134138,2089.000000,-176.396843,6.117356,0.000000,
9.475886,20.000000,20.000000,6.134138,2089.000000,-176.396843,6.117356,0.000000,
9.507359,20.000000,20.000000,6.134138,2089.000000,-176.396843,6.117356,0.000000,
9.531347,20.000000,20.000000,6.134138,2089.000000,-176.396843,6.117356,0.000000,
9.558731,20.000000,20.000000,6.134138,2089.000000,-176.396843,6.117356,0.000000,
9.584029,20.000000,20.000000,6.134138,2089.000000,-176.396843,6.117356,0.000000,
9.612928,20.000000,20.000000,6.153908,2091.000000,-176.221062,5.993135,0.000000,
9.636230,20.000000,20.000000,6.193399,2095.000000,-175.869500,5.749188,0.000000,
9.668470,20.000000,20.000000,6.203260,2096.000000,-175.781610,5.689094,0.000000,
9.699724,20.000000,20.000000,6.252489,2101.000000,-175.342158,5.393792,0.000000,
9.724616,20.000000,20.000000,6.252489,2101.000000,-175.342158,5.393792,0.000000,
9.748983,20.000000,20.000000,6.252489,2101.000000,-175.342158,5.393792,0.000000,
9.777860,20.000000,20.000000,6.340790,2110.000000,-174.551143,4.883403,0.000000,
9.808404,20.000000,20.000000,6.340790,2110.000000,-174.551143,4.883403,0.000000,
9.838752,20.000000,20.000000,6.340790,2110.000000,-174.551143,4.883403,0.000000,
9.870001,20.000000,20.000000,6.340790,2110.000000,-174.551143,4.883403,0.000000,
9.896539,20.000000,20.000000,6.340790,2110.000000,-174.551143,4.883403,0.000000,
9.925525,20.000000,20.000000,6.340790,2110.000000,-174.551143,4.883403,0.000000,
9.952599,20.000000,20.000000,6.340790,2110.000000,-174.551143,4.883403,0.000000,
9.984567,20.000000,20.000000,6.340790,2110.000000,-174.551143,4.883403,0.000000,
10.016903,20.000000,20.000000,6.340790,2110.000000,-174.551143,4.883403,0.000000,
10.040505,20.000000,20.000000,6.340790,2110.000000,-174.551143,4.883403,0.000000,
10.073892,20.000000,20.000000,6.340790,2110.000000,-174.551143,4.883403,0.000000,
10.101692,20.000000,20.000000,6.340790,2110.000000,-174.551143,4.883403,0.000000,
10.125972,20.000000,20.000000,6.340790,2110.000000,-174.551143,4.883403,0.000000,
10.160159,20.000000,20.000000,6.399460,2116.000000,-174.023801,4.557989,0.000000,
10.186449,20.000000,20.000000,6.535702,2130.000000,-172.793334,3.841528,0.000000,
10.222646,20.000000,20.000000,6.613150,2138.000000,-172.090211,3.457609,0.000000,
10.256292,0.001000,0.000000,0.000000,2159.000000,-172.090211,3.457609,0.000000,
10.289318,0.001000,0.000000,0.000000,2179.000000,-172.090211,3.457609,0.000000,
10.312586,0.001000,0.000000,0.000000,2192.000000,-172.090211,3.457609,0.000000,
10.346430,0.601000,0.601000,0.213928,2191.000000,-167.432017,1.319806,0.000000,
10.377471,1.201000,1.201000,0.439334,2212.000000,-165.586317,0.639419,0.000000,
10.402140,0.001000,0.000000,0.000000,2224.000000,-165.586317,0.639419,0.000000,
10.432329,0.001000,0.000000,0.000000,2224.000000,-165.586317,0.639419,0.000000,
10.454745,0.001000,0.000000,0.000000,2223.000000,-165.586317,0.639419,0.000000,
10.483074,0.001000,0.000000,0.000000,2224.000000,-165.586317,0.639419,0.000000,
10.507108,0.001000,0.000000,0.000000,2224.000000,-165.586317,0.639419,0.000000,
10.531154,0.001000,0.000000,0.000000,2224.000000,-165.586317,0.639419,0.000000,
10.553879,0.001000,0.000000,0.000000,2224.000000,-165.586317,0.639419,0.000000,
10.578404,0.001000,0.000000,0.000000,2224.000000,-165.586317,0.639419,0.000000,
10.601532,0.001000,0.000000,0.000000,2229.000000,-165.586317,0.639419,0.000000,
10.631358,0.001000,0.000000,0.000000,2237.000000,-165.586317,0.639419,0.000000,
10.661850,0.001000,0.000000,0.000000,2241.000000,-165.586317,0.639419,0.000000,
10.686684,0.001000,0.000000,0.000000,2240.000000,-165.586317,0.639419,0.000000,
10.718565,0.001000,0.000000,0.000000,2239.000000,-165.586317,0.639419,0.000000,
10.750971,0.001000,0.000000,0.000000,2239.000000,-165.586317,0.639419,0.000000,
10.777194,0.601000,0.601000,0.227382,2239.000000,-163.213275,0.121020,0.000000,
10.805215,1.201000,1.201000,0.454385,2239.000000,-163.213275,0.121017,0.000000,
10.830010,1.801000,1.801000,0.681389,2239.000000,-163.213275,0.121023,0.000000,
10.853542,2.401000,2.401000,0.908393,2239.000000,-163.213275,0.121016,0.000000,
10.877750,3.001000,3.001000,1.135396,2239.000000,-163.213275,0.121014,0.000000,
10.902589,3.601000,3.601000,1.362400,2239.000000,-163.213275,0.121021,0.000000,
10.931877,4.201000,4.201000,1.589403,2239.000000,-163.213275,0.121018,0.000000,
10.955063,4.801000,4.801000,1.816407,2239.000000,-163.213275,0.121016,0.000000,
10.980326,5.401000,5.401000,2.043410,2239.000000,-163.213275,0.121021,0.000000,
11.005054,6.000999,6.000999,2.270414,2239.000000,-163.213275,0.121019,0.000000,
11.029689,6.600999,6.600999,2.497417,2239.000000,-163.213275,0.121017,0.000000,
11.056664,7.200999,7.200999,2.724421,2239.000000,-163.213275,0.121016,0.000000,
11.086837,7.800999,7.800999,2.951425,2239.000000,-163.213275,0.121015,0.000000,
11.135627,8.400999,8.400999,3.178428,2239.000000,-163.213275,0.121022,0.000000,
11.185334,9.000999,9.000999,3.405432,2239.000000,-163.213275,0.121019,0.000000,
11.210567,9.601000,9.601000,3.632436,2239.000000,-163.213275,0.121016,0.000000,
11.240712,10.201000,10.201000,3.859439,2239.000000,-163.213275,0.121020,0.000000,
11.271400,10.801001,10.801001,4.086443,2239.000000,-163.213275,0.121018,0.000000,
11.331909,16.201004,16.201004,6.233798,2253.000000,-161.982809,0.469887,0.000000,
11.355321,16.801004,16.801004,6.480063,2255.000000,-161.807028,0.517426,0.000000,
11.382995,17.401005,17.401005,6.822732,2269.000000,-160.576561,0.834481,0.000000,
11.416346,18.001005,18.001005,7.123435,2277.000000,-159.873438,1.003929,0.000000,
11.439788,18.601006,18.601006,7.369305,2278.000000,-159.785547,1.024567,0.000000,
11.468652,19.201006,19.201006,7.598305,2277.000000,-159.873438,1.003925,0.000000,
11.498031,19.801006,19.801006,7.745702,2267.000000,-160.752342,0.790888,0.000000,
11.521525,20.000000,20.000000,7.796192,2264.000000,-161.016014,0.724297,0.000000,
11.548574,20.000000,20.000000,7.796192,2264.000000,-161.016014,0.724297,0.000000,
11.579552,20.000000,20.000000,7.796192,2264.000000,-161.016014,0.724297,0.000000,
11.610575,20.000000,20.000000,7.814436,2266.000000,-160.840233,0.768754,0.000000,
11.641101,20.000000,20.000000,7.814436,2266.000000,-160.840233,0.768754,0.000000,
11.665697,20.000000,20.000000,7.814436,2266.000000,-160.840233,0.768754,0.000000,
11.699556,20.000000,20.000000,7.814436,2266.000000,-160.840233,0.768754,0.000000,
11.725729,20.000000,20.000000,7.814436,2266.000000,-160.840233,0.768754,0.000000,
11.749865,20.000000,20.000000,7.814436,2266.000000,-160.840233,0.768754,0.000000,
11.777358,20.000000,20.000000,7.814436,2266.000000,-160.840233,0.768754,0.000000,
11.808454,20.000000,20.000000,7.859964,2271.000000,-160.400780,0.877712,0.000000,
11.834490,20.000000,20.000000,7.869072,2272.000000,-160.312890,0.898932,0.000000,
11.866288,20.000000,20.000000,7.869072,2272.000000,-160.312890,0.898932,0.000000,
11.901092,20.000000,20.000000,7.869072,2272.000000,-160.312890,0.898932,0.000000,
11.925851,20.000000,20.000000,7.869072,2272.000000,-160.312890,0.898932,0.000000,
11.957930,20.000000,20.000000,7.869072,2272.000000,-160.312890,0.898932,0.000000,
11.989185,20.000000,20.000000,7.869072,2272.000000,-160.312890,0.898932,0.000000,
12.015971,20.000000,20.000000,7.869072,2272.000000,-160.312890,0.898932,0.000000,
12.047330,20.000000,20.000000,7.859964,2271.000000,-160.400780,0.877712,0.000000,
12.083151,20.000000,20.000000,7.823544,2267.000000,-160.752342,0.790889,0.000000,
12.106245,20.000000,20.000000,7.796192,2264.000000,-161.016014,0.724297,0.000000,
12.138450,20.000000,20.000000,7.759657,2260.000000,-161.367575,0.633750,0.000000,
12.168767,20.000000,20.000000,7.759657,2260.000000,-161.367575,0.633750,0.000000,
12.195635,20.000000,20.000000,7.787066,2263.000000,-161.103904,0.701850,0.000000,
12.226332,20.000000,20.000000,7.995987,2286.000000,-159.082424,1.184955,0.000000,
12.252058,20.000000,20.000000,7.995987,2286.000000,-159.082424,1.184955,0.000000,
12.283538,20.000000,20.000000,8.041124,2291.000000,-158.642971,1.281321,0.000000,
12.313571,20.000000,20.000000,8.041124,2291.000000,-158.642971,1.281321,0.000000,
12.340488,20.000000,20.000000,8.041124,2291.000000,-158.642971,1.281321,0.000000,
12.370715,20.000000,20.000000,8.041124,2291.000000,-158.642971,1.281321,0.000000,
12.394486,20.000000,20.000000,8.032103,2290.000000,-158.730862,1.262312,0.000000,
12.423716,20.000000,20.000000,8.032103,2290.000000,-158.730862,1.262312,0.000000,
12.455786,20.000000,20.000000,8.032103,2290.000000,-158.730862,1.262312,0.000000,
12.517481,20.000000,20.000000,7.400026,2221.000000,-164.795303,0.372371,0.000000,
12.541472,20.000000,20.000000,7.427912,2224.000000,-164.531632,0.286439,0.000000,
12.568703,20.000000,20.000000,7.427912,2224.000000,-164.531632,0.286439,0.000000,
12.602280,20.000000,20.000000,7.427912,2224.000000,-164.531632,0.286439,0.000000,
12.627073,20.000000,20.000000,7.372093,2218.000000,-165.058974,0.459698,0.000000,
12.657223,20.000000,20.000000,7.119055,2191.000000,-167.432017,1.319808,0.000000,
12.688133,20.000000,20.000000,6.986628,2177.000000,-168.662483,1.822215,0.000000,
12.715340,20.000000,20.000000,6.986628,2177.000000,-168.662483,1.822215,0.000000,
12.745013,20.000000,20.000000,6.986628,2177.000000,-168.662483,1.822215,0.000000,
12.778896,0.001000,0.000000,0.000000,2177.000000,-168.662483,1.822215,0.000000,
12.814590,0.001000,0.000000,0.000000,2177.000000,-168.662483,1.822215,0.000000,
12.837097,0.001000,0.000000,0.000000,2177.000000,-168.662483,1.822215,0.000000,
12.861370,0.001000,0.000000,0.000000,2177.000000,-168.662483,1.822215,0.000000,
12.888914,0.001000,0.000000,0.000000,2177.000000,-168.662483,1.822215,0.000000,
12.922554,0.001000,0.000000,0.000000,2177.000000,-168.662483,1.822215,0.000000,
12.946408,0.001000,0.000000,0.000000,2177.000000,-168.662483,1.822215,0.000000,
12.970633,0.001000,0.000000,0.000000,2177.000000,-168.662483,1.822215,0.000000,
12.995276,0.001000,0.000000,0.000000,2171.000000,-168.662483,1.822215,0.000000,
13.019007,0.001000,0.000000,0.000000,2179.000000,-168.662483,1.822215,0.000000,
13.050817,0.001000,0.000000,0.000000,2194.000000,-168.662483,1.822215,0.000000,
13.082165,0.001000,0.000000,0.000000,2212.000000,-168.662483,1.822215,0.000000,
13.108035,0.601000,0.601000,0.220131,2213.000000,-165.498427,0.609032,0.000000,
13.140822,1.201000,1.201000,0.439895,2213.000000,-165.498427,0.609030,0.000000,
13.166497,1.801000,1.801000,0.659659,2213.000000,-165.498427,0.609032,0.000000,
13.195775,2.401000,2.401000,0.879424,2213.000000,-165.498427,0.609034,0.000000,
13.226342,3.001000,3.001000,1.099188,2213.000000,-165.498427,0.609028,0.000000,
13.251637,3.601000,3.601000,1.318952,2213.000000,-165.498427,0.609033,0.000000,
13.302476,4.201000,4.201000,1.538716,2213.000000,-165.498427,0.609029,0.000000,
13.327184,4.801000,4.801000,1.758481,2213.000000,-165.498427,0.609032,0.000000,
13.359239,5.401000,5.401000,1.978245,2213.000000,-165.498427,0.609029,0.000000,
13.387675,6.000999,6.000999,2.198009,2213.000000,-165.498427,0.609027,0.000000,
13.413395,6.600999,6.600999,2.417774,2213.000000,-165.498427,0.609034,0.000000,
13.436913,7.200999,7.200999,2.637538,2213.000000,-165.498427,0.609032,0.000000,
13.464356,7.800999,7.800999,2.850011,2211.000000,-165.674208,0.669777,0.000000,
13.495968,8.400999,8.400999,3.069215,2211.000000,-165.674208,0.669783,0.000000,
13.523696,9.000999,9.000999,3.288419,2211.000000,-165.674208,0.669783,0.000000,
13.554119,9.601000,9.601000,3.507622,2211.000000,-165.674208,0.669776,0.000000,
13.578268,10.201000,10.201000,3.726826,2211.000000,-165.674208,0.669777,0.000000,
13.611548,10.801001,10.801001,3.946030,2211.000000,-165.674208,0.669777,0.000000,
13.643111,11.401001,11.401001,4.165234,2211.000000,-165.674208,0.669783,0.000000,
13.705732,18.001005,18.001005,6.793870,2237.000000,-163.389056,0.068760,0.000000,
13.729492,18.601006,18.601006,7.020319,2237.000000,-163.389056,0.068765,0.000000,
13.757139,19.201006,19.201006,7.246769,2237.000000,-163.389056,0.068763,0.000000,
13.791696,19.801006,19.801006,7.473219,2237.000000,-163.389056,0.068761,0.000000,
13.815893,20.000000,20.000000,7.548323,2237.000000,-163.389056,0.068763,0.000000,
13.846940,20.000000,20.000000,7.539082,2236.000000,-163.476946,0.042446,0.000000,
13.878852,20.000000,20.000000,7.539082,2236.000000,-163.476946,0.042446,0.000000,
13.905416,20.000000,20.000000,7.539082,2236.000000,-163.476946,0.042446,0.000000,
13.936061,20.000000,20.000000,7.465029,2228.000000,-164.180070,0.174130,0.000000,
13.961027,20.000000,20.000000,7.557554,2238.000000,-163.301165,0.094996,0.000000,
13.992398,20.000000,20.000000,7.557554,2238.000000,-163.301165,0.094996,0.000000,
14.022802,20.000000,20.000000,7.548323,2237.000000,-163.389056,0.068763,0.000000,
14.053021,20.000000,20.000000,7.529840,2235.000000,-163.564837,0.015918,0.000000,
14.081778,20.000000,20.000000,7.539082,2236.000000,-163.476946,0.042446,0.000000,
14.105191,20.000000,20.000000,7.704735,2254.000000,-161.894918,0.493754,0.000000,
14.135872,20.000000,20.000000,7.713900,2255.000000,-161.807028,0.517425,0.000000,
14.168468,20.000000,20.000000,7.713900,2255.000000,-161.807028,0.517425,0.000000,
14.200045,20.000000,20.000000,7.713900,2255.000000,-161.807028,0.517425,0.000000,
14.231316,20.000000,20.000000,7.695570,2253.000000,-161.982809,0.469887,0.000000,
14.256138,20.000000,20.000000,7.686396,2252.000000,-162.070699,0.445949,0.000000,
14.291116,20.000000,20.000000,7.713900,2255.000000,-161.807028,0.517425,0.000000,
14.317422,20.000000,20.000000,7.723064,2256.000000,-161.719137,0.540901,0.000000,
14.348519,20.000000,20.000000,7.732210,2257.000000,-161.631247,0.564433,0.000000,
14.372159,20.000000,20.000000,7.732210,2257.000000,-161.631247,0.564433,0.000000,
14.405532,20.000000,20.000000,7.732210,2257.000000,-161.631247,0.564433,0.000000,
14.437515,20.000000,20.000000,7.732210,2257.000000,-161.631247,0.564433,0.000000,
14.463658,20.000000,20.000000,7.732210,2257.000000,-161.631247,0.564433,0.000000,
14.489324,20.000000,20.000000,7.732210,2257.000000,-161.631247,0.564433,0.000000,
14.516328,20.000000,20.000000,7.732210,2257.000000,-161.631247,0.564433,0.000000,
14.551083,20.000000,20.000000,7.732210,2257.000000,-161.631247,0.564433,0.000000,
14.575885,20.000000,20.000000,7.732210,2257.000000,-161.631247,0.564433,0.000000,
14.599621,20.000000,20.000000,7.732210,2257.000000,-161.631247,0.564433,0.000000,
14.625281,20.000000,20.000000,7.732210,2257.000000,-161.631247,0.564433,0.000000,
14.661739,20.000000,20.000000,7.732210,2257.000000,-161.631247,0.564433,0.000000,
14.688426,20.000000,20.000000,7.777929,2262.000000,-161.191795,0.679339,0.000000,
14.716929,20.000000,20.000000,7.787066,2263.000000,-161.103904,0.701850,0.000000,
14.743628,20.000000,20.000000,7.787066,2263.000000,-161.103904,0.701850,0.000000,
14.777004,20.000000,20.000000,7.832661,2268.000000,-160.664452,0.812716,0.000000,
14.804545,20.000000,20.000000,7.914486,2277.000000,-159.873438,1.003928,0.000000,
14.830791,20.000000,20.000000,7.986946,2285.000000,-159.170314,1.165343,0.000000,
14.869431,20.000000,20.000000,7.695570,2253.000000,-161.982809,0.469887,0.000000,
14.902639,20.000000,20.000000,7.668037,2250.000000,-162.246480,0.397607,0.000000,
14.939931,20.000000,20.000000,7.622070,2245.000000,-162.685932,0.274195,0.000000,
14.965456,20.000000,20.000000,7.622070,2245.000000,-162.685932,0.274195,0.000000,
14.992533,20.000000,20.000000,7.622070,2245.000000,-162.685932,0.274195,0.000000,
15.019170,20.000000,20.000000,7.622070,2245.000000,-162.685932,0.274195,0.000000,
15.043531,20.000000,20.000000,7.622070,2245.000000,-162.685932,0.274195,0.000000,
15.069964,20.000000,20.000000,7.622070,2245.000000,-162.685932,0.274195,0.000000,
15.096645,20.000000,20.000000,7.612877,2244.000000,-162.773823,0.248906,0.000000,
15.143661,20.000000,20.000000,7.612877,2244.000000,-162.773823,0.248906,0.000000,
15.167740,20.000000,20.000000,7.612877,2244.000000,-162.773823,0.248906,0.000000,
15.192687,20.000000,20.000000,7.612877,2244.000000,-162.773823,0.248906,0.000000,
15.219342,20.000000,20.000000,7.612877,2244.000000,-162.773823,0.248906,0.000000,
15.243267,20.000000,20.000000,7.612877,2244.000000,-162.773823,0.248906,0.000000,
15.272342,20.000000,20.000000,7.612877,2244.000000,-162.773823,0.248906,0.000000,
15.305531,20.000000,20.000000,7.465029,2228.000000,-164.180070,0.174130,0.000000,
15.332881,20.000000,20.000000,7.427912,2224.000000,-164.531632,0.286439,0.000000,
15.365796,20.000000,20.000000,7.427912,2224.000000,-164.531632,0.286439,0.000000,
15.399731,20.000000,20.000000,7.427912,2224.000000,-164.531632,0.286439,0.000000,
15.442555,20.000000,20.000000,7.455759,2227.000000,-164.267960,0.202004,0.000000,
15.467875,20.000000,20.000000,7.474298,2229.000000,-164.092180,0.146476,0.000000,
15.491842,20.000000,20.000000,7.483568,2230.000000,-164.004289,0.119040,0.000000,
15.517240,20.000000,20.000000,7.492828,2231.000000,-163.916399,0.091694,0.000000,
15.541766,20.000000,20.000000,7.492828,2231.000000,-163.916399,0.091694,0.000000,
15.575879,20.000000,20.000000,7.483568,2230.000000,-164.004289,0.119040,0.000000,
15.610222,20.000000,20.000000,7.381411,2219.000000,-164.971084,0.430447,0.000000,
15.633506,20.000000,20.000000,7.334805,2214.000000,-165.410536,0.578751,0.000000,
15.657667,20.000000,20.000000,7.297449,2210.000000,-165.762098,0.700638,0.000000,
15.683788,20.000000,20.000000,7.297449,2210.000000,-165.762098,0.700638,0.000000,
15.718688,20.000000,20.000000,7.297449,2210.000000,-165.762098,0.700638,0.000000,
15.742568,20.000000,20.000000,7.288103,2209.000000,-165.849989,0.731606,0.000000,
15.767509,20.000000,20.000000,7.269382,2207.000000,-166.025769,0.793869,0.000000,
15.796381,20.000000,20.000000,7.269382,2207.000000,-166.025769,0.793869,0.000000,
15.830255,0.001000,0.000000,0.000000,2207.000000,-166.025769,0.793869,0.000000,
15.852742,0.001000,0.000000,0.000000,2207.000000,-166.025769,0.793869,0.000000,
15.876781,0.001000,0.000000,0.000000,2207.000000,-166.025769,0.793869,0.000000,
15.901837,0.001000,0.000000,0.000000,2239.000000,-166.025769,0.793869,0.000000,
15.934197,0.001000,0.000000,0.000000,2267.000000,-166.025769,0.793869,0.000000,
15.956904,0.001000,0.000000,0.000000,2289.000000,-166.025769,0.793869,0.000000,
15.981124,0.001000,0.000000,0.000000,2298.000000,-166.025769,0.793869,0.000000,
16.014313,3.601000,3.601000,1.523344,2338.000000,-154.512120,2.053634,0.000000,
16.055307,4.201000,4.201000,1.779019,2339.000000,-154.424230,2.067713,0.000000,
16.099610,4.801000,4.801000,2.013984,2330.000000,-155.215244,1.938039,0.000000,
16.131377,5.401000,5.401000,2.353584,2367.000000,-151.963297,2.425087,0.000000,
16.167357,6.000999,6.000999,2.693117,2397.000000,-149.326583,2.738867,0.000000,
16.202216,6.600999,6.600999,2.973753,2401.000000,-148.975022,2.775820,0.000000,
16.226378,7.200999,7.200999,3.244054,2401.000000,-148.975022,2.775823,0.000000,
16.262789,7.800999,7.800999,3.514354,2401.000000,-148.975022,2.775819,0.000000,
16.293023,8.400999,8.400999,3.784654,2401.000000,-148.975022,2.775821,0.000000,
16.319224,9.000999,9.000999,4.054955,2401.000000,-148.975022,2.775823,0.000000,
16.343037,9.601000,9.601000,4.325255,2401.000000,-148.975022,2.775825,0.000000,
16.366386,10.201000,10.201000,4.595556,2401.000000,-148.975022,2.775816,0.000000,
16.390534,10.801001,10.801001,4.865856,2401.000000,-148.975022,2.775818,0.000000,
16.422103,11.401001,11.401001,5.136157,2401.000000,-148.975022,2.775819,0.000000,
16.456866,12.001001,12.001001,5.406457,2401.000000,-148.975022,2.775821,0.000000,
16.481199,12.601002,12.601002,5.676757,2401.000000,-148.975022,2.775822,0.000000,
16.513105,13.201002,13.201002,5.964091,2404.000000,-148.711350,2.802727,0.000000,
16.546609,13.801003,13.801003,6.282522,2412.000000,-148.008227,2.871951,0.000000,
16.572932,14.401003,14.401003,6.580307,2416.000000,-147.656665,2.904917,0.000000,
16.603561,15.001003,15.001003,6.860877,2417.000000,-147.568774,2.913064,0.000000,
16.627435,15.601004,15.601004,7.135294,2417.000000,-147.568774,2.913063,0.000000,
16.652289,16.201004,16.201004,7.430477,2420.000000,-147.305103,2.936882,0.000000,
16.677114,16.801004,16.801004,7.705662,2420.000000,-147.305103,2.936887,0.000000,
16.701925,17.401005,17.401005,7.936224,2414.000000,-147.832446,2.888535,0.000000,
16.727381,18.001005,18.001005,8.209872,2414.000000,-147.832446,2.888529,0.000000,
16.757906,18.601006,18.601006,8.475554,2413.000000,-147.920336,2.880292,0.000000,
16.792797,19.201006,19.201006,8.748944,2413.000000,-147.920336,2.880298,0.000000,
16.815894,19.801006,19.801006,9.022335,2413.000000,-147.920336,2.880293,0.000000,
16.850711,20.000000,20.000000,9.113007,2413.000000,-147.920336,2.880293,0.000000,
16.880160,20.000000,20.000000,9.113007,2413.000000,-147.920336,2.880293,0.000000,
16.905102,20.000000,20.000000,9.113007,2413.000000,-147.920336,2.880293,0.000000,
16.929415,20.000000,20.000000,9.113007,2413.000000,-147.920336,2.880293,0.000000,
16.959183,20.000000,20.000000,9.113007,2413.000000,-147.920336,2.880293,0.000000,
16.991896,20.000000,20.000000,9.113007,2413.000000,-147.920336,2.880293,0.000000,
17.023919,20.000000,20.000000,9.113007,2413.000000,-147.920336,2.880293,0.000000,
17.049562,20.000000,20.000000,9.113007,2413.000000,-147.920336,2.880293,0.000000,
17.073132,20.000000,20.000000,9.121571,2414.000000,-147.832446,2.888533,0.000000,
17.100152,20.000000,20.000000,9.181385,2421.000000,-147.217212,2.944838,0.000000,
17.133844,20.000000,20.000000,9.181385,2421.000000,-147.217212,2.944838,0.000000,
17.160576,20.000000,20.000000,9.181385,2421.000000,-147.217212,2.944838,0.000000,
17.193529,2.401000,2.401000,1.095045,2414.000000,-147.832446,2.888528,0.000000,
17.226702,3.001000,3.001000,1.367407,2413.000000,-147.920336,2.880293,0.000000,
17.268436,3.601000,3.601000,1.642339,2414.000000,-147.832446,2.888530,0.000000,
17.298753,4.201000,4.201000,1.915986,2414.000000,-147.832446,2.888530,0.000000,
17.322218,4.801000,4.801000,2.189633,2414.000000,-147.832446,2.888531,0.000000,
17.355341,5.401000,5.401000,2.463280,2414.000000,-147.832446,2.888531,0.000000,
17.386011,6.000999,6.000999,2.736927,2414.000000,-147.832446,2.888531,0.000000,
17.410869,6.600999,6.600999,3.010574,2414.000000,-147.832446,2.888532,0.000000,
17.444774,7.200999,7.200999,3.284221,2414.000000,-147.832446,2.888532,0.000000,
17.468938,7.800999,7.800999,3.557868,2414.000000,-147.832446,2.888532,0.000000,
17.501901,8.400999,8.400999,3.831515,2414.000000,-147.832446,2.888532,0.000000,
17.533929,9.000999,9.000999,4.143602,2424.000000,-146.953541,2.967878,0.000000,
17.562040,9.601000,9.601000,4.440248,2429.000000,-146.514089,3.005291,0.000000,
17.592922,10.201000,10.201000,4.743729,2435.000000,-145.986746,3.048315,0.000000,
17.616079,10.801001,10.801001,5.022745,2435.000000,-145.986746,3.048308,0.000000,
17.665327,11.401001,11.401001,5.287246,2432.000000,-146.250417,3.027018,0.000000,
17.693120,12.001001,12.001001,5.499047,2419.000000,-147.392993,2.929048,0.000000,
17.716686,12.601002,12.601002,5.752430,2415.000000,-147.744555,2.896885,0.000000,
17.747523,13.201002,13.201002,6.026334,2415.000000,-147.744555,2.896882,0.000000,
17.776569,13.801003,13.801003,6.300237,2415.000000,-147.744555,2.896886,0.000000,
17.802921,14.401003,14.401003,6.574141,2415.000000,-147.744555,2.896883,0.000000,
17.827777,15.001003,15.001003,6.841636,2414.000000,-147.832446,2.888530,0.000000,
17.854298,15.601004,15.601004,7.115283,2414.000000,-147.832446,2.888529,0.000000,
17.887040,16.201004,16.201004,7.388930,2414.000000,-147.832446,2.888529,0.000000,
17.916623,0.001000,0.000000,0.000000,2414.000000,-147.832446,2.888529,0.000000,
17.946317,0.001000,0.000000,0.000000,2414.000000,-147.832446,2.888529,0.000000,
17.969267,0.001000,0.000000,0.000000,2414.000000,-147.832446,2.888529,0.000000,
17.995975,0.001000,0.000000,0.000000,2414.000000,-147.832446,2.888529,0.000000,
18.022729,0.601000,0.601000,0.274103,2414.000000,-147.832446,2.888535,0.000000,
18.055837,1.201000,1.201000,0.547750,2414.000000,-147.832446,2.888534,0.000000,
18.080135,1.801000,1.801000,0.821397,2414.000000,-147.832446,2.888533,0.000000,
18.113430,2.401000,2.401000,1.095045,2414.000000,-147.832446,2.888528,0.000000,
18.144895,3.001000,3.001000,1.368692,2414.000000,-147.832446,2.888529,0.000000,
18.169318,3.601000,3.601000,1.642339,2414.000000,-147.832446,2.888530,0.000000,
18.194353,4.201000,4.201000,1.915986,2414.000000,-147.832446,2.888530,0.000000,
18.222877,4.801000,4.801000,2.189633,2414.000000,-147.832446,2.888531,0.000000,
18.255712,5.401000,5.401000,2.463280,2414.000000,-147.832446,2.888531,0.000000,
18.280978,6.000999,6.000999,2.736927,2414.000000,-147.832446,2.888531,0.000000,
18.304439,6.600999,6.600999,3.010574,2414.000000,-147.832446,2.888532,0.000000,
18.330596,7.200999,7.200999,3.284221,2414.000000,-147.832446,2.888532,0.000000,
18.385380,13.201002,13.201002,6.305794,2465.000000,-143.350033,3.233254,0.000000,
18.411932,13.801003,13.801003,6.592400,2465.000000,-143.350033,3.233248,0.000000,
18.446432,14.401003,14.401003,6.879005,2465.000000,-143.350033,3.233249,0.000000,
18.470027,15.001003,15.001003,7.165611,2465.000000,-143.350033,3.233250,0.000000,
18.494348,15.601004,15.601004,7.452216,2465.000000,-143.350033,3.233252,0.000000,
18.525595,16.201004,16.201004,7.738822,2465.000000,-143.350033,3.233253,0.000000,
18.559170,16.801004,16.801004,8.025427,2465.000000,-143.350033,3.233254,0.000000,
18.582381,17.401005,17.401005,8.312033,2465.000000,-143.350033,3.233249,0.000000,
18.615802,18.001005,18.001005,8.598638,2465.000000,-143.350033,3.233256,0.000000,
18.647869,18.601006,18.601006,8.885243,2465.000000,-143.350033,3.233251,0.000000,
18.675022,19.201006,19.201006,9.171849,2465.000000,-143.350033,3.233246,0.000000,
18.707844,19.801006,19.801006,9.425219,2461.000000,-143.701594,3.211487,0.000000,
18.744060,20.000000,20.000000,9.410534,2448.000000,-144.844170,3.134288,0.000000,
18.766410,0.001000,0.000000,0.000000,2454.000000,-144.844170,3.134288,0.000000,
18.789822,0.001000,0.000000,0.000000,2450.000000,-144.844170,3.134288,0.000000,
18.817378,0.001000,0.000000,0.000000,2450.000000,-144.844170,3.134288,0.000000,
18.847538,0.001000,0.000000,0.000000,2450.000000,-144.844170,3.134288,0.000000,
18.870242,0.001000,0.000000,0.000000,2450.000000,-144.844170,3.134288,0.000000,
18.894076,0.001000,0.000000,0.000000,2450.000000,-144.844170,3.134288,0.000000,
18.916932,0.001000,0.000000,0.000000,2450.000000,-144.844170,3.134288,0.000000,
18.943616,0.001000,0.000000,0.000000,2450.000000,-144.844170,3.134288,0.000000,
18.976021,0.001000,0.000000,0.000000,2450.000000,-144.844170,3.134288,0.000000,
19.002170,0.001000,0.000000,0.000000,2450.000000,-144.844170,3.134288,0.000000,
19.033869,0.001000,0.000000,0.000000,2450.000000,-144.844170,3.134288,0.000000,
19.069942,0.001000,0.000000,0.000000,2450.000000,-144.844170,3.134288,0.000000,
19.103604,0.001000,0.000000,0.000000,2450.000000,-144.844170,3.134288,0.000000,
19.127176,0.001000,0.000000,0.000000,2450.000000,-144.844170,3.134288,0.000000,
19.159542,0.001000,0.000000,0.000000,2450.000000,-144.844170,3.134288,0.000000,
19.190824,0.001000,0.000000,0.000000,2450.000000,-144.844170,3.134288,0.000000,
19.216650,0.001000,0.000000,0.000000,2450.000000,-144.844170,3.134288,0.000000,
19.246921,0.001000,0.000000,0.000000,2450.000000,-144.844170,3.134288,0.000000,
19.282367,0.001000,0.000000,0.000000,2450.000000,-144.844170,3.134288,0.000000,
19.304916,0.001000,0.000000,0.000000,2450.000000,-144.844170,3.134288,0.000000,
19.335274,0.001000,0.000000,0.000000,2450.000000,-144.844170,3.134288,0.000000,
19.362375,0.001000,0.000000,0.000000,2450.000000,-144.844170,3.134288,0.000000,
19.390954,0.001000,0.000000,0.000000,2450.000000,-144.844170,3.134288,0.000000,
19.413838,0.001000,0.000000,0.000000,2450.000000,-144.844170,3.134288,0.000000,
19.446601,0.001000,0.000000,0.000000,2450.000000,-144.844170,3.134288,0.000000,
19.479109,0.001000,0.000000,0.000000,2450.000000,-144.844170,3.134288,0.000000,
19.504458,0.001000,0.000000,0.000000,2450.000000,-144.844170,3.134288,0.000000,
19.572497,0.001000,0.000000,0.000000,2450.000000,-144.844170,3.134288,0.000000,
19.596576,0.001000,0.000000,0.000000,2450.000000,-144.844170,3.134288,0.000000,
19.624983,0.001000,0.000000,0.000000,2450.000000,-144.844170,3.134288,0.000000,
19.659290,0.001000,0.000000,0.000000,2450.000000,-144.844170,3.134288,0.000000,
19.689925,0.001000,0.000000,0.000000,2450.000000,-144.844170,3.134288,0.000000,
19.713040,0.001000,0.000000,0.000000,2450.000000,-144.844170,3.134288,0.000000,
19.746809,0.001000,0.000000,0.000000,2450.000000,-144.844170,3.134288,0.000000,
19.770980,0.001000,0.000000,0.000000,2450.000000,-144.844170,3.134288,0.000000,
19.794967,0.001000,0.000000,0.000000,2450.000000,-144.844170,3.134288,0.000000,
19.821804,0.001000,0.000000,0.000000,2450.000000,-144.844170,3.134288,0.000000,
19.848936,0.001000,0.000000,0.000000,2450.000000,-144.844170,3.134288,0.000000,
19.879816,0.001000,0.000000,0.000000,2450.000000,-144.844170,3.134288,0.000000,
19.902502,0.001000,0.000000,0.000000,2450.000000,-144.844170,3.134288,0.000000,
19.927770,0.001000,0.000000,0.000000,2450.000000,-144.844170,3.134288,0.000000,
19.952426,0.001000,0.000000,0.000000,2450.000000,-144.844170,3.134288,0.000000,
19.975890,0.001000,0.000000,0.000000,2450.000000,-144.844170,3.134288,0.000000,
20.000282,0.001000,0.000000,0.000000,2450.000000,-144.844170,3.134288,0.000000,
20.024672,0.001000,0.000000,0.000000,2450.000000,-144.844170,3.134288,0.000000,
20.066474,0.001000,0.000000,0.000000,2450.000000,-144.844170,3.134288,0.000000,
20.090122,0.001000,0.000000,0.000000,2450.000000,-144.844170,3.134288,0.000000,
20.120881,0.001000,0.000000,0.000000,2450.000000,-144.844170,3.134288,0.000000,
20.146295,0.001000,0.000000,0.000000,2450.000000,-144.844170,3.134288,0.000000,
20.169452,0.001000,0.000000,0.000000,2450.000000,-144.844170,3.134288,0.000000,
20.198685,0.001000,0.000000,0.000000,2450.000000,-144.844170,3.134288,0.000000,
20.222749,0.001000,0.000000,0.000000,2450.000000,-144.844170,3.134288,0.000000,
20.247225,0.001000,0.000000,0.000000,2450.000000,-144.844170,3.134288,0.000000,
20.275170,0.001000,0.000000,0.000000,2450.000000,-144.844170,3.134288,0.000000,
20.309302,0.001000,0.000000,0.000000,2450.000000,-144.844170,3.134288,0.000000,
20.334108,0.001000,0.000000,0.000000,2450.000000,-144.844170,3.134288,0.000000,
20.357862,0.001000,0.000000,0.000000,2450.000000,-144.844170,3.134288,0.000000,
20.385731,0.001000,0.000000,0.000000,2450.000000,-144.844170,3.134288,0.000000,
20.410929,0.001000,0.000000,0.000000,2450.000000,-144.844170,3.134288,0.000000,
20.435117,0.001000,0.000000,0.000000,2450.000000,-144.844170,3.134288,0.000000,
20.463582,0.001000,0.000000,0.000000,2450.000000,-144.844170,3.134288,0.000000,
20.495091,0.001000,0.000000,0.000000,2450.000000,-144.844170,3.134288,0.000000,
20.520979,0.001000,0.000000,0.000000,2450.000000,-144.844170,3.134288,0.000000,
20.551214,0.001000,0.000000,0.000000,2450.000000,-144.844170,3.134288,0.000000,
20.574383,0.001000,0.000000,0.000000,2450.000000,-144.844170,3.134288,0.000000,
20.599378,0.001000,0.000000,0.000000,2450.000000,-144.844170,3.134288,0.000000,
20.627519,0.001000,0.000000,0.000000,2450.000000,-144.844170,3.134288,0.000000,
20.699728,0.001000,0.000000,0.000000,2450.000000,-144.844170,3.134288,0.000000,
20.722966,0.001000,0.000000,0.000000,2450.000000,-144.844170,3.134288,0.000000,
20.751651,0.001000,0.000000,0.000000,2450.000000,-144.844170,3.134288,0.000000,
20.787286,0.001000,0.000000,0.000000,2450.000000,-144.844170,3.134288,0.000000,
20.810416,0.001000,0.000000,0.000000,2450.000000,-144.844170,3.134288,0.000000,
20.834452,0.001000,0.000000,0.000000,2450.000000,-144.844170,3.134288,0.000000,
20.858765,0.001000,0.000000,0.000000,2450.000000,-144.844170,3.134288,0.000000,
20.883233,0.001000,0.000000,0.000000,2450.000000,-144.844170,3.134288,0.000000,
20.909831,0.001000,0.000000,0.000000,2450.000000,-144.844170,3.134288,0.000000,
20.938797,0.001000,0.000000,0.000000,2450.000000,-144.844170,3.134288,0.000000,
20.963642,0.001000,0.000000,0.000000,2450.000000,-144.844170,3.134288,0.000000,
20.997825,0.001000,0.000000,0.000000,2450.000000,-144.844170,3.134288,0.000000,
21.029538,0.001000,0.000000,0.000000,2450.000000,-144.844170,3.134288,0.000000,
21.055838,0.001000,0.000000,0.000000,2450.000000,-144.844170,3.134288,0.000000,
21.080963,0.001000,0.000000,0.000000,2450.000000,-144.844170,3.134288,0.000000,
