Time(s),Set Current,Actual Current,Velocity of Vehicle (mph),Speed,Packets Recieved,Packet Errors
0.095416,0.001000,0.001000,0.000000,0.000000,
0.137568,0.001000,0.001000,0.000000,0.000000,
0.175745,0.001000,0.001000,0.000000,0.000000,
0.225674,0.001000,0.001000,0.000000,0.000000,
0.282768,0.001000,0.001000,0.000000,0.000000,
0.323487,0.001000,0.001000,0.000000,0.000000,
0.354138,0.001000,0.001000,0.000000,0.000000,
0.384601,0.001000,0.001000,0.000000,0.000000,
0.400701,0.001000,0.001000,0.000000,0.000000,
0.436658,0.001000,0.001000,0.000000,0.000000,
0.466374,0.001000,0.001000,0.000000,0.000000,
0.483436,0.001000,0.001000,0.000000,0.000000,
0.518705,0.001000,0.001000,0.000000,0.000000,
0.548704,0.001000,0.001000,0.000000,0.000000,
0.567352,0.001000,0.001000,0.000000,0.000000,
0.605370,0.001000,0.001000,0.000000,0.000000,
0.645003,0.001000,0.001000,0.000000,0.000000,
0.681790,0.001000,0.001000,0.000000,0.000000,
0.720965,0.001000,0.001000,0.000000,0.000000,
0.750073,0.001000,0.001000,0.000000,0.000000,
0.768143,0.001000,0.001000,0.000000,0.000000,
0.803218,0.001000,0.001000,0.000000,0.000000,
0.832760,0.001000,0.001000,0.000000,0.000000,
0.852964,0.001000,0.001000,0.000000,0.000000,
0.887718,0.001000,0.001000,0.000000,0.000000,
0.916611,0.001000,0.001000,0.000000,0.000000,
0.933661,0.001000,0.001000,0.000000,0.000000,
0.968942,0.001000,0.001000,0.000000,0.000000,
0.998187,0.001000,0.001000,0.000000,0.000000,
1.016433,0.001000,0.001000,0.000000,0.000000,
1.058716,0.001000,0.001000,0.000000,0.000000,
1.094831,0.001000,0.001000,0.000000,0.000000,
1.124410,0.001000,0.001000,0.000000,0.000000,
1.153454,0.001000,0.001000,0.000000,0.000000,
1.172403,0.001000,0.001000,0.000000,0.000000,
1.208659,0.001000,0.001000,0.000000,0.000000,
1.238304,0.001000,0.001000,0.000000,0.000000,
1.253965,0.001000,0.001000,0.000000,0.000000,
1.288963,0.001000,0.001000,0.000000,0.000000,
1.317860,0.001000,0.001000,0.000000,0.000000,
1.338262,0.001000,0.001000,0.000000,0.000000,
1.379446,0.001000,0.001000,0.000000,0.000000,
1.412923,0.001000,0.001000,0.000000,0.000000,
1.441649,0.001000,0.001000,0.000000,0.000000,
1.471131,0.001000,0.001000,0.000000,0.000000,
1.495891,0.001000,0.001000,0.000000,0.000000,
1.534042,0.001000,0.001000,0.000000,0.000000,
1.570619,0.001000,0.001000,0.000000,0.000000,
1.600639,0.001000,0.001000,0.000000,0.000000,
1.615933,0.001000,0.001000,0.000000,0.000000,
1.650040,0.001000,0.001000,0.000000,0.000000,
1.688002,0.001000,0.001000,0.000000,0.000000,
1.715709,0.001000,0.001000,0.000000,0.000000,
1.730733,0.001000,0.001000,0.000000,0.000000,
1.770333,0.001000,0.001000,0.000000,0.000000,
1.822988,0.001000,0.001000,0.000000,0.000000,
1.859076,0.001000,0.001000,0.000000,0.000000,
1.888352,0.001000,0.001000,0.000000,0.000000,
1.903613,0.001000,0.001000,0.000000,0.000000,
1.939355,0.001000,0.001000,0.000000,0.000000,
1.975464,0.001000,0.001000,0.000000,0.000000,
2.005086,0.001000,0.001000,0.000000,0.000000,
2.035051,0.001000,0.001000,0.000000,0.000000,
2.052405,0.001000,0.001000,0.000000,0.000000,
2.087179,0.001000,0.001000,0.000000,0.000000,
2.114468,0.001000,0.001000,0.000000,0.000000,
2.129026,0.001000,0.001000,0.000000,0.000000,
2.163991,0.001000,0.001000,0.000000,0.000000,
2.191460,0.001000,0.001000,0.000000,0.000000,
2.206680,0.001000,0.001000,0.000000,0.000000,
2.242335,0.001000,0.001000,0.000000,0.000000,
2.271043,0.001000,0.001000,0.000000,0.000000,
2.292273,0.001000,0.001000,0.000000,0.000000,
2.326030,0.001000,0.001000,0.000000,0.000000,
2.354103,0.001000,0.001000,0.000000,0.000000,
2.383918,0.001000,0.001000,0.000000,0.000000,
2.408762,0.001000,0.001000,0.000000,0.000000,
2.444176,0.001000,0.001000,0.000000,0.000000,
2.471490,0.001000,0.001000,0.000000,0.000000,
2.486437,0.001000,0.001000,0.000000,0.000000,
2.518925,0.001000,0.001000,0.000000,0.000000,
2.546223,0.001000,0.001000,0.000000,0.000000,
2.573712,0.001000,0.001000,0.000000,0.000000,
2.597402,0.001000,0.001000,0.000000,0.000000,
2.636510,0.001000,0.001000,0.000000,0.000000,
2.671364,0.001000,0.001000,0.000000,0.000000,
2.700647,0.001000,0.001000,0.000000,0.000000,
2.729334,0.001000,0.001000,0.000000,0.000000,
2.747726,0.001000,0.001000,0.000000,0.000000,
2.782237,0.001000,0.001000,0.000000,0.000000,
2.825767,0.001000,0.001000,0.000000,0.000000,
2.856197,0.001000,0.001000,0.000000,0.000000,
2.883465,0.001000,0.001000,0.000000,0.000000,
2.898244,0.001000,0.001000,0.000000,0.000000,
2.932103,0.001000,0.001000,0.000000,0.000000,
2.959217,0.001000,0.001000,0.000000,0.000000,
2.986498,0.001000,0.001000,0.000000,0.000000,
3.008192,0.001000,0.001000,0.000000,0.000000,
3.044837,0.001000,0.001000,0.000000,0.000000,
3.071534,0.001000,0.001000,0.000000,0.000000,
3.087197,0.001000,0.001000,0.000000,0.000000,
3.121165,0.001000,0.001000,0.000000,0.000000,
3.159264,0.001000,0.001000,0.000000,0.000000,
3.194324,0.001000,0.001000,0.000000,0.000000,
3.221344,0.001000,0.001000,0.000000,0.000000,
3.236560,0.001000,0.001000,0.000000,0.000000,
3.269046,0.001000,0.001000,0.000000,0.000000,
3.296151,0.001000,0.001000,0.000000,0.000000,
3.326502,0.001000,0.001000,0.000000,0.000000,
3.358465,0.001000,0.001000,0.000000,0.000000,
3.385397,0.001000,0.001000,0.000000,0.000000,
3.399766,0.001000,0.001000,0.000000,0.000000,
3.433511,0.001000,0.001000,0.000000,0.000000,
3.461368,0.001000,0.001000,0.000000,0.000000,
3.475946,0.001000,0.001000,0.000000,0.000000,
3.508217,0.001000,0.001000,0.000000,0.000000,
3.535948,0.001000,0.001000,0.000000,0.000000,
3.550293,0.001000,0.001000,0.000000,0.000000,
3.582130,0.001000,0.001000,0.000000,0.000000,
3.609338,0.001000,0.001000,0.000000,0.000000,
3.624048,0.001000,0.001000,0.000000,0.000000,
3.656978,0.001000,0.001000,0.000000,0.000000,
3.687177,0.001000,0.001000,0.000000,0.000000,
3.715453,0.001000,0.001000,0.000000,0.000000,
3.733920,0.001000,0.001000,0.000000,0.000000,
3.768059,0.001000,0.001000,0.000000,0.000000,
3.795446,0.001000,0.001000,0.000000,0.000000,
3.810013,0.001000,0.001000,0.000000,0.000000,
3.843979,0.001000,0.001000,0.000000,0.000000,
3.870713,0.001000,0.001000,0.000000,0.000000,
3.884832,0.001000,0.001000,0.000000,0.000000,
3.918850,0.001000,0.001000,0.000000,0.000000,
3.954443,0.001000,0.001000,0.000000,0.000000,
3.981566,0.001000,0.001000,0.000000,0.000000,
3.996905,0.001000,0.001000,0.000000,0.000000,
4.034816,0.001000,0.001000,0.000000,0.000000,
4.064171,0.001000,0.001000,0.000000,0.000000,
4.092651,0.001000,0.001000,0.000000,0.000000,
4.114801,0.001000,0.001000,0.000000,0.000000,
4.150787,0.001000,0.001000,0.000000,0.000000,
4.189000,0.001000,0.001000,0.000000,0.000000,
4.220136,0.001000,0.001000,0.000000,0.000000,
4.248802,0.001000,0.001000,0.000000,0.000000,
4.266002,0.001000,0.001000,0.000000,0.000000,
4.300634,0.001000,0.001000,0.000000,0.000000,
4.329232,0.001000,0.001000,0.000000,0.000000,
4.358490,0.001000,0.001000,0.000000,0.000000,
4.375456,0.001000,0.001000,0.000000,0.000000,
4.407467,0.001000,0.001000,0.000000,0.000000,
4.435905,0.001000,0.001000,0.000000,0.000000,
4.453410,0.001000,0.001000,0.000000,0.000000,
4.488552,0.001000,0.001000,0.000000,0.000000,
4.530911,0.001000,0.001000,0.000000,0.000000,
4.561088,0.001000,0.001000,0.000000,0.000000,
4.588884,0.001000,0.001000,0.000000,0.000000,
4.618962,0.001000,0.001000,0.000000,0.000000,
4.637660,0.001000,0.001000,0.000000,0.000000,
4.674149,0.001000,0.001000,0.000000,0.000000,
4.702577,0.001000,0.001000,0.000000,0.000000,
4.730148,0.001000,0.001000,0.000000,0.000000,
4.751872,0.001000,0.001000,0.000000,0.000000,
4.801146,0.001000,0.001000,0.000000,0.000000,
4.829080,0.001000,0.001000,0.000000,0.000000,
4.843884,0.001000,0.001000,0.000000,0.000000,
4.878387,0.001000,0.001000,0.000000,0.000000,
4.906878,0.001000,0.001000,0.000000,0.000000,
4.924220,0.001000,0.001000,0.000000,0.000000,
4.959405,0.001000,0.001000,0.000000,0.000000,
4.988389,0.001000,0.001000,0.000000,0.000000,
5.011454,0.001000,0.001000,0.000000,0.000000,
5.049425,0.001000,0.001000,0.000000,0.000000,
5.077334,0.001000,0.001000,0.000000,0.000000,
5.104540,0.001000,0.001000,0.000000,0.000000,
5.124032,0.001000,0.001000,0.000000,0.000000,
5.158173,0.001000,0.001000,0.000000,0.000000,
5.186395,0.001000,0.001000,0.000000,0.000000,
5.201625,0.001000,0.001000,0.000000,0.000000,
5.237653,0.001000,0.001000,0.000000,0.000000,
5.266326,0.001000,0.001000,0.000000,0.000000,
5.295407,0.001000,0.001000,0.000000,0.000000,
5.312581,0.001000,0.001000,0.000000,0.000000,
5.346086,0.001000,0.001000,0.000000,0.000000,
5.374149,0.001000,0.001000,0.000000,0.000000,
5.391376,0.001000,0.001000,0.000000,0.000000,
5.425083,0.001000,0.001000,0.000000,0.000000,
5.452842,0.001000,0.001000,0.000000,0.000000,
5.481785,0.601000,0.601000,0.000000,0.000000,
5.502946,0.001000,0.001000,0.000000,0.000000,
5.537469,0.001000,0.001000,0.000000,0.000000,
5.565943,0.001000,0.001000,0.000000,0.000000,
5.594213,0.001000,0.001000,0.000000,0.000000,
5.619486,0.001000,0.001000,0.000000,0.000000,
5.662843,0.001000,0.001000,0.000000,0.000000,
5.691093,0.001000,0.001000,0.000000,0.000000,
5.705307,0.601000,0.601000,0.000000,0.000000,
5.739363,1.201000,1.201000,0.000000,0.000000,
5.777128,1.801000,1.801000,0.000000,0.000000,
5.804169,2.401000,2.401000,0.000000,0.000000,
5.832083,3.001000,3.001000,0.000000,0.000000,
5.851564,3.601000,3.601000,0.000000,0.000000,
5.885553,4.201000,4.201000,0.000000,0.000000,
5.915006,4.801000,4.801000,0.000000,0.000000,
5.930024,5.401000,5.401000,0.000000,0.000000,
5.966121,6.000999,5.015667,0.000000,0.000000,
5.993425,6.600999,5.401000,0.000000,0.000000,
6.021829,7.200999,5.015667,0.000000,0.000000,
6.045401,7.800999,5.401000,0.000000,0.000000,
6.081607,8.400999,5.015667,0.000000,0.000000,
6.109906,9.000999,5.401000,0.000000,0.000000,
6.124651,9.601000,5.015667,0.000000,0.000000,
6.157956,10.201000,5.401000,0.000000,0.000000,
6.195849,10.801001,5.015667,0.000000,0.000000,
6.234388,11.401001,5.401000,0.000000,0.000000,
6.267110,12.001001,5.015667,0.000000,0.000000,
6.311693,12.601002,5.401000,0.000000,0.000000,
6.326807,13.201002,5.015667,0.000000,0.000000,
6.360668,13.801003,5.401000,0.000000,0.000000,
6.396895,14.401003,5.015667,0.000000,0.000000,
6.431274,15.001003,5.401000,0.000000,0.000000,
6.459501,15.601004,5.015667,0.000000,0.000000,
6.474715,16.201004,5.401000,0.000000,0.000000,
6.508263,16.801004,5.015667,0.000000,0.000000,
6.545223,17.401005,5.401000,0.000000,0.000000,
6.579655,18.001005,5.015667,0.000000,0.000000,
6.607264,18.601006,5.401000,0.000000,0.000000,
6.622881,19.201006,5.015667,0.000000,0.000000,
6.656609,19.801006,5.401000,0.000000,0.000000,
6.693522,20.000000,5.015667,0.000000,0.000000,
6.730289,20.000000,5.401000,0.000000,0.000000,
6.765516,20.000000,5.015667,0.000000,0.000000,
6.797288,20.000000,5.401000,0.000000,0.000000,
6.826257,20.000000,5.015667,0.000000,0.000000,
6.840843,20.000000,5.401000,0.000000,0.000000,
6.875962,20.000000,5.015667,0.000000,0.000000,
6.904228,20.000000,5.401000,0.000000,0.000000,
6.918910,20.000000,5.015667,0.000000,0.000000,
6.952961,20.000000,5.401000,0.000000,0.000000,
6.988398,20.000000,5.015667,0.000000,0.000000,
7.024681,20.000000,5.401000,0.000000,0.000000,
7.059014,20.000000,5.015667,0.000000,0.000000,
7.085709,20.000000,5.401000,0.000000,0.000000,
7.100494,20.000000,5.015667,0.000000,0.000000,
7.133415,20.000000,5.401000,0.000000,0.000000,
7.162032,20.000000,5.015667,0.000000,0.000000,
7.192377,20.000000,5.401000,0.000000,0.000000,
7.207103,20.000000,5.015667,0.000000,0.000000,
7.242424,20.000000,5.401000,0.000000,0.000000,
7.270555,20.000000,5.015667,0.000000,0.000000,
7.288091,20.000000,5.401000,0.000000,0.000000,
7.322566,20.000000,5.015667,0.000000,0.000000,
7.351047,20.000000,5.401000,0.000000,0.000000,
7.369424,20.000000,5.015667,0.000000,0.000000,
7.404703,20.000000,5.401000,0.000000,0.000000,
7.435016,20.000000,5.015667,0.000000,0.000000,
7.463968,20.000000,5.401000,0.000000,0.000000,
7.485344,20.000000,5.015667,0.000000,0.000000,
7.528836,20.000000,5.401000,0.000000,0.000000,
7.557654,20.000000,5.015667,0.000000,0.000000,
7.586230,20.000000,5.401000,0.000000,0.000000,
7.609222,20.000000,5.015667,0.000000,0.000000,
7.646104,20.000000,5.401000,0.000000,0.000000,
7.682388,20.000000,5.015667,0.000000,0.000000,
7.718208,20.000000,5.401000,0.000000,0.000000,
7.746702,20.000000,5.015667,0.000000,0.000000,
7.761357,20.000000,5.401000,0.000000,0.000000,
7.795344,20.000000,5.015667,0.000000,0.000000,
7.848674,20.000000,5.401000,0.000000,0.000000,
7.883563,20.000000,5.015667,0.000000,0.000000,
7.912462,20.000000,5.401000,0.000000,0.000000,
7.941520,20.000000,5.015667,0.000000,0.000000,
7.958010,20.000000,5.401000,0.000000,0.000000,
7.992435,20.000000,5.015667,0.000000,0.000000,
8.020077,20.000000,5.401000,0.000000,0.000000,
8.037165,20.000000,5.015667,0.000000,0.000000,
8.071345,20.000000,5.401000,0.000000,0.000000,
8.099392,20.000000,5.015667,0.000000,0.000000,
8.128373,20.000000,5.401000,0.000000,0.000000,
8.149851,20.000000,5.015667,0.000000,0.000000,
8.184215,20.000000,5.401000,0.000000,0.000000,
8.212503,20.000000,5.015667,0.000000,0.000000,
8.227485,20.000000,5.401000,0.000000,0.000000,
8.260720,20.000000,5.015667,0.000000,0.000000,
8.288336,20.000000,5.401000,0.000000,0.000000,
8.303245,20.000000,5.015667,0.000000,0.000000,
8.336597,20.000000,5.401000,0.000000,0.000000,
8.365444,20.000000,5.015667,0.000000,0.000000,
8.393807,20.000000,5.401000,0.000000,0.000000,
8.414960,20.000000,5.015667,0.000000,0.000000,
8.450649,20.000000,5.401000,0.000000,0.000000,
8.479228,20.000000,5.015667,0.000000,0.000000,
8.507890,20.000000,5.401000,0.000000,0.000000,
8.526872,20.000000,5.015667,0.000000,0.000000,
8.562591,20.000000,5.401000,0.000000,0.000000,
8.595215,20.000000,5.015667,0.000000,0.000000,
8.623045,20.000000,5.401000,0.000000,0.000000,
8.638067,20.000000,5.015667,0.000000,0.000000,
8.671328,20.000000,5.401000,0.000000,0.000000,
8.701913,20.000000,5.015667,0.000000,0.000000,
8.729513,20.000000,5.401000,0.000000,0.000000,
8.755143,20.000000,5.015667,0.000000,0.000000,
8.789296,20.000000,5.401000,0.000000,0.000000,
8.816985,20.000000,5.015667,0.000000,0.000000,
8.831608,20.000000,5.401000,0.000000,0.000000,
8.864345,20.000000,5.015667,0.000000,0.000000,
8.892955,20.000000,5.401000,0.000000,0.000000,
8.907896,20.000000,5.015667,0.000000,0.000000,
8.942195,20.000000,5.401000,0.000000,0.000000,
8.970343,20.000000,5.015667,0.000000,0.000000,
8.985562,20.000000,5.401000,0.000000,0.000000,
9.019062,20.000000,5.015667,0.000000,0.000000,
9.046678,20.000000,5.401000,0.000000,0.000000,
9.065850,20.000000,5.015667,0.000000,0.000000,
9.099221,20.000000,5.401000,0.000000,0.000000,
9.127090,20.000000,5.015667,0.000000,0.000000,
9.142423,20.000000,5.401000,0.000000,0.000000,
9.185315,20.000000,5.015667,0.000000,0.000000,
9.214358,20.000000,5.401000,0.000000,0.000000,
9.243170,20.000000,5.015667,0.000000,0.000000,
9.261594,20.000000,5.401000,0.000000,0.000000,
9.321233,20.000000,5.015667,0.000000,0.000000,
9.349153,20.000000,5.401000,0.000000,0.000000,
9.363721,20.000000,5.015667,0.000000,0.000000,
9.397442,20.000000,5.401000,0.000000,0.000000,
9.425331,20.000000,5.015667,0.000000,0.000000,
9.439850,20.000000,5.401000,0.000000,0.000000,
9.482015,20.000000,5.015667,0.000000,0.000000,
9.520876,20.000000,5.401000,0.000000,0.000000,
9.548897,20.000000,5.015667,0.000000,0.000000,
9.563626,20.000000,5.401000,0.000000,0.000000,
9.597667,20.000000,5.015667,0.000000,0.000000,
9.625783,20.000000,5.401000,0.000000,0.000000,
9.655329,20.000000,5.015667,0.000000,0.000000,
9.680502,20.000000,5.401000,0.000000,0.000000,
9.721329,20.000000,5.015667,0.000000,0.000000,
9.760590,20.000000,5.401000,0.000000,0.000000,
9.795709,20.000000,5.015667,0.000000,0.000000,
9.823835,20.000000,5.401000,0.000000,0.000000,
9.852445,20.000000,5.015667,0.000000,0.000000,
9.869325,20.000000,5.401000,0.000000,0.000000,
9.903859,20.000000,5.015667,0.000000,0.000000,
9.931952,20.000000,5.401000,0.000000,0.000000,
9.946577,20.000000,5.015667,0.000000,0.000000,
9.979806,20.000000,5.401000,0.000000,0.000000,
10.008329,20.000000,5.015667,0.000000,0.000000,
10.031846,20.000000,5.401000,0.000000,0.000000,
10.070894,20.000000,5.015667,0.000000,0.000000,
10.103706,20.000000,5.401000,0.000000,0.000000,
10.132387,20.000000,5.015667,0.000000,0.000000,
10.160421,20.000000,5.401000,0.000000,0.000000,
10.184506,20.000000,5.015667,0.000000,0.000000,
10.220606,20.000000,5.401000,0.000000,0.000000,
10.249517,20.000000,5.015667,0.000000,0.000000,
10.278226,20.000000,5.401000,0.000000,0.000000,
10.295209,20.000000,5.015667,0.000000,0.000000,
10.332866,20.000000,5.401000,0.000000,0.000000,
10.361352,20.000000,5.015667,0.000000,0.000000,
10.389006,20.000000,5.401000,0.000000,0.000000,
10.405884,20.000000,5.015667,0.000000,0.000000,
10.439220,20.000000,5.401000,0.000000,0.000000,
10.466944,20.000000,5.015667,0.000000,0.000000,
10.482330,20.000000,5.401000,0.000000,0.000000,
10.520376,20.000000,5.015667,0.000000,0.000000,
10.557985,20.000000,5.401000,0.000000,0.000000,
10.590055,20.000000,5.015667,0.000000,0.000000,
10.617983,20.000000,5.401000,0.000000,0.000000,
10.633202,20.000000,5.015667,0.000000,0.000000,
10.670832,20.000000,5.401000,0.000000,0.000000,
10.699663,20.000000,5.015667,0.000000,0.000000,
10.714064,20.000000,5.401000,0.000000,0.000000,
10.749786,20.000000,5.015667,0.000000,0.000000,
10.787350,20.000000,5.401000,0.000000,0.000000,
10.821621,20.000000,5.015667,0.000000,0.000000,
10.849858,20.000000,5.401000,0.000000,0.000000,
10.878271,20.000000,5.015667,0.000000,0.000000,
10.910642,20.000000,5.401000,0.000000,0.000000,
10.937891,20.000000,5.015667,0.000000,0.000000,
10.958122,20.000000,5.401000,0.000000,0.000000,
10.991781,20.000000,5.015667,0.000000,0.000000,
11.019184,20.000000,5.401000,0.000000,0.000000,
11.034523,20.000000,5.015667,0.000000,0.000000,
11.078463,20.000000,5.401000,0.000000,0.000000,
11.106803,20.000000,5.015667,0.000000,0.000000,
11.134917,20.000000,5.401000,0.000000,0.000000,
11.151793,20.000000,5.015667,0.000000,0.000000,
11.186201,20.000000,5.401000,0.000000,0.000000,
11.216578,20.000000,5.015667,0.000000,0.000000,
11.231653,20.000000,5.401000,0.000000,0.000000,
11.264799,20.000000,5.015667,0.000000,0.000000,
11.293117,20.000000,5.401000,0.000000,0.000000,
11.309965,20.000000,5.015667,0.000000,0.000000,
11.345333,20.000000,5.401000,0.000000,0.000000,
11.373490,20.000000,5.015667,0.000000,0.000000,
11.388675,20.000000,5.401000,0.000000,0.000000,
11.420854,20.000000,5.015667,0.000000,0.000000,
11.448692,20.000000,5.401000,0.000000,0.000000,
11.477214,20.000000,5.015667,0.000000,0.000000,
11.495080,20.000000,5.401000,0.000000,0.000000,
11.527337,20.000000,5.015667,0.000000,0.000000,
11.554119,20.000000,5.401000,0.000000,0.000000,
11.577061,20.000000,5.015667,0.000000,0.000000,
11.615120,20.000000,5.401000,0.000000,0.000000,
11.643500,20.000000,5.015667,0.000000,0.000000,
11.659636,20.000000,5.401000,0.000000,0.000000,
11.699109,20.000000,5.015667,0.000000,0.000000,
11.733469,20.000000,5.401000,0.000000,0.000000,
11.761613,20.000000,5.015667,0.000000,0.000000,
11.776362,20.000000,5.401000,0.000000,0.000000,
11.810033,20.000000,5.015667,0.000000,0.000000,
11.838119,20.000000,5.401000,0.000000,0.000000,
11.865779,20.000000,5.015667,0.000000,0.000000,
11.883056,20.000000,5.401000,0.000000,0.000000,
11.916582,20.000000,5.015667,0.000000,0.000000,
11.944727,20.000000,5.401000,0.000000,0.000000,
11.961616,20.000000,5.015667,0.000000,0.000000,
11.995180,20.000000,5.401000,0.000000,0.000000,
12.022924,20.000000,5.015667,0.000000,0.000000,
12.051184,20.000000,5.401000,0.000000,0.000000,
12.072451,20.000000,5.015667,0.000000,0.000000,
12.108372,20.000000,5.401000,0.000000,0.000000,
12.136334,20.000000,5.015667,0.000000,0.000000,
12.151060,20.000000,5.401000,0.000000,0.000000,
12.184810,20.000000,5.015667,0.000000,0.000000,
12.219553,20.000000,5.401000,0.000000,0.000000,
12.251489,20.000000,5.015667,0.000000,0.000000,
12.279048,20.000000,5.401000,0.000000,0.000000,
12.295604,20.000000,5.015667,0.000000,0.000000,
12.329166,20.000000,5.401000,0.000000,0.000000,
12.356987,0.001000,0.001000,0.000000,0.000000,
12.371329,0.001000,0.001000,0.000000,0.000000,
12.408031,0.001000,0.001000,0.000000,0.000000,
12.439035,0.001000,0.001000,0.000000,0.000000,
12.469264,0.001000,0.001000,0.000000,0.000000,
12.504570,0.001000,0.001000,0.000000,0.000000,
12.539435,0.001000,0.001000,0.000000,0.000000,
12.573926,0.001000,0.001000,0.000000,0.000000,
12.602051,0.001000,0.001000,0.000000,0.000000,
12.629943,0.001000,0.001000,0.000000,0.000000,
12.655571,0.001000,0.001000,0.000000,0.000000,
12.689553,0.001000,0.001000,0.000000,0.000000,
12.716987,0.001000,0.001000,0.000000,0.000000,
12.744825,0.001000,0.001000,0.000000,0.000000,
12.765956,0.001000,0.001000,0.000000,0.000000,
12.800001,0.001000,0.001000,0.000000,0.000000,
12.828025,0.001000,0.001000,0.000000,0.000000,
12.842758,0.001000,0.001000,0.000000,0.000000,
12.877514,0.001000,0.001000,0.000000,0.000000,
12.905779,0.001000,0.001000,0.000000,0.000000,
12.920265,0.001000,0.001000,0.000000,0.000000,
12.952881,0.001000,0.001000,0.000000,0.000000,
12.980046,0.001000,0.001000,0.000000,0.000000,
13.000801,0.001000,0.001000,0.000000,0.000000,
13.034123,0.001000,0.001000,0.000000,0.000000,
13.062486,0.001000,0.001000,0.000000,0.000000,
13.090669,0.001000,0.001000,0.000000,0.000000,
13.112179,0.001000,0.001000,0.000000,0.000000,
13.149712,0.001000,0.001000,0.000000,0.000000,
13.186329,0.001000,0.001000,0.000000,0.000000,
13.214960,0.001000,0.001000,0.000000,0.000000,
13.231523,0.001000,0.001000,0.000000,0.000000,
13.265676,0.001000,0.001000,0.000000,0.000000,
13.293802,0.001000,0.001000,0.000000,0.000000,
13.322491,0.001000,0.001000,0.000000,0.000000,
13.346534,0.001000,0.001000,0.000000,0.000000,
13.383342,0.001000,0.001000,0.000000,0.000000,
13.417683,0.001000,0.001000,0.000000,0.000000,
13.445667,0.001000,0.001000,0.000000,0.000000,
13.461471,0.001000,0.001000,0.000000,0.000000,
13.496378,0.001000,0.001000,0.000000,0.000000,
13.529248,0.001000,0.001000,0.000000,0.000000,
13.557091,0.001000,0.001000,0.000000,0.000000,
13.578328,0.001000,0.001000,0.000000,0.000000,
13.613899,0.001000,0.001000,0.000000,0.000000,
13.649132,0.001000,0.001000,0.000000,0.000000,
13.677676,0.001000,0.001000,0.000000,0.000000,
13.705936,0.001000,0.001000,0.000000,0.000000,
13.728202,0.001000,0.001000,0.000000,0.000000,
13.761870,0.001000,0.001000,0.000000,0.000000,
13.790475,0.001000,0.001000,0.000000,0.000000,
13.820663,0.001000,0.001000,0.000000,0.000000,
13.841497,0.001000,0.001000,0.000000,0.000000,
13.876861,0.001000,0.001000,0.000000,0.000000,
13.904443,0.001000,0.001000,0.000000,0.000000,
13.919322,0.001000,0.001000,0.000000,0.000000,
13.952521,0.001000,0.001000,0.000000,0.000000,
13.990314,0.001000,0.001000,0.000000,0.000000,
14.023893,0.001000,0.001000,0.000000,0.000000,
14.052162,0.001000,0.001000,0.000000,0.000000,
14.092257,0.001000,0.001000,0.000000,0.000000,
14.116898,0.001000,0.001000,0.000000,0.000000,
14.153029,0.001000,0.001000,0.000000,0.000000,
14.190188,0.001000,0.001000,0.000000,0.000000,
14.226614,0.001000,0.001000,0.000000,0.000000,
14.262700,0.001000,0.001000,0.000000,0.000000,
14.290187,0.001000,0.001000,0.000000,0.000000,
14.304925,0.001000,0.001000,0.000000,0.000000,
14.338108,0.001000,0.001000,0.000000,0.000000,
14.374646,0.001000,0.001000,0.000000,0.000000,
14.402853,0.001000,0.001000,0.000000,0.000000,
14.431106,0.001000,0.001000,0.000000,0.000000,
14.451516,0.001000,0.001000,0.000000,0.000000,
14.492149,0.001000,0.001000,0.000000,0.000000,
14.520268,0.001000,0.001000,0.000000,0.000000,
14.547997,0.001000,0.001000,0.000000,0.000000,
14.568541,0.001000,0.001000,0.000000,0.000000,
14.608109,0.001000,0.001000,0.000000,0.000000,
14.636140,0.001000,0.001000,0.000000,0.000000,
14.653101,0.001000,0.001000,0.000000,0.000000,
14.697554,0.001000,0.001000,0.000000,0.000000,
14.727186,0.001000,0.001000,0.000000,0.000000,
14.742657,0.001000,0.001000,0.000000,0.000000,
14.781871,0.001000,0.001000,0.000000,0.000000,
14.811878,0.001000,0.001000,0.000000,0.000000,
14.842480,0.001000,0.001000,0.000000,0.000000,
14.872383,0.001000,0.001000,0.000000,0.000000,
14.887624,0.001000,0.001000,0.000000,0.000000,
14.925725,0.001000,0.001000,0.000000,0.000000,
14.954994,0.001000,0.001000,0.000000,0.000000,
14.983486,0.001000,0.001000,0.000000,0.000000,
14.999083,0.001000,0.001000,0.000000,0.000000,
15.033529,0.001000,0.001000,0.000000,0.000000,
15.062135,0.001000,0.001000,0.000000,0.000000,
15.079326,0.001000,0.001000,0.000000,0.000000,
15.113443,0.001000,0.001000,0.000000,0.000000,
15.141455,0.001000,0.001000,0.000000,0.000000,
15.169461,0.001000,0.001000,0.000000,0.000000,
15.193669,0.001000,0.001000,0.000000,0.000000,
15.229368,0.001000,0.001000,0.000000,0.000000,
15.263534,0.001000,0.001000,0.000000,0.000000,
15.291705,0.001000,0.001000,0.000000,0.000000,
15.319737,0.001000,0.001000,0.000000,0.000000,
15.341326,0.001000,0.001000,0.000000,0.000000,
15.376977,0.001000,0.001000,0.000000,0.000000,
15.405196,0.001000,0.001000,0.000000,0.000000,
15.433619,0.001000,0.001000,0.000000,0.000000,
15.452702,0.001000,0.001000,0.000000,0.000000,
15.488122,0.001000,0.001000,0.000000,0.000000,
15.527378,0.001000,0.001000,0.000000,0.000000,
15.559933,0.001000,0.001000,0.000000,0.000000,
15.588209,0.001000,0.001000,0.000000,0.000000,
15.616960,0.001000,0.001000,0.000000,0.000000,
15.635913,0.001000,0.001000,0.000000,0.000000,
15.674036,0.001000,0.001000,0.000000,0.000000,
15.708782,0.001000,0.001000,0.000000,0.000000,
15.736041,0.001000,0.001000,0.000000,0.000000,
15.750783,0.001000,0.001000,0.000000,0.000000,
15.806031,0.001000,0.001000,0.000000,0.000000,
15.861644,0.001000,0.001000,0.000000,0.000000,
15.889751,0.001000,0.001000,0.000000,0.000000,
15.917325,0.001000,0.001000,0.000000,0.000000,
15.934452,0.001000,0.001000,0.000000,0.000000,
15.968584,0.001000,0.001000,0.000000,0.000000,
15.997363,0.001000,0.001000,0.000000,0.000000,
16.012029,0.001000,0.001000,0.000000,0.000000,
16.046115,0.001000,0.001000,0.000000,0.000000,
16.082803,0.001000,0.001000,0.000000,0.000000,
16.119330,0.001000,0.001000,0.000000,0.000000,
16.153235,0.001000,0.001000,0.000000,0.000000,
16.182500,0.001000,0.001000,0.000000,0.000000,
16.211670,0.001000,0.001000,0.000000,0.000000,
16.228749,0.001000,0.001000,0.000000,0.000000,
16.261237,0.001000,0.001000,0.000000,0.000000,
16.288808,0.001000,0.001000,0.000000,0.000000,
16.303244,0.001000,0.001000,0.000000,0.000000,
16.337512,0.001000,0.001000,0.000000,0.000000,
16.364780,0.001000,0.001000,0.000000,0.000000,
16.393256,0.001000,0.001000,0.000000,0.000000,
16.416347,0.001000,0.001000,0.000000,0.000000,
16.451698,0.001000,0.001000,0.000000,0.000000,
16.487488,0.001000,0.001000,0.000000,0.000000,
16.515851,0.001000,0.001000,0.000000,0.000000,
16.530935,0.001000,0.001000,0.000000,0.000000,
16.564349,0.001000,0.001000,0.000000,0.000000,
16.592799,0.001000,0.001000,0.000000,0.000000,
16.609903,0.001000,0.001000,0.000000,0.000000,
16.643336,0.001000,0.001000,0.000000,0.000000,
16.680562,0.001000,0.001000,0.000000,0.000000,
16.714211,0.001000,0.001000,0.000000,0.000000,
16.743096,0.001000,0.001000,0.000000,0.000000,
16.759752,0.001000,0.001000,0.000000,0.000000,
16.797372,0.001000,0.001000,0.000000,0.000000,
16.833045,0.001000,0.001000,0.000000,0.000000,
16.861258,0.601000,0.601000,0.000000,0.000000,
16.890472,1.201000,1.201000,0.000000,0.000000,
16.909598,1.801000,1.801000,0.000000,0.000000,
16.944995,2.401000,2.401000,0.000000,0.000000,
16.974380,3.001000,3.001000,0.000000,0.000000,
17.002209,3.601000,3.601000,0.000000,0.000000,
17.019829,4.201000,4.201000,0.000000,0.000000,
17.053600,4.801000,4.801000,0.000000,0.000000,
17.081899,5.401000,5.401000,0.000000,0.000000,
17.097019,6.000999,5.015667,0.000000,0.000000,
17.130411,6.600999,5.401000,0.000000,0.000000,
17.158642,7.200999,5.015667,0.000000,0.000000,
17.173852,7.800999,5.401000,0.000000,0.000000,
17.211326,8.400999,5.015667,0.000000,0.000000,
17.248275,9.000999,5.401000,0.000000,0.000000,
17.285886,9.601000,5.015667,0.000000,0.000000,
17.314685,10.201000,5.401000,0.000000,0.000000,
17.329358,10.801001,5.015667,0.000000,0.000000,
17.362327,11.401001,5.401000,0.000000,0.000000,
17.399561,12.001001,5.015667,0.000000,0.000000,
17.427403,12.601002,5.401000,0.000000,0.000000,
17.455741,13.201002,5.015667,0.000000,0.000000,
17.477448,13.801003,5.401000,0.000000,0.000000,
17.528325,14.401003,5.015667,0.000000,0.000000,
17.566601,15.001003,5.401000,0.000000,0.000000,
17.601776,15.601004,5.015667,0.000000,0.000000,
17.630170,16.201004,5.401000,0.000000,0.000000,
17.645511,16.801004,5.015667,0.000000,0.000000,
17.679275,17.401005,5.401000,0.000000,0.000000,
17.720330,18.001005,5.015667,0.000000,0.000000,
17.749015,18.601006,5.401000,0.000000,0.000000,
17.777524,19.201006,5.015667,0.000000,0.000000,
17.796663,19.801006,5.401000,0.000000,0.000000,
17.834381,20.000000,5.015667,0.000000,0.000000,
17.872462,20.000000,5.401000,0.000000,0.000000,
17.899887,20.000000,5.015667,0.000000,0.000000,
17.927450,20.000000,5.401000,0.000000,0.000000,
17.946774,20.000000,5.015667,0.000000,0.000000,
17.980856,20.000000,5.401000,0.000000,0.000000,
18.009584,20.000000,5.015667,0.000000,0.000000,
18.024718,20.000000,5.401000,0.000000,0.000000,
18.059338,20.000000,5.015667,0.000000,0.000000,
18.095631,20.000000,5.401000,0.000000,0.000000,
18.129986,20.000000,5.015667,0.000000,0.000000,
18.157503,20.000000,5.401000,0.000000,0.000000,
18.172231,20.000000,5.015667,0.000000,0.000000,
18.215920,20.000000,5.401000,0.000000,0.000000,
18.243135,0.001000,0.001000,0.000000,0.000000,
18.270804,0.001000,0.001000,0.000000,0.000000,
18.293996,0.001000,0.001000,0.000000,0.000000,
18.327658,0.001000,0.001000,0.000000,0.000000,
18.355376,0.001000,0.001000,0.000000,0.000000,
18.369877,0.001000,0.001000,0.000000,0.000000,
18.402889,0.001000,0.001000,0.000000,0.000000,
18.430766,0.001000,0.001000,0.000000,0.000000,
18.445766,0.001000,0.001000,0.000000,0.000000,
18.479196,0.001000,0.001000,0.000000,0.000000,
18.507458,0.001000,0.001000,0.000000,0.000000,
18.524745,0.001000,0.001000,0.000000,0.000000,
18.557882,0.001000,0.001000,0.000000,0.000000,
18.586378,0.001000,0.001000,0.000000,0.000000,
18.601516,0.001000,0.001000,0.000000,0.000000,
18.644985,0.001000,0.001000,0.000000,0.000000,
18.673496,0.001000,0.001000,0.000000,0.000000,
18.689748,0.001000,0.001000,0.000000,0.000000,
18.722588,0.001000,0.001000,0.000000,0.000000,
18.750181,0.001000,0.001000,0.000000,0.000000,
18.767011,0.001000,0.001000,0.000000,0.000000,
18.800870,0.001000,0.001000,0.000000,0.000000,
18.837381,0.001000,0.001000,0.000000,0.000000,
18.872714,0.001000,0.001000,0.000000,0.000000,
18.901794,0.001000,0.001000,0.000000,0.000000,
18.930068,0.001000,0.001000,0.000000,0.000000,
18.949795,0.001000,0.001000,0.000000,0.000000,
18.985836,0.001000,0.001000,0.000000,0.000000,
19.013793,0.001000,0.001000,0.000000,0.000000,
19.043634,0.001000,0.001000,0.000000,0.000000,
19.063028,0.001000,0.001000,0.000000,0.000000,
19.100225,0.001000,0.001000,0.000000,0.000000,
19.135256,0.001000,0.001000,0.000000,0.000000,
19.163767,0.001000,0.001000,0.000000,0.000000,
19.178775,0.001000,0.001000,0.000000,0.000000,
19.212059,0.001000,0.001000,0.000000,0.000000,
19.248317,0.001000,0.001000,0.000000,0.000000,
19.300228,0.001000,0.001000,0.000000,0.000000,
19.328624,0.001000,0.001000,0.000000,0.000000,
19.345006,0.001000,0.001000,0.000000,0.000000,
19.377770,0.001000,0.001000,0.000000,0.000000,
19.405981,0.001000,0.001000,0.000000,0.000000,
19.420546,0.001000,0.001000,0.000000,0.000000,
19.453996,0.001000,0.001000,0.000000,0.000000,
19.482385,0.001000,0.001000,0.000000,0.000000,
19.496964,0.001000,0.001000,0.000000,0.000000,
19.530256,0.001000,0.001000,0.000000,0.000000,
19.558385,0.001000,0.001000,0.000000,0.000000,
19.586775,0.001000,0.001000,0.000000,0.000000,
19.608222,0.001000,0.001000,0.000000,0.000000,
19.642062,0.001000,0.001000,0.000000,0.000000,
19.670123,0.001000,0.001000,0.000000,0.000000,
19.688700,0.001000,0.001000,0.000000,0.000000,
19.721846,0.601000,0.601000,0.000000,0.000000,
19.749545,1.201000,1.201000,0.000000,0.000000,
19.766790,1.801000,1.801000,0.000000,0.000000,
19.800987,2.401000,2.401000,0.000000,0.000000,
19.829706,3.001000,3.001000,0.000000,0.000000,
19.858232,3.601000,3.601000,0.000000,0.000000,
19.880388,4.201000,4.201000,0.000000,0.000000,
19.917671,4.801000,4.801000,0.000000,0.000000,
19.956281,5.401000,5.401000,0.000000,0.000000,
19.991434,6.000999,5.015667,0.000000,0.000000,
20.019330,6.600999,5.401000,0.000000,0.000000,
20.035067,7.200999,5.015667,0.000000,0.000000,
20.068937,7.800999,5.401000,0.000000,0.000000,
20.103329,8.400999,5.015667,0.000000,0.000000,
20.136518,9.000999,5.401000,0.000000,0.000000,
20.164368,9.601000,5.015667,0.000000,0.000000,
20.179334,10.201000,5.401000,0.000000,0.000000,
20.212841,10.801001,5.015667,0.000000,0.000000,
20.240547,11.401001,5.401000,0.000000,0.000000,
20.255434,12.001001,5.015667,0.000000,0.000000,
20.289577,12.601002,5.401000,0.000000,0.000000,
20.317103,13.201002,5.015667,0.000000,0.000000,
20.345207,13.801003,5.401000,0.000000,0.000000,
20.368536,14.401003,5.015667,0.000000,0.000000,
20.404609,15.001003,5.401000,0.000000,0.000000,
20.446357,15.601004,5.015667,0.000000,0.000000,
20.474425,16.201004,5.401000,0.000000,0.000000,
20.502068,16.801004,5.015667,0.000000,0.000000,
20.521860,17.401005,5.401000,0.000000,0.000000,
20.554905,18.001005,5.015667,0.000000,0.000000,
20.583101,18.601006,5.401000,0.000000,0.000000,
20.611103,19.201006,5.015667,0.000000,0.000000,
20.632139,19.801006,5.401000,0.000000,0.000000,
20.666134,20.000000,5.015667,0.000000,0.000000,
20.694379,20.000000,5.401000,0.000000,0.000000,
20.709989,20.000000,5.015667,0.000000,0.000000,
20.742638,20.000000,5.401000,0.000000,0.000000,
20.780224,20.000000,5.015667,0.000000,0.000000,
20.814470,20.000000,5.401000,0.000000,0.000000,
20.842584,20.000000,5.015667,0.000000,0.000000,
20.870609,20.000000,5.401000,0.000000,0.000000,
20.886929,20.000000,5.015667,0.000000,0.000000,
20.920127,20.000000,5.401000,0.000000,0.000000,
20.947900,20.000000,5.015667,0.000000,0.000000,
20.975693,20.000000,5.401000,0.000000,0.000000,
20.996759,20.000000,5.015667,0.000000,0.000000,
21.049521,20.000000,5.401000,0.000000,0.000000,
21.089015,20.000000,5.015667,0.000000,0.000000,
21.116186,20.000000,5.401000,0.000000,0.000000,
21.144658,20.000000,5.015667,0.000000,0.000000,
21.163553,20.000000,5.401000,0.000000,0.000000,
21.199320,20.000000,5.015667,0.000000,0.000000,
21.229447,20.000000,5.401000,0.000000,0.000000,
21.257707,20.000000,5.015667,0.000000,0.000000,
21.273330,20.000000,5.401000,0.000000,0.000000,
21.308451,20.000000,5.015667,0.000000,0.000000,
21.336264,20.000000,5.401000,0.000000,0.000000,
21.351043,20.000000,5.015667,0.000000,0.000000,
21.384386,20.000000,5.401000,0.000000,0.000000,
21.420624,20.000000,5.015667,0.000000,0.000000,
21.455404,20.000000,5.401000,0.000000,0.000000,
21.483564,20.000000,5.015667,0.000000,0.000000,
21.498817,20.000000,5.401000,0.000000,0.000000,
21.531892,20.000000,5.015667,0.000000,0.000000,
21.559674,20.000000,5.401000,0.000000,0.000000,
21.587347,20.000000,5.015667,0.000000,0.000000,
21.601496,20.000000,5.401000,0.000000,0.000000,
21.642496,20.000000,5.015667,0.000000,0.000000,
21.670157,20.000000,5.401000,0.000000,0.000000,
21.700709,20.000000,5.015667,0.000000,0.000000,
21.716482,20.000000,5.401000,0.000000,0.000000,
21.751890,20.000000,5.015667,0.000000,0.000000,
21.780611,20.000000,5.401000,0.000000,0.000000,
21.808891,20.000000,5.015667,0.000000,0.000000,
21.826518,20.000000,5.401000,0.000000,0.000000,
21.859885,20.000000,5.015667,0.000000,0.000000,
21.887425,20.000000,5.401000,0.000000,0.000000,
21.915990,20.000000,5.015667,0.000000,0.000000,
21.937341,20.000000,5.401000,0.000000,0.000000,
21.970531,20.000000,5.015667,0.000000,0.000000,
21.998485,20.000000,5.401000,0.000000,0.000000,
22.013514,20.000000,5.015667,0.000000,0.000000,
22.047653,20.000000,5.401000,0.000000,0.000000,
22.075877,20.000000,5.015667,0.000000,0.000000,
22.090477,20.000000,5.401000,0.000000,0.000000,
22.123945,20.000000,5.015667,0.000000,0.000000,
22.151322,20.000000,5.401000,0.000000,0.000000,
22.170391,20.000000,5.015667,0.000000,0.000000,
22.206847,20.000000,5.401000,0.000000,0.000000,
22.234171,20.000000,5.015667,0.000000,0.000000,
22.249851,20.000000,5.401000,0.000000,0.000000,
22.283371,20.000000,5.015667,0.000000,0.000000,
22.317398,20.000000,5.401000,0.000000,0.000000,
22.348734,20.000000,5.015667,0.000000,0.000000,
22.376582,20.000000,5.401000,0.000000,0.000000,
22.405928,20.000000,5.015667,0.000000,0.000000,
22.431040,20.000000,5.401000,0.000000,0.000000,
22.465733,20.000000,5.015667,0.000000,0.000000,
22.494001,20.000000,5.401000,0.000000,0.000000,
22.511160,20.000000,5.015667,0.000000,0.000000,
22.544773,20.000000,5.401000,0.000000,0.000000,
22.572894,20.000000,5.015667,0.000000,0.000000,
22.588454,20.000000,5.401000,0.000000,0.000000,
22.622826,20.000000,5.015667,0.000000,0.000000,
22.650152,20.000000,5.401000,0.000000,0.000000,
22.678170,20.000000,5.015667,0.000000,0.000000,
22.703555,20.000000,5.401000,0.000000,0.000000,
22.741321,20.000000,5.015667,0.000000,0.000000,
22.775732,20.000000,5.401000,0.000000,0.000000,
22.803897,20.000000,5.015667,0.000000,0.000000,
22.818572,20.000000,5.401000,0.000000,0.000000,
22.856764,20.000000,5.015667,0.000000,0.000000,
22.891145,20.000000,5.401000,0.000000,0.000000,
22.915596,20.000000,5.015667,0.000000,0.000000,
22.949658,20.000000,5.401000,0.000000,0.000000,
22.978011,20.000000,5.015667,0.000000,0.000000,
23.006645,20.000000,5.401000,0.000000,0.000000,
23.023478,20.000000,5.015667,0.000000,0.000000,
23.057169,20.000000,5.401000,0.000000,0.000000,
23.084973,20.000000,5.015667,0.000000,0.000000,
23.112654,20.000000,5.401000,0.000000,0.000000,
23.132485,20.000000,5.015667,0.000000,0.000000,
23.166505,20.000000,5.401000,0.000000,0.000000,
23.193829,20.000000,5.015667,0.000000,0.000000,
23.212970,20.000000,5.401000,0.000000,0.000000,
23.245678,20.000000,5.015667,0.000000,0.000000,
23.273915,20.000000,5.401000,0.000000,0.000000,
23.293064,20.000000,5.015667,0.000000,0.000000,
23.327384,20.000000,5.401000,0.000000,0.000000,
23.354164,20.000000,5.015667,0.000000,0.000000,
23.368656,20.000000,5.401000,0.000000,0.000000,
23.401671,20.000000,5.015667,0.000000,0.000000,
23.429547,20.000000,5.401000,0.000000,0.000000,
23.444318,20.000000,5.015667,0.000000,0.000000,
23.482743,20.000000,5.401000,0.000000,0.000000,
23.519324,20.000000,5.015667,0.000000,0.000000,
23.554340,20.000000,5.401000,0.000000,0.000000,
23.582464,20.000000,5.015667,0.000000,0.000000,
23.597663,20.000000,5.401000,0.000000,0.000000,
23.631313,20.000000,5.015667,0.000000,0.000000,
23.659697,20.000000,5.401000,0.000000,0.000000,
23.675053,20.000000,5.015667,0.000000,0.000000,
23.709998,20.000000,5.401000,0.000000,0.000000,
23.737293,20.000000,5.015667,0.000000,0.000000,
23.751836,20.000000,5.401000,0.000000,0.000000,
23.784136,20.000000,5.015667,0.000000,0.000000,
23.811980,20.000000,5.401000,0.000000,0.000000,
23.830793,20.000000,5.015667,0.000000,0.000000,
23.866315,20.000000,5.401000,0.000000,0.000000,
23.900540,20.000000,5.015667,0.000000,0.000000,
23.928928,20.000000,5.401000,0.000000,0.000000,
23.956849,20.000000,5.015667,0.000000,0.000000,
23.981512,20.000000,5.401000,0.000000,0.000000,
24.018438,20.000000,5.015667,0.000000,0.000000,
24.046888,20.000000,5.401000,0.000000,0.000000,
24.061673,20.000000,5.015667,0.000000,0.000000,
24.095518,20.000000,5.401000,0.000000,0.000000,
24.123248,20.000000,5.015667,0.000000,0.000000,
24.138386,20.000000,5.401000,0.000000,0.000000,
24.175682,20.000000,5.015667,0.000000,0.000000,
24.212658,20.000000,5.401000,0.000000,0.000000,
24.240324,20.000000,5.015667,0.000000,0.000000,
24.268538,20.000000,5.401000,0.000000,0.000000,
24.289163,20.000000,5.015667,0.000000,0.000000,
24.324608,20.000000,5.401000,0.000000,0.000000,
24.352433,20.000000,5.015667,0.000000,0.000000,
24.380302,20.000000,5.401000,0.000000,0.000000,
24.399715,20.000000,5.015667,0.000000,0.000000,
24.443137,20.000000,5.401000,0.000000,0.000000,
24.471842,20.000000,5.015667,0.000000,0.000000,
24.486655,20.000000,5.401000,0.000000,0.000000,
24.519634,20.000000,5.015667,0.000000,0.000000,
24.547724,20.000000,5.401000,0.000000,0.000000,
24.564602,20.000000,5.015667,0.000000,0.000000,
24.605333,20.000000,5.401000,0.000000,0.000000,
24.636306,20.000000,5.015667,0.000000,0.000000,
24.664298,0.001000,0.001000,0.000000,0.000000,
24.683422,0.001000,0.001000,0.000000,0.000000,
24.740863,0.001000,0.001000,0.000000,0.000000,
24.770375,0.001000,0.001000,0.000000,0.000000,
24.785171,0.001000,0.001000,0.000000,0.000000,
24.817861,0.001000,0.001000,0.000000,0.000000,
24.845630,0.001000,0.001000,0.000000,0.000000,
24.860791,0.001000,0.001000,0.000000,0.000000,
24.894048,0.001000,0.001000,0.000000,0.000000,
24.924689,0.001000,0.001000,0.000000,0.000000,
24.952108,0.001000,0.001000,0.000000,0.000000,
24.968745,0.001000,0.001000,0.000000,0.000000,
25.003416,0.001000,0.001000,0.000000,0.000000,
25.031203,0.001000,0.001000,0.000000,0.000000,
25.045864,0.001000,0.001000,0.000000,0.000000,
25.079542,0.001000,0.001000,0.000000,0.000000,
25.108022,0.001000,0.001000,0.000000,0.000000,
25.122886,0.001000,0.001000,0.000000,0.000000,
25.155880,0.001000,0.001000,0.000000,0.000000,
25.183338,0.001000,0.001000,0.000000,0.000000,
25.211338,0.001000,0.001000,0.000000,0.000000,
25.230458,0.001000,0.001000,0.000000,0.000000,
25.264803,0.001000,0.001000,0.000000,0.000000,
25.293162,0.001000,0.001000,0.000000,0.000000,
25.321973,0.001000,0.001000,0.000000,0.000000,
25.343063,0.001000,0.001000,0.000000,0.000000,
25.376219,0.001000,0.001000,0.000000,0.000000,
25.404412,0.001000,0.001000,0.000000,0.000000,
25.432932,0.001000,0.001000,0.000000,0.000000,
25.454193,0.001000,0.001000,0.000000,0.000000,
25.492328,0.001000,0.001000,0.000000,0.000000,
25.520693,0.001000,0.001000,0.000000,0.000000,
25.547996,0.001000,0.001000,0.000000,0.000000,
25.565231,0.001000,0.001000,0.000000,0.000000,
25.601360,0.001000,0.001000,0.000000,0.000000,
25.629956,0.001000,0.001000,0.000000,0.000000,
25.658304,0.001000,0.001000,0.000000,0.000000,
25.673193,0.001000,0.001000,0.000000,0.000000,
25.706480,0.001000,0.001000,0.000000,0.000000,
25.735534,0.001000,0.001000,0.000000,0.000000,
25.750318,0.001000,0.001000,0.000000,0.000000,
25.788755,0.001000,0.001000,0.000000,0.000000,
25.823001,0.001000,0.001000,0.000000,0.000000,
25.849637,0.001000,0.001000,0.000000,0.000000,
25.876695,0.001000,0.001000,0.000000,0.000000,
25.898007,0.601000,0.601000,0.000000,0.000000,
25.931869,1.201000,1.201000,0.000000,0.000000,
25.960334,1.801000,1.801000,0.000000,0.000000,
25.988567,2.401000,2.401000,0.000000,0.000000,
26.009907,3.001000,3.001000,0.000000,0.000000,
26.048410,3.601000,3.601000,0.000000,0.000000,
26.084457,4.201000,4.201000,0.000000,0.000000,
26.112364,4.801000,4.801000,0.000000,0.000000,
26.140661,5.401000,5.401000,0.000000,0.000000,
26.157403,6.000999,5.015667,0.000000,0.000000,
26.190492,6.600999,5.401000,0.000000,0.000000,
26.217780,7.200999,5.015667,0.000000,0.000000,
26.246676,7.800999,5.401000,0.000000,0.000000,
26.269623,8.400999,5.015667,0.000000,0.000000,
26.306432,9.000999,5.401000,0.000000,0.000000,
26.333635,9.601000,5.015667,0.000000,0.000000,
26.361729,10.201000,5.401000,0.000000,0.000000,
26.381325,10.801001,5.015667,0.000000,0.000000,
26.417411,11.401001,5.401000,0.000000,0.000000,
26.453688,12.001001,5.015667,0.000000,0.000000,
26.491897,12.601002,5.401000,0.000000,0.000000,
26.527926,13.201002,5.015667,0.000000,0.000000,
26.562580,13.801003,5.401000,0.000000,0.000000,
26.591324,14.401003,5.015667,0.000000,0.000000,
26.606093,15.001003,5.401000,0.000000,0.000000,
26.653113,15.601004,5.015667,0.000000,0.000000,
26.691925,16.201004,5.401000,0.000000,0.000000,
26.726710,16.801004,5.015667,0.000000,0.000000,
26.754734,17.401005,5.401000,0.000000,0.000000,
26.769687,18.001005,5.015667,0.000000,0.000000,
26.803592,18.601006,5.401000,0.000000,0.000000,
26.837834,19.201006,5.015667,0.000000,0.000000,
26.865025,19.801006,5.401000,0.000000,0.000000,
26.893748,20.000000,5.015667,0.000000,0.000000,
26.916708,20.000000,5.401000,0.000000,0.000000,
26.954884,20.000000,5.015667,0.000000,0.000000,
26.989123,20.000000,5.401000,0.000000,0.000000,
27.015943,20.000000,5.015667,0.000000,0.000000,
27.032373,20.000000,5.401000,0.000000,0.000000,
27.066886,20.000000,5.015667,0.000000,0.000000,
27.095462,20.000000,5.401000,0.000000,0.000000,
27.110385,20.000000,5.015667,0.000000,0.000000,
27.143789,20.000000,5.401000,0.000000,0.000000,
27.182760,20.000000,5.015667,0.000000,0.000000,
27.215562,20.000000,5.401000,0.000000,0.000000,
27.243701,20.000000,5.015667,0.000000,0.000000,
27.271653,20.000000,5.401000,0.000000,0.000000,
27.293656,20.000000,5.015667,0.000000,0.000000,
27.327201,20.000000,5.401000,0.000000,0.000000,
27.356020,20.000000,5.015667,0.000000,0.000000,
27.384314,20.000000,5.401000,0.000000,0.000000,
27.407884,20.000000,5.015667,0.000000,0.000000,
27.444731,20.000000,5.401000,0.000000,0.000000,
27.482748,20.000000,5.015667,0.000000,0.000000,
27.511047,20.000000,5.401000,0.000000,0.000000,
27.538562,20.000000,5.015667,0.000000,0.000000,
27.553701,20.000000,5.401000,0.000000,0.000000,
27.586805,20.000000,5.015667,0.000000,0.000000,
27.614947,20.000000,5.401000,0.000000,0.000000,
27.629861,20.000000,5.015667,0.000000,0.000000,
27.662981,20.000000,5.401000,0.000000,0.000000,
27.691146,20.000000,5.015667,0.000000,0.000000,
27.718638,0.001000,0.001000,0.000000,0.000000,
27.741684,0.001000,0.001000,0.000000,0.000000,
27.780386,0.001000,0.001000,0.000000,0.000000,
27.809036,0.001000,0.001000,0.000000,0.000000,
27.837997,0.001000,0.001000,0.000000,0.000000,
27.854674,0.001000,0.001000,0.000000,0.000000,
27.887829,0.001000,0.001000,0.000000,0.000000,
27.915085,0.001000,0.001000,0.000000,0.000000,
27.943185,0.001000,0.001000,0.000000,0.000000,
27.962161,0.001000,0.001000,0.000000,0.000000,
27.996390,0.001000,0.001000,0.000000,0.000000,
28.024111,0.001000,0.001000,0.000000,0.000000,
28.040660,0.001000,0.001000,0.000000,0.000000,
28.077449,0.001000,0.001000,0.000000,0.000000,
28.105513,0.001000,0.001000,0.000000,0.000000,
28.120787,0.001000,0.001000,0.000000,0.000000,
28.153754,0.001000,0.001000,0.000000,0.000000,
28.191036,0.001000,0.001000,0.000000,0.000000,
28.224458,0.001000,0.001000,0.000000,0.000000,
28.252545,0.001000,0.001000,0.000000,0.000000,
28.267130,0.001000,0.001000,0.000000,0.000000,
28.300020,0.001000,0.001000,0.000000,0.000000,
28.339316,0.001000,0.001000,0.000000,0.000000,
28.373567,0.001000,0.001000,0.000000,0.000000,
28.401497,0.001000,0.001000,0.000000,0.000000,
28.429370,0.001000,0.001000,0.000000,0.000000,
28.446954,0.001000,0.001000,0.000000,0.000000,
28.481337,0.001000,0.001000,0.000000,0.000000,
28.509778,0.001000,0.001000,0.000000,0.000000,
28.550365,0.001000,0.001000,0.000000,0.000000,
28.570985,0.001000,0.001000,0.000000,0.000000,
28.605238,0.001000,0.001000,0.000000,0.000000,
28.632421,0.001000,0.001000,0.000000,0.000000,
28.648519,0.001000,0.001000,0.000000,0.000000,
28.684033,0.001000,0.001000,0.000000,0.000000,
28.725082,0.001000,0.001000,0.000000,0.000000,
28.755850,0.001000,0.001000,0.000000,0.000000,
28.790419,0.001000,0.001000,0.000000,0.000000,
28.812721,0.001000,0.001000,0.000000,0.000000,
28.853824,0.001000,0.001000,0.000000,0.000000,
28.891325,0.001000,0.001000,0.000000,0.000000,
28.925158,0.001000,0.001000,0.000000,0.000000,
28.954254,0.001000,0.001000,0.000000,0.000000,
28.983575,0.001000,0.001000,0.000000,0.000000,
29.004143,0.001000,0.001000,0.000000,0.000000,
29.045589,0.001000,0.001000,0.000000,0.000000,
29.074691,0.001000,0.001000,0.000000,0.000000,
29.090858,0.001000,0.001000,0.000000,0.000000,
29.125822,0.001000,0.001000,0.000000,0.000000,
29.154090,0.001000,0.001000,0.000000,0.000000,
29.180128,0.001000,0.001000,0.000000,0.000000,
29.215485,0.001000,0.001000,0.000000,0.000000,
29.243952,0.001000,0.001000,0.000000,0.000000,
29.272385,0.001000,0.001000,0.000000,0.000000,
29.298367,0.001000,0.001000,0.000000,0.000000,
29.333336,0.001000,0.001000,0.000000,0.000000,
29.373600,0.001000,0.001000,0.000000,0.000000,
29.409694,0.001000,0.001000,0.000000,0.000000,
29.443972,0.001000,0.001000,0.000000,0.000000,
29.475846,0.001000,0.001000,0.000000,0.000000,
29.504148,0.001000,0.001000,0.000000,0.000000,
29.525533,0.001000,0.001000,0.000000,0.000000,
29.562936,0.001000,0.001000,0.000000,0.000000,
29.600749,0.001000,0.001000,0.000000,0.000000,
29.636041,0.001000,0.001000,0.000000,0.000000,
29.664700,0.001000,0.001000,0.000000,0.000000,
29.700349,0.001000,0.001000,0.000000,0.000000,
29.722424,0.001000,0.001000,0.000000,0.000000,
29.760142,0.001000,0.001000,0.000000,0.000000,
29.790156,0.001000,0.001000,0.000000,0.000000,
29.805736,0.001000,0.001000,0.000000,0.000000,
29.846579,0.001000,0.001000,0.000000,0.000000,
29.876325,0.001000,0.001000,0.000000,0.000000,
29.905064,0.001000,0.001000,0.000000,0.000000,
29.927351,0.001000,0.001000,0.000000,0.000000,
29.965360,0.001000,0.001000,0.000000,0.000000,
30.002381,0.001000,0.001000,0.000000,0.000000,
30.031789,0.001000,0.001000,0.000000,0.000000,
30.065235,0.001000,0.001000,0.000000,0.000000,
30.081118,0.001000,0.001000,0.000000,0.000000,
30.121150,0.001000,0.001000,0.000000,0.000000,
30.157082,0.001000,0.001000,0.000000,0.000000,
30.186455,0.001000,0.001000,0.000000,0.000000,
30.215690,0.001000,0.001000,0.000000,0.000000,
30.236450,0.001000,0.001000,0.000000,0.000000,
30.274349,0.001000,0.001000,0.000000,0.000000,
30.303686,0.001000,0.001000,0.000000,0.000000,
30.321537,0.001000,0.001000,0.000000,0.000000,
30.355128,0.001000,0.001000,0.000000,0.000000,
30.384303,0.001000,0.001000,0.000000,0.000000,
30.410438,0.001000,0.001000,0.000000,0.000000,
30.453333,0.001000,0.001000,0.000000,0.000000,
30.483179,0.001000,0.001000,0.000000,0.000000,
30.498577,0.001000,0.001000,0.000000,0.000000,
30.543371,0.001000,0.001000,0.000000,0.000000,
30.571454,0.001000,0.001000,0.000000,0.000000,
30.586903,0.001000,0.001000,0.000000,0.000000,
30.621581,0.001000,0.001000,0.000000,0.000000,
30.650392,0.001000,0.001000,0.000000,0.000000,
31.686816,0.001000,0.001000,0.000000,0.000000,
31.730740,0.001000,0.001000,0.000000,0.000000,
31.761606,0.001000,0.001000,0.000000,0.000000,
31.777113,0.001000,0.001000,0.000000,0.000000,
31.811978,0.001000,0.001000,0.000000,0.000000,
31.842936,0.001000,0.001000,0.000000,0.000000,
31.872167,0.001000,0.001000,0.000000,0.000000,
31.907278,0.001000,0.001000,0.000000,0.000000,
31.948184,0.001000,0.001000,0.000000,0.000000,
31.985371,0.001000,0.001000,0.000000,0.000000,
32.015180,0.001000,0.001000,0.000000,0.000000,
32.044002,0.001000,0.001000,0.000000,0.000000,
32.068503,0.001000,0.001000,0.000000,0.000000,
32.109742,0.001000,0.001000,0.000000,0.000000,
32.139930,0.001000,0.001000,0.000000,0.000000,
32.170010,0.001000,0.001000,0.000000,0.000000,
32.186661,0.001000,0.001000,0.000000,0.000000,
32.222360,0.001000,0.001000,0.000000,0.000000,
32.252683,0.001000,0.001000,0.000000,0.000000,
32.270416,0.001000,0.001000,0.000000,0.000000,
32.292614,0.001000,0.001000,0.000000,0.000000,
32.343570,0.001000,0.001000,0.000000,0.000000,
32.361581,0.001000,0.001000,0.000000,0.000000,
32.395262,0.001000,0.001000,0.000000,0.000000,
32.424247,0.001000,0.001000,0.000000,0.000000,
32.453047,0.001000,0.001000,0.000000,0.000000,
32.482029,0.001000,0.001000,0.000000,0.000000,
32.511024,0.001000,0.001000,0.000000,0.000000,
32.541929,0.001000,0.001000,0.000000,0.000000,
32.570545,0.001000,0.001000,0.000000,0.000000,
32.599074,0.001000,0.001000,0.000000,0.000000,
32.627820,0.001000,0.001000,0.000000,0.000000,
32.656853,0.001000,0.001000,0.000000,0.000000,
32.687364,0.001000,0.001000,0.000000,0.000000,
32.715962,0.001000,0.001000,0.000000,0.000000,
32.746587,0.001000,0.001000,0.000000,0.000000,
32.775819,0.001000,0.001000,0.000000,0.000000,
32.804627,0.001000,0.001000,0.000000,0.000000,
32.832856,0.001000,0.001000,0.000000,0.000000,
32.860565,0.001000,0.001000,0.000000,0.000000,
32.889520,0.001000,0.001000,0.000000,0.000000,
32.922924,0.001000,0.001000,0.000000,0.000000,
32.950965,0.001000,0.001000,0.000000,0.000000,
32.979468,0.001000,0.001000,0.000000,0.000000,
33.007864,0.001000,0.001000,0.000000,0.000000,
33.038815,0.001000,0.001000,0.000000,0.000000,
33.066660,0.001000,0.001000,0.000000,0.000000,
33.094523,0.001000,0.001000,0.000000,0.000000,
33.123113,0.001000,0.001000,0.000000,0.000000,
33.151352,0.001000,0.001000,0.000000,0.000000,
33.179937,0.001000,0.001000,0.000000,0.000000,
33.209001,0.001000,0.001000,0.000000,0.000000,
33.237522,0.001000,0.001000,0.000000,0.000000,
33.265486,0.001000,0.001000,0.000000,0.000000,
33.294026,0.001000,0.001000,0.000000,0.000000,
33.323031,0.001000,0.001000,0.000000,0.000000,
33.351383,0.001000,0.001000,0.000000,0.000000,
33.379841,0.001000,0.001000,0.000000,0.000000,
33.408478,0.001000,0.001000,0.000000,0.000000,
33.439295,0.001000,0.001000,0.000000,0.000000,
33.467294,0.001000,0.001000,0.000000,0.000000,
33.496401,0.001000,0.001000,0.000000,0.000000,
33.524973,0.001000,0.001000,0.000000,0.000000,
33.553505,0.001000,0.001000,0.000000,0.000000,
33.581891,0.001000,0.001000,0.000000,0.000000,
33.610449,0.001000,0.001000,0.000000,0.000000,
33.639232,0.001000,0.001000,0.000000,0.000000,
33.667316,0.601000,0.601000,0.000000,0.000000,
33.695913,1.201000,1.201000,0.000000,0.000000,
33.724385,1.801000,1.801000,0.000000,0.000000,
33.752462,2.401000,2.401000,0.000000,0.000000,
33.782600,3.001000,3.001000,0.000000,0.000000,
33.811596,3.601000,3.601000,0.000000,0.000000,
33.841712,4.201000,4.201000,0.000000,0.000000,
33.870362,4.801000,4.801000,0.000000,0.000000,
33.899196,5.401000,5.401000,0.000000,0.000000,
33.929041,6.000999,5.015667,0.000000,0.000000,
33.957824,6.600999,5.401000,0.000000,0.000000,
33.986871,7.200999,5.015667,0.000000,0.000000,
34.017762,7.800999,5.401000,0.000000,0.000000,
34.047638,8.400999,5.015667,0.000000,0.000000,
34.076313,9.000999,5.401000,0.000000,0.000000,
34.104773,9.601000,5.015667,0.000000,0.000000,
34.132926,10.201000,5.401000,0.000000,0.000000,
34.161091,10.801001,5.015667,0.000000,0.000000,
34.189571,11.401001,5.401000,0.000000,0.000000,
34.218565,12.001001,5.015667,0.000000,0.000000,
34.246892,12.601002,5.401000,0.000000,0.000000,
34.275587,13.201002,5.015667,0.000000,0.000000,
34.313924,13.801003,5.401000,0.000000,0.000000,
34.342322,14.401003,5.015667,0.000000,0.000000,
34.371361,15.001003,5.401000,0.000000,0.000000,
34.400260,15.601004,5.015667,0.000000,0.000000,
34.428760,16.201004,5.401000,0.000000,0.000000,
34.457623,16.801004,5.015667,0.000000,0.000000,
34.487170,17.401005,5.401000,0.000000,0.000000,
34.515271,18.001005,5.015667,0.000000,0.000000,
34.546592,18.601006,5.401000,0.000000,0.000000,
34.575415,0.001000,0.001000,0.000000,0.000000,
34.605227,0.001000,0.001000,0.000000,0.000000,
34.634010,0.001000,0.001000,0.000000,0.000000,
34.662902,0.001000,0.001000,0.000000,0.000000,
34.692536,0.001000,0.001000,0.000000,0.000000,
34.723516,0.001000,0.001000,0.000000,0.000000,
34.752137,0.001000,0.001000,0.000000,0.000000,
34.783746,0.001000,0.001000,0.000000,0.000000,
34.811449,0.001000,0.001000,0.000000,0.000000,
34.842476,0.001000,0.001000,0.000000,0.000000,
34.871317,0.001000,0.001000,0.000000,0.000000,
34.899635,0.001000,0.001000,0.000000,0.000000,
34.928091,0.001000,0.001000,0.000000,0.000000,
34.957213,0.001000,0.001000,0.000000,0.000000,
34.988695,0.001000,0.001000,0.000000,0.000000,
35.017884,0.001000,0.001000,0.000000,0.000000,
35.048240,0.001000,0.001000,0.000000,0.000000,
35.075845,0.001000,0.001000,0.000000,0.000000,
35.105170,0.001000,0.001000,0.000000,0.000000,
35.133431,0.001000,0.001000,0.000000,0.000000,
35.163732,0.001000,0.001000,0.000000,0.000000,
35.192204,0.001000,0.001000,0.000000,0.000000,
35.221339,0.001000,0.001000,0.000000,0.000000,
35.249671,0.001000,0.001000,0.000000,0.000000,
35.279002,0.001000,0.001000,0.000000,0.000000,
35.307233,0.001000,0.001000,0.000000,0.000000,
35.338472,0.001000,0.001000,0.000000,0.000000,
35.366718,0.001000,0.001000,0.000000,0.000000,
35.396317,0.001000,0.001000,0.000000,0.000000,
35.425721,0.001000,0.001000,0.000000,0.000000,
35.454678,0.001000,0.001000,0.000000,0.000000,
35.483760,0.001000,0.001000,0.000000,0.000000,
35.512748,0.001000,0.001000,0.000000,0.000000,
35.541459,0.001000,0.001000,0.000000,0.000000,
35.570448,0.001000,0.001000,0.000000,0.000000,
35.599050,0.001000,0.001000,0.000000,0.000000,
35.628100,0.001000,0.001000,0.000000,0.000000,
35.657049,0.001000,0.001000,0.000000,0.000000,
35.685822,0.001000,0.001000,0.000000,0.000000,
35.714989,0.001000,0.001000,0.000000,0.000000,
35.746233,0.001000,0.001000,0.000000,0.000000,
35.775278,0.001000,0.001000,0.000000,0.000000,
35.803763,0.001000,0.001000,0.000000,0.000000,
35.831780,0.001000,0.001000,0.000000,0.000000,
35.861934,0.001000,0.001000,0.000000,0.000000,
35.892949,0.001000,0.001000,0.000000,0.000000,
35.922069,0.001000,0.001000,0.000000,0.000000,
35.950968,0.001000,0.001000,0.000000,0.000000,
35.979941,0.001000,0.001000,0.000000,0.000000,
36.008653,0.001000,0.001000,0.000000,0.000000,
36.037796,0.001000,0.001000,0.000000,0.000000,
36.067620,0.001000,0.001000,0.000000,0.000000,
36.095940,0.001000,0.001000,0.000000,0.000000,
36.124209,0.001000,0.001000,0.000000,0.000000,
36.152203,0.001000,0.001000,0.000000,0.000000,
36.179757,0.001000,0.001000,0.000000,0.000000,
36.207227,0.001000,0.001000,0.000000,0.000000,
