Time(s),Set Current,Actual Current,Velocity of Vehicle (mph),Speed,Packets Recieved,Packet Errors
0.090408,0.001000,0.001000,0.000000,0.000000,
0.127974,0.001000,0.001000,0.000000,0.000000,
0.165818,0.001000,0.001000,0.000000,0.000000,
0.199029,0.001000,0.001000,0.000000,0.000000,
0.281541,0.001000,0.001000,0.000000,0.000000,
0.318439,0.001000,0.001000,0.000000,0.000000,
0.356499,0.001000,0.001000,0.000000,0.000000,
0.401288,0.001000,0.001000,0.000000,0.000000,
0.428131,0.001000,0.001000,0.000000,0.000000,
0.451027,0.001000,0.001000,0.000000,0.000000,
0.482820,0.001000,0.001000,0.000000,0.000000,
0.503513,0.001000,0.001000,0.000000,0.000000,
0.535834,0.001000,0.001000,0.000000,0.000000,
0.563205,0.001000,0.001000,0.000000,0.000000,
0.593845,0.001000,0.001000,0.000000,0.000000,
0.625216,0.001000,0.001000,0.000000,0.000000,
0.638925,0.001000,0.001000,0.000000,0.000000,
0.684921,0.001000,0.001000,0.000000,0.000000,
0.711275,0.001000,0.001000,0.000000,0.000000,
0.731418,0.001000,0.001000,0.000000,0.000000,
0.763151,0.001000,0.001000,0.000000,0.000000,
0.786690,0.001000,0.001000,0.000000,0.000000,
0.835104,0.001000,0.001000,0.000000,0.000000,
0.861277,0.001000,0.001000,0.000000,0.000000,
0.887221,0.001000,0.001000,0.000000,0.000000,
0.918450,0.001000,0.001000,0.000000,0.000000,
0.932160,0.001000,0.001000,0.000000,0.000000,
0.974177,0.001000,0.001000,0.000000,0.000000,
1.000391,0.001000,0.001000,0.000000,0.000000,
1.024607,0.001000,0.001000,0.000000,0.000000,
1.055933,0.001000,0.001000,0.000000,0.000000,
1.079091,0.001000,0.001000,0.000000,0.000000,
1.118245,0.001000,0.001000,0.000000,0.000000,
1.145340,0.001000,0.001000,0.000000,0.000000,
1.163836,0.001000,0.001000,0.000000,0.000000,
1.195124,0.001000,0.001000,0.000000,0.000000,
1.215330,0.001000,0.001000,0.000000,0.000000,
1.246691,0.001000,0.001000,0.000000,0.000000,
1.260365,0.001000,0.001000,0.000000,0.000000,
1.309373,0.001000,0.001000,0.000000,0.000000,
1.335983,0.001000,0.001000,0.000000,0.000000,
1.356023,0.001000,0.001000,0.000000,0.000000,
1.409758,0.001000,0.001000,0.000000,0.000000,
1.436122,0.001000,0.001000,0.000000,0.000000,
1.470533,0.001000,0.001000,0.000000,0.000000,
1.501823,0.001000,0.001000,0.000000,0.000000,
1.519829,0.001000,0.001000,0.000000,0.000000,
1.555611,0.001000,0.001000,0.000000,0.000000,
1.570711,0.001000,0.001000,0.000000,0.000000,
1.601394,0.001000,0.001000,0.000000,0.000000,
1.625005,0.001000,0.001000,0.000000,0.000000,
1.655696,0.001000,0.001000,0.000000,0.000000,
1.716120,0.001000,0.001000,0.000000,0.000000,
1.747229,0.001000,0.001000,0.000000,0.000000,
1.765127,0.001000,0.001000,0.000000,0.000000,
1.796295,0.001000,0.001000,0.000000,0.000000,
1.816112,0.001000,0.001000,0.000000,0.000000,
1.846823,0.001000,0.001000,0.000000,0.000000,
1.891084,0.001000,0.001000,0.000000,0.000000,
1.921713,0.001000,0.001000,0.000000,0.000000,
1.941595,0.001000,0.001000,0.000000,0.000000,
1.978935,0.001000,0.001000,0.000000,0.000000,
1.995750,0.001000,0.001000,0.000000,0.000000,
2.026539,0.001000,0.001000,0.000000,0.000000,
2.041905,0.001000,0.001000,0.000000,0.000000,
2.072786,0.001000,0.001000,0.000000,0.000000,
2.095420,0.001000,0.001000,0.000000,0.000000,
2.125776,0.001000,0.001000,0.000000,0.000000,
2.147522,0.001000,0.001000,0.000000,0.000000,
2.178411,0.001000,0.001000,0.000000,0.000000,
2.198823,0.001000,0.001000,0.000000,0.000000,
2.230257,0.001000,0.001000,0.000000,0.000000,
2.256597,0.001000,0.001000,0.000000,0.000000,
2.287734,0.001000,0.001000,0.000000,0.000000,
2.306997,0.001000,0.001000,0.000000,0.000000,
2.338306,0.001000,0.001000,0.000000,0.000000,
2.356531,0.001000,0.001000,0.000000,0.000000,
2.389041,0.001000,0.001000,0.000000,0.000000,
2.407334,0.001000,0.001000,0.000000,0.000000,
2.439343,0.001000,0.001000,0.000000,0.000000,
2.461187,0.001000,0.001000,0.000000,0.000000,
2.492940,0.001000,0.001000,0.000000,0.000000,
2.515193,0.001000,0.001000,0.000000,0.000000,
2.562006,0.001000,0.001000,0.000000,0.000000,
2.588943,0.001000,0.001000,0.000000,0.000000,
2.617615,0.001000,0.001000,0.000000,0.000000,
2.649875,0.001000,0.001000,0.000000,0.000000,
2.668756,0.001000,0.001000,0.000000,0.000000,
2.701362,0.001000,0.001000,0.000000,0.000000,
2.717850,0.001000,0.001000,0.000000,0.000000,
2.749339,0.001000,0.001000,0.000000,0.000000,
2.768468,0.001000,0.001000,0.000000,0.000000,
2.799688,0.001000,0.001000,0.000000,0.000000,
2.822963,0.001000,0.001000,0.000000,0.000000,
2.866811,0.001000,0.001000,0.000000,0.000000,
2.892627,0.001000,0.001000,0.000000,0.000000,
2.916319,0.001000,0.001000,0.000000,0.000000,
2.947870,0.001000,0.001000,0.000000,0.000000,
2.967757,0.001000,0.001000,0.000000,0.000000,
3.018257,0.001000,0.001000,0.000000,0.000000,
3.043954,0.001000,0.001000,0.000000,0.000000,
3.069864,0.001000,0.001000,0.000000,0.000000,
3.100690,0.001000,0.001000,0.000000,0.000000,
3.118472,0.001000,0.001000,0.000000,0.000000,
3.150200,0.001000,0.001000,0.000000,0.000000,
3.167700,0.001000,0.001000,0.000000,0.000000,
3.198484,0.001000,0.001000,0.000000,0.000000,
3.216805,0.001000,0.001000,0.000000,0.000000,
3.247884,0.001000,0.001000,0.000000,0.000000,
3.267293,0.001000,0.001000,0.000000,0.000000,
3.298113,0.001000,0.001000,0.000000,0.000000,
3.313510,0.001000,0.001000,0.000000,0.000000,
3.344274,0.001000,0.001000,0.000000,0.000000,
3.361610,0.001000,0.001000,0.000000,0.000000,
3.392334,0.001000,0.001000,0.000000,0.000000,
3.407699,0.001000,0.001000,0.000000,0.000000,
3.438963,0.001000,0.001000,0.000000,0.000000,
3.458535,0.001000,0.001000,0.000000,0.000000,
3.489209,0.001000,0.001000,0.000000,0.000000,
3.508529,0.001000,0.001000,0.000000,0.000000,
3.540431,0.001000,0.001000,0.000000,0.000000,
3.554263,0.001000,0.001000,0.000000,0.000000,
3.584993,0.001000,0.001000,0.000000,0.000000,
3.604295,0.001000,0.001000,0.000000,0.000000,
3.636002,0.001000,0.001000,0.000000,0.000000,
3.653685,0.001000,0.001000,0.000000,0.000000,
3.684724,0.001000,0.001000,0.000000,0.000000,
3.708129,0.001000,0.001000,0.000000,0.000000,
3.738967,0.001000,0.001000,0.000000,0.000000,
3.758717,0.001000,0.001000,0.000000,0.000000,
3.791037,0.001000,0.001000,0.000000,0.000000,
3.810577,0.001000,0.001000,0.000000,0.000000,
3.842610,0.001000,0.001000,0.000000,0.000000,
3.860096,0.001000,0.001000,0.000000,0.000000,
3.890974,0.601000,0.601000,0.000000,0.000000,
3.910584,1.201000,1.201000,0.001920,0.000000,
3.944298,1.801000,1.801000,0.016682,0.000000,
3.959263,2.401000,2.401000,0.027719,0.000000,
3.990797,3.001000,3.001000,0.055271,0.000000,
4.018949,3.601000,3.601000,0.069564,0.000000,
4.053562,4.201000,4.201000,0.135348,0.000000,
4.069682,4.801000,4.801000,0.157930,0.000000,
4.107530,5.401000,5.401000,0.229090,0.000000,
4.128073,6.000999,5.050238,0.255314,0.000000,
4.160018,6.600999,5.402455,0.325461,0.000000,
4.187802,7.200999,5.063338,0.372358,0.000000,
4.215631,7.800999,5.406005,0.397301,0.000000,
4.246708,8.400999,5.070671,0.474835,0.000000,
4.264547,9.000999,5.413268,0.498553,0.000000,
4.295325,9.601000,5.078803,0.559354,0.000000,
4.312410,10.201000,5.417236,0.582930,0.000000,
4.343434,10.801001,5.087661,0.642743,0.000000,
4.360834,11.401001,5.420371,0.666860,0.000000,
4.391572,12.001001,5.097288,0.726823,0.000000,
4.408732,12.601002,5.422891,0.750306,0.000000,
4.439611,13.201002,5.107458,0.810544,0.000000,
4.458705,13.801003,5.424875,0.833997,0.000000,
4.489353,14.401003,5.118202,0.897387,0.000000,
4.506504,15.001003,5.426793,0.920996,0.000000,
4.537226,15.601004,5.129519,0.981310,0.000000,
4.555131,16.201004,5.427788,1.004786,0.000000,
4.586117,16.801004,5.141257,1.066953,0.000000,
4.605457,17.401005,5.428674,1.090407,0.000000,
4.636644,18.001005,5.153382,1.154879,0.000000,
4.654007,18.601006,5.429570,1.179777,0.000000,
4.686076,19.201006,5.166071,1.241958,0.000000,
4.752004,19.801006,5.429860,1.266701,0.000000,
4.784782,20.000000,5.178978,1.413984,0.000000,
4.801589,20.000000,5.442292,1.440767,0.000000,
4.850018,20.000000,5.193454,1.516348,0.000000,
4.899113,20.000000,5.443243,1.555444,0.000000,
4.931030,20.000000,5.209982,1.672492,0.000000,
4.945010,20.000000,5.450144,1.698955,0.000000,
4.976583,20.000000,5.225234,1.755660,0.000000,
4.994567,20.000000,5.447746,1.779872,0.000000,
5.031336,20.000000,5.239834,1.851076,0.000000,
5.044571,20.000000,5.447831,1.877504,0.000000,
5.075356,20.000000,5.254614,1.932225,0.000000,
5.090581,20.000000,5.445729,1.956097,0.000000,
5.121377,20.000000,5.268564,2.014786,0.000000,
5.138756,20.000000,5.444686,2.038515,0.000000,
5.170356,20.000000,5.282088,2.101772,0.000000,
5.188720,20.000000,5.444760,2.127197,0.000000,
5.221460,20.000000,5.295509,2.194151,0.000000,
5.239638,20.000000,5.445796,2.218932,0.000000,
5.272790,20.000000,5.308493,2.284993,0.000000,
5.290905,20.000000,5.447082,2.311260,0.000000,
5.357638,20.000000,5.321338,2.375694,0.000000,
5.392384,20.000000,5.448542,2.502762,0.000000,
5.406244,20.000000,5.349126,2.530061,0.000000,
5.437184,20.000000,5.445670,2.587204,0.000000,
5.454742,20.000000,5.364645,2.610522,0.000000,
5.485564,20.000000,5.443308,2.675978,0.000000,
5.503218,20.000000,5.380337,2.699550,0.000000,
5.543836,20.000000,5.442143,2.764879,0.000000,
5.570316,20.000000,5.394932,2.830642,0.000000,
5.595998,20.000000,5.448409,2.854340,0.000000,
5.627454,20.000000,5.402769,2.933502,0.000000,
5.641451,20.000000,5.456719,2.960338,0.000000,
5.673990,20.000000,5.411282,3.018916,0.000000,
5.687976,20.000000,5.461817,3.045161,0.000000,
5.725484,20.000000,5.419550,3.113643,0.000000,
5.746835,20.000000,5.468591,3.140223,0.000000,
5.783584,20.000000,5.427877,3.220281,0.000000,
5.797022,20.000000,5.477160,3.245569,0.000000,
5.838440,20.000000,5.436181,3.302347,0.000000,
5.864504,20.000000,5.482068,3.370086,0.000000,
5.888232,20.000000,5.450791,3.394203,0.000000,
5.919011,20.000000,5.482796,3.470903,0.000000,
5.936183,20.000000,5.465575,3.494615,0.000000,
5.966959,20.000000,5.484747,3.559597,0.000000,
5.988053,20.000000,5.477405,3.586683,0.000000,
6.019002,20.000000,5.488162,3.655499,0.000000,
6.034484,20.000000,5.489035,3.679802,0.000000,
6.065926,20.000000,5.491978,3.742382,0.000000,
6.083354,20.000000,5.498940,3.766846,0.000000,
6.114433,20.000000,5.496465,3.832390,0.000000,
6.130074,20.000000,5.508746,3.856699,0.000000,
6.161771,20.000000,5.501521,3.919671,0.000000,
6.175462,20.000000,5.517647,3.945101,0.000000,
6.206676,20.000000,5.507208,4.003744,0.000000,
6.224069,20.000000,5.525520,4.028155,0.000000,
6.259988,20.000000,5.513025,4.100531,0.000000,
6.273597,20.000000,5.535262,4.127729,0.000000,
6.319009,20.000000,5.519779,4.185837,0.000000,
6.345083,20.000000,5.542438,4.261654,0.000000,
6.365047,20.000000,5.534169,4.285976,0.000000,
6.396184,20.000000,5.545214,4.356992,0.000000,
6.411498,20.000000,5.546495,4.381382,0.000000,
6.442283,20.000000,5.549149,4.443423,0.000000,
6.458028,20.000000,5.556439,4.467839,0.000000,
6.489359,20.000000,5.553845,4.530616,0.000000,
6.510025,20.000000,5.565856,4.556480,0.000000,
6.552611,20.000000,5.559387,4.629690,0.000000,
6.579540,20.000000,5.576404,4.700067,0.000000,
6.601014,20.000000,5.572554,4.724858,0.000000,
6.632065,20.000000,5.579759,4.799215,0.000000,
6.645494,20.000000,5.585097,4.823860,0.000000,
6.676573,20.000000,5.584320,4.883028,0.000000,
6.693850,20.000000,5.594224,4.907507,0.000000,
6.724906,20.000000,5.589498,4.973833,0.000000,
6.740525,20.000000,5.603934,4.998635,0.000000,
6.771541,20.000000,5.595387,5.061585,0.000000,
6.786598,20.000000,5.612582,5.086350,0.000000,
6.817720,20.000000,5.601702,5.148715,0.000000,
6.832966,20.000000,5.620796,5.173500,0.000000,
6.863971,20.000000,5.608342,5.236225,0.000000,
6.882269,20.000000,5.628825,5.260983,0.000000,
6.926322,20.000000,5.615232,5.329200,0.000000,
6.957128,20.000000,5.637529,5.406882,0.000000,
6.973869,20.000000,5.630788,5.438387,0.000000,
7.005880,20.000000,5.641467,5.504668,0.000000,
7.024076,20.000000,5.642858,5.530227,0.000000,
7.056073,20.000000,5.645711,5.599412,0.000000,
7.071573,20.000000,5.654212,5.625474,0.000000,
7.103261,20.000000,5.651158,5.689608,0.000000,
7.132240,20.000000,5.663858,5.714905,0.000000,
7.164590,20.000000,5.657180,5.805686,0.000000,
7.179156,20.000000,5.677141,5.832801,0.000000,
7.212614,20.000000,5.664719,5.896331,0.000000,
7.226826,20.000000,5.685172,5.923675,0.000000,
7.262914,20.000000,5.672432,5.990860,0.000000,
7.286322,20.000000,5.693711,6.021739,0.000000,
7.317685,20.000000,5.680906,6.098643,0.000000,
7.333021,20.000000,5.703763,6.123672,0.000000,
7.375238,20.000000,5.688790,6.187250,0.000000,
7.401696,20.000000,5.711307,6.259186,0.000000,
7.423406,20.000000,5.704161,6.284196,0.000000,
7.454357,20.000000,5.714043,6.360446,0.000000,
7.471860,20.000000,5.718070,6.385355,0.000000,
7.503630,20.000000,5.718738,6.454581,0.000000,
7.518745,20.000000,5.729250,6.480650,0.000000,
7.551160,20.000000,5.724807,6.543996,0.000000,
7.565513,20.000000,5.738577,6.572354,0.000000,
7.608171,20.000000,5.731871,6.652767,0.000000,
7.635380,20.000000,5.750224,6.707638,0.000000,
7.659323,20.000000,5.744098,6.733235,0.000000,
7.690337,20.000000,5.753184,6.814159,0.000000,
7.753485,20.000000,5.758816,6.839182,0.000000,
7.785028,20.000000,5.758282,6.996074,0.000000,
7.802897,20.000000,5.783956,7.022037,0.000000,
7.834411,20.000000,5.767497,7.091304,0.000000,
7.850555,20.000000,5.791888,7.117923,0.000000,
7.881680,20.000000,5.776637,7.183402,0.000000,
7.897161,20.000000,5.799424,7.208991,0.000000,
7.928139,20.000000,5.785357,7.273362,0.000000,
7.941271,20.000000,5.806995,7.298950,0.000000,
7.972361,20.000000,5.793905,7.359378,0.000000,
7.992841,20.000000,5.814108,7.385217,0.000000,
8.024754,20.000000,5.802257,7.459728,0.000000,
8.040141,20.000000,5.823742,7.490218,0.000000,
8.071692,20.000000,5.811696,7.552073,0.000000,
8.092978,20.000000,5.831265,7.577654,0.000000,
8.123771,20.000000,5.819993,7.653495,0.000000,
8.141504,20.000000,5.841211,7.678882,0.000000,
8.172421,20.000000,5.828674,7.747946,0.000000,
8.187449,20.000000,5.849768,7.777546,0.000000,
8.218423,20.000000,5.838078,7.837921,0.000000,
8.238006,20.000000,5.857076,7.863538,0.000000,
8.280978,20.000000,5.846431,7.936560,0.000000,
8.307009,20.000000,5.866665,8.010982,0.000000,
8.326391,20.000000,5.863117,8.036629,0.000000,
8.357374,20.000000,5.870072,8.109681,0.000000,
8.377590,20.000000,5.876660,8.135078,0.000000,
8.423323,20.000000,5.875735,8.211527,0.000000,
8.466690,20.000000,5.889000,8.291003,0.000000,
8.509806,20.000000,5.891855,8.375136,0.000000,
8.537762,20.000000,5.903511,8.462320,0.000000,
8.557615,20.000000,5.908963,8.490036,0.000000,
8.600313,20.000000,5.909376,8.564113,0.000000,
8.626445,20.000000,5.921292,8.638349,0.000000,
8.650495,20.000000,5.924509,8.663895,0.000000,
8.705872,20.000000,5.926297,8.746639,0.000000,
8.718963,20.000000,5.938642,8.820896,0.000000,
8.750991,20.000000,5.941635,8.882735,0.000000,
8.764841,20.000000,5.949646,8.909843,0.000000,
8.796005,20.000000,5.948129,8.972541,0.000000,
8.812057,20.000000,5.959688,8.998482,0.000000,
8.843452,20.000000,5.955346,9.066354,0.000000,
8.858616,20.000000,5.969890,9.092284,0.000000,
8.889696,20.000000,5.963356,9.158268,0.000000,
8.907208,20.000000,5.979224,9.183789,0.000000,
8.938148,20.000000,5.971680,9.254382,0.000000,
8.955302,20.000000,5.989066,9.279808,0.000000,
8.986622,20.000000,5.980430,9.350137,0.000000,
9.001975,20.000000,5.998579,9.375939,0.000000,
9.032966,20.000000,5.989495,9.442204,0.000000,
9.050065,20.000000,6.007288,9.467959,0.000000,
9.081249,20.000000,5.998512,9.538266,0.000000,
9.094320,20.000000,6.016750,9.564347,0.000000,
9.124673,20.000000,6.007757,9.625061,0.000000,
9.146268,0.001000,0.001000,9.619801,0.000000,
9.178016,0.001000,0.001000,9.603242,0.000000,
9.191970,0.001000,0.001000,9.597760,0.000000,
9.223318,0.001000,0.001000,9.584579,0.000000,
9.241186,0.001000,0.001000,9.579150,0.000000,
9.272422,0.601000,0.601000,9.572992,0.000000,
9.285429,1.201000,1.201000,9.573885,0.000000,
9.316433,1.801000,1.801000,9.583481,0.000000,
9.333710,2.401000,2.401000,9.590528,0.000000,
9.364615,3.001000,3.001000,9.618143,0.000000,
9.379951,3.601000,3.601000,9.631452,0.000000,
9.412752,4.201000,4.201000,9.675200,0.000000,
9.432767,4.801000,4.801000,9.695916,0.000000,
9.465118,5.401000,5.401000,9.763802,0.000000,
9.478832,6.000999,6.000999,9.790453,0.000000,
9.512020,6.600999,6.057209,9.856501,0.000000,
9.528265,7.200999,6.027553,9.884374,0.000000,
9.559566,7.800999,6.053737,9.952989,0.000000,
9.575616,8.400999,6.046390,9.979719,0.000000,
9.608289,9.000999,6.056209,10.050383,0.000000,
9.630381,9.601000,6.061085,10.076644,0.000000,
9.678688,0.001000,0.001000,10.059292,0.000000,
9.708713,0.001000,0.001000,10.040732,0.000000,
9.732225,0.001000,0.001000,10.033544,0.000000,
9.763468,0.001000,0.001000,10.017043,0.000000,
9.776496,0.001000,0.001000,10.011606,0.000000,
9.820700,0.001000,0.001000,9.993396,0.000000,
9.833593,0.001000,0.001000,9.987618,0.000000,
9.864468,0.001000,0.001000,9.974716,0.000000,
9.886062,0.001000,0.001000,9.969411,0.000000,
9.917122,0.001000,0.001000,9.952760,0.000000,
9.930197,0.001000,0.001000,9.947392,0.000000,
9.960982,0.001000,0.001000,9.934429,0.000000,
9.978908,0.001000,0.001000,9.929113,0.000000,
10.010327,0.001000,0.001000,9.913883,0.000000,
10.024467,0.001000,0.001000,9.908341,0.000000,
10.055900,0.001000,0.001000,9.894846,0.000000,
10.070849,0.001000,0.001000,9.889501,0.000000,
10.101681,0.001000,0.001000,9.875799,0.000000,
10.116835,0.001000,0.001000,9.870458,0.000000,
10.147732,0.001000,0.001000,9.856614,0.000000,
10.167297,0.001000,0.001000,9.851334,0.000000,
10.214949,0.001000,0.001000,9.835627,0.000000,
10.244240,0.001000,0.001000,9.816877,0.000000,
10.264130,0.001000,0.001000,9.810444,0.000000,
10.304452,0.001000,0.001000,9.791924,0.000000,
10.319224,0.001000,0.001000,9.785584,0.000000,
10.353778,0.001000,0.001000,9.771212,0.000000,
10.373313,0.001000,0.001000,9.765434,0.000000,
10.408148,0.001000,0.001000,9.748575,0.000000,
10.421395,0.001000,0.001000,9.743106,0.000000,
10.459576,0.001000,0.001000,9.727940,0.000000,
10.474275,0.001000,0.001000,9.721341,0.000000,
10.520188,0.001000,0.001000,9.706417,0.000000,
10.563661,0.001000,0.001000,9.685452,0.000000,
10.603424,0.001000,0.001000,9.668792,0.000000,
10.622763,0.001000,0.001000,9.661685,0.000000,
10.657001,0.001000,0.001000,9.645953,0.000000,
10.676700,0.001000,0.001000,9.640306,0.000000,
10.708946,0.001000,0.001000,9.624431,0.000000,
10.775236,0.001000,0.001000,9.618921,0.000000,
10.824710,0.001000,0.001000,9.577535,0.000000,
10.838237,0.001000,0.001000,9.571263,0.000000,
10.933787,0.001000,0.001000,9.558287,0.000000,
10.959728,0.001000,0.001000,9.521203,0.000000,
10.983001,0.001000,0.001000,9.515917,0.000000,
11.014387,0.001000,0.001000,9.499062,0.000000,
11.028655,0.001000,0.001000,9.493513,0.000000,
11.060122,0.001000,0.001000,9.480197,0.000000,
11.076472,0.001000,0.001000,9.474752,0.000000,
11.107560,0.001000,0.001000,9.460695,0.000000,
11.124630,0.001000,0.001000,9.455378,0.000000,
11.156515,0.001000,0.001000,9.440876,0.000000,
11.170094,0.001000,0.001000,9.435256,0.000000,
11.202894,0.001000,0.001000,9.422198,0.000000,
11.216520,0.001000,0.001000,9.416287,0.000000,
11.256028,0.001000,0.001000,9.403529,0.000000,
11.282429,0.001000,0.001000,9.389287,0.000000,
11.305920,0.001000,0.001000,9.384060,0.000000,
11.336820,0.001000,0.001000,9.367096,0.000000,
11.355908,0.001000,0.001000,9.361884,0.000000,
11.400735,0.001000,0.001000,9.346635,0.000000,
11.426507,0.001000,0.001000,9.330524,0.000000,
11.454311,0.001000,0.001000,9.325326,0.000000,
11.485473,0.001000,0.001000,9.306589,0.000000,
11.498494,0.001000,0.001000,9.301384,0.000000,
11.529163,0.001000,0.001000,9.288813,0.000000,
11.544241,0.001000,0.001000,9.283610,0.000000,
11.575053,0.001000,0.001000,9.270180,0.000000,
11.595236,0.001000,0.001000,9.264820,0.000000,
11.638787,0.001000,0.001000,9.249560,0.000000,
11.664697,0.001000,0.001000,9.233869,0.000000,
11.684783,0.001000,0.001000,9.228667,0.000000,
11.715671,0.001000,0.001000,9.213250,0.000000,
11.730740,0.001000,0.001000,9.208018,0.000000,
11.761309,0.001000,0.001000,9.194704,0.000000,
11.779015,0.001000,0.001000,9.189368,0.000000,
11.810020,0.001000,0.001000,9.175022,0.000000,
11.823365,0.001000,0.001000,9.169732,0.000000,
11.854597,0.001000,0.001000,9.157103,0.000000,
11.869788,0.001000,0.001000,9.151776,0.000000,
11.900689,0.001000,0.001000,9.138409,0.000000,
11.915769,0.001000,0.001000,9.133237,0.000000,
11.946425,0.001000,0.001000,9.119930,0.000000,
11.970371,0.001000,0.001000,9.114756,0.000000,
12.001458,0.001000,0.001000,9.097792,0.000000,
12.018369,0.001000,0.001000,9.092605,0.000000,
12.049606,0.001000,0.001000,9.078328,0.000000,
12.062871,0.001000,0.001000,9.073024,0.000000,
12.093880,0.001000,0.001000,9.060513,0.000000,
12.112243,0.001000,0.001000,9.055377,0.000000,
12.146256,0.001000,0.001000,9.040223,0.000000,
12.187363,0.001000,0.001000,9.024593,0.000000,
12.219790,0.001000,0.001000,9.010163,0.000000,
12.234328,0.001000,0.001000,9.004355,0.000000,
12.275082,0.001000,0.001000,8.991435,0.000000,
12.301694,0.001000,0.001000,8.977040,0.000000,
12.320997,0.001000,0.001000,8.971910,0.000000,
12.351923,0.001000,0.001000,8.956909,0.000000,
12.366124,0.001000,0.001000,8.951311,0.000000,
12.397678,0.001000,0.001000,8.938736,0.000000,
12.412701,0.001000,0.001000,8.933467,0.000000,
12.443500,0.001000,0.001000,8.920190,0.000000,
12.456424,0.001000,0.001000,8.915040,0.000000,
12.487552,0.001000,0.001000,8.902561,0.000000,
12.504551,0.001000,0.001000,8.897513,0.000000,
12.535315,0.001000,0.001000,8.883486,0.000000,
12.551011,0.001000,0.001000,8.878385,0.000000,
12.582202,0.001000,0.001000,8.864834,0.000000,
12.597692,0.001000,0.001000,8.859692,0.000000,
12.628455,0.001000,0.001000,8.846317,0.000000,
12.643724,0.001000,0.001000,8.841215,0.000000,
12.674521,0.601000,0.601000,8.835921,0.000000,
12.691903,1.201000,1.201000,8.836960,0.000000,
12.732222,1.801000,1.801000,8.848389,0.000000,
12.758553,2.401000,2.401000,8.868312,0.000000,
12.781110,3.001000,3.001000,8.878374,0.000000,
12.811817,3.601000,3.601000,8.920573,0.000000,
12.828867,4.201000,4.201000,8.939062,0.000000,
12.870407,4.801000,4.801000,8.989580,0.000000,
12.896513,5.401000,5.401000,9.054227,0.000000,
12.917727,6.000999,6.000999,9.079603,0.000000,
12.948693,6.600999,5.938023,9.157170,0.000000,
12.961700,7.200999,5.997892,9.182699,0.000000,
12.993137,7.800999,5.957619,9.245414,0.000000,
13.010134,8.400999,5.997999,9.270491,0.000000,
13.040887,9.000999,5.972252,9.340231,0.000000,
13.063630,9.601000,6.002967,9.365633,0.000000,
13.095688,10.201000,5.984528,9.448019,0.000000,
13.109149,10.801001,6.011918,9.474510,0.000000,
13.140606,11.401001,5.996208,9.537258,0.000000,
13.156248,12.001001,6.018271,9.563517,0.000000,
13.187453,12.601002,6.006503,9.630688,0.000000,
13.202866,13.201002,6.026399,9.656691,0.000000,
13.234157,13.801003,6.016235,9.723613,0.000000,
13.247387,14.401003,6.034906,9.749868,0.000000,
13.279020,15.001003,6.025735,9.812895,0.000000,
13.296232,15.601004,6.043019,9.839111,0.000000,
13.328350,16.201004,6.034900,9.911090,0.000000,
13.342955,16.801004,6.052924,9.938122,0.000000,
13.375146,17.401005,6.044462,10.004944,0.000000,
13.388749,18.001005,6.061859,10.031978,0.000000,
13.420698,18.601006,6.053904,10.096083,0.000000,
13.438843,19.201006,6.070472,10.122426,0.000000,
13.470842,19.801006,6.063046,10.196250,0.000000,
13.484709,20.000000,6.080878,10.224066,0.000000,
13.516780,20.000000,6.072852,10.288217,0.000000,
13.534821,20.000000,6.089470,10.315011,0.000000,
13.578306,20.000000,6.082188,10.387530,0.000000,
13.605531,20.000000,6.099695,10.466344,0.000000,
13.623331,20.000000,6.100701,10.493256,0.000000,
13.655175,20.000000,6.104576,10.566138,0.000000,
13.668715,20.000000,6.114268,10.593447,0.000000,
13.700589,9.000000,6.112102,10.657858,0.000000,
13.762864,9.000000,6.124627,10.688042,0.000000,
13.796338,9.000000,6.120997,10.849105,0.000000,
13.810632,9.000000,6.151088,10.878369,0.000000,
13.842965,9.000000,6.135147,10.944207,0.000000,
13.866583,9.000000,6.157528,10.971672,0.000000,
13.903059,9.000000,6.146716,11.064747,0.000000,
13.917043,9.000000,6.170199,11.093540,0.000000,
13.959479,9.000000,6.158939,11.176784,0.000000,
13.988810,9.000000,6.181034,11.239085,0.000000,
14.012938,9.000000,6.176598,11.267868,0.000000,
14.046269,9.000000,6.184608,11.354175,0.000000,
14.072309,9.000000,6.194034,11.383487,0.000000,
14.105598,9.000000,6.192671,11.475740,0.000000,
14.118777,9.000000,6.209562,11.503496,0.000000,
14.150224,9.000000,6.202902,11.567270,0.000000,
14.163467,9.000000,6.218474,11.594290,0.000000,
14.194859,9.000000,6.212630,11.657960,0.000000,
14.208571,9.000000,6.227633,11.684431,0.000000,
14.248486,9.000000,6.222122,11.764025,0.000000,
14.262432,9.000000,6.239671,11.794685,0.000000,
14.306338,9.000000,6.233236,11.858886,0.000000,
14.332798,9.000000,6.248731,11.939180,0.000000,
14.352422,9.000000,6.252388,11.965336,0.000000,
14.394796,9.000000,6.254520,12.062389,0.000000,
14.421120,9.000000,6.270061,12.119123,0.000000,
14.446752,9.000000,6.269697,12.145870,0.000000,
14.478225,9.000000,6.274623,12.235636,0.000000,
14.491420,9.000000,6.287106,12.263290,0.000000,
14.522493,9.000000,6.283748,12.327010,0.000000,
14.535372,9.000000,6.297142,12.353234,0.000000,
14.566312,9.000000,6.292975,12.416951,0.000000,
14.581991,9.000000,6.306907,12.443263,0.000000,
14.615052,9.000000,6.302445,12.514782,0.000000,
14.628847,9.000000,6.317950,12.543624,0.000000,
14.662343,9.000000,6.312958,12.610578,0.000000,
14.689471,9.000000,6.328010,12.669157,0.000000,
14.718269,9.000000,6.328618,12.695930,0.000000,
14.761466,9.000000,6.332959,12.793215,0.000000,
14.787587,9.000000,6.347372,12.871473,0.000000,
14.804821,9.000000,6.351990,12.897807,0.000000,
14.835776,9.000000,6.353706,12.970705,0.000000,
14.850918,9.000000,6.365549,12.996886,0.000000,
14.883274,9.000000,6.362654,13.066934,0.000000,
14.897281,9.000000,6.376951,13.095751,0.000000,
14.946175,9.000000,6.373008,13.163114,0.000000,
14.972408,9.000000,6.387503,13.252506,0.000000,
14.989852,9.000000,6.394293,13.279302,0.000000,
15.020760,9.000000,6.394804,13.352556,0.000000,
15.037864,9.000000,6.407571,13.379016,0.000000,
15.068715,9.000000,6.404304,13.451891,0.000000,
15.084075,9.000000,6.419390,13.478081,0.000000,
15.115292,9.000000,6.414671,13.547814,0.000000,
15.135164,9.000000,6.430111,13.574569,0.000000,
15.165934,9.000000,6.425322,13.653309,0.000000,
15.182961,9.000000,6.442430,13.679509,0.000000,
15.214063,9.000000,6.436564,13.752733,0.000000,
15.227018,9.000000,6.453357,13.779640,0.000000,
15.258100,9.000000,6.447868,13.843965,0.000000,
15.275555,9.000000,6.462832,13.871518,0.000000,
15.316350,9.000000,6.458632,13.945975,0.000000,
15.342606,9.000000,6.474640,14.019970,0.000000,
15.361732,9.000000,6.478255,14.046705,0.000000,
15.393827,9.000000,6.480895,14.124365,0.000000,
15.406594,9.000000,6.493354,14.153543,0.000000,
15.437691,9.000000,6.491105,14.218403,0.000000,
15.450479,9.000000,6.504228,14.245287,0.000000,
15.482140,9.000000,6.501204,14.309799,0.000000,
15.495307,9.000000,6.514742,14.337867,0.000000,
15.544947,9.000000,6.511726,14.441774,0.000000,
15.561980,9.000000,6.532438,14.468888,0.000000,
15.597432,9.000000,6.525032,14.549008,0.000000,
15.610908,9.000000,6.544051,14.579822,0.000000,
15.650356,9.000000,6.538397,14.645128,0.000000,
15.676698,9.000000,6.553678,14.717835,0.000000,
15.696007,9.000000,6.557963,14.744580,0.000000,
15.727471,9.000000,6.560341,14.824055,0.000000,
15.742589,9.000000,6.573510,14.851207,0.000000,
15.773975,9.000000,6.570782,14.921712,0.000000,
15.788766,9.000000,6.585322,14.952587,0.000000,
15.820080,9.000000,6.582525,15.018931,0.000000,
15.835099,9.000000,6.596355,15.045845,0.000000,
15.867305,9.000000,6.593289,15.117235,0.000000,
15.884623,9.000000,6.608217,15.144954,0.000000,
15.916774,9.000000,6.604712,15.221731,0.000000,
15.936817,9.000000,6.620902,15.249609,0.000000,
15.969905,9.000000,6.616755,15.331299,0.000000,
15.984435,9.000000,6.634237,15.364023,0.000000,
16.017976,9.000000,6.630309,15.431351,0.000000,
16.037210,9.000000,6.645024,15.468907,0.000000,
16.072402,9.000000,6.643626,15.548193,0.000000,
16.104291,9.000000,6.659137,15.613055,0.000000,
16.123491,9.000000,6.662432,15.645898,0.000000,
16.170659,9.000000,6.666688,15.727707,0.000000,
16.196930,9.000000,6.679531,15.813320,0.000000,
16.210972,0.000000,0.000000,15.806027,0.000000,
16.242771,0.000000,0.000000,15.788246,0.000000,
16.269638,0.000000,0.000000,15.773244,0.000000,
16.293942,0.000000,0.000000,15.765899,0.000000,
16.325361,0.000000,0.000000,15.742411,0.000000,
16.351757,0.000000,0.000000,15.727764,0.000000,
16.377037,0.000000,0.000000,15.720737,0.000000,
16.408060,0.000000,0.000000,15.696786,0.000000,
16.434504,0.000000,0.000000,15.682233,0.000000,
16.457940,0.000000,0.000000,15.675228,0.000000,
16.489470,0.000000,0.000000,15.652131,0.000000,
16.516211,0.000000,0.000000,15.637388,0.000000,
16.539688,0.000000,0.000000,15.630369,0.000000,
16.575286,0.000000,0.000000,15.605058,0.000000,
16.602132,0.000000,0.000000,15.590332,0.000000,
16.623784,0.000000,0.000000,15.583356,0.000000,
16.655138,0.000000,0.000000,15.561391,0.000000,
16.681804,0.000000,0.000000,15.546692,0.000000,
16.754105,0.000000,0.000000,15.539784,0.000000,
16.785706,0.000000,0.000000,15.490107,0.000000,
16.812705,0.000000,0.000000,15.475549,0.000000,
16.834259,0.000000,0.000000,15.468343,0.000000,
16.865671,0.000000,0.000000,15.446582,0.000000,
16.881180,0.000000,0.000000,15.439578,0.000000,
16.921723,0.000000,0.000000,15.421153,0.000000,
16.950131,0.000000,0.000000,15.400946,0.000000,
16.978208,0.000000,0.000000,15.385881,0.000000,
17.001619,0.000000,0.000000,15.378262,0.000000,
17.042005,0.000000,0.000000,15.355925,0.000000,
17.068544,0.000000,0.000000,15.336802,0.000000,
17.089974,0.000000,0.000000,15.329763,0.000000,
17.129837,0.000000,0.000000,15.308327,0.000000,
17.156139,0.000000,0.000000,15.289400,0.000000,
17.174477,0.000000,0.000000,15.282408,0.000000,
17.212758,0.000000,0.000000,15.261393,0.000000,
17.251837,0.000000,0.000000,15.244843,0.000000,
17.278564,0.000000,0.000000,15.223545,0.000000,
17.291333,0.000000,0.000000,15.216647,0.000000,
17.334054,0.000000,0.000000,15.195302,0.000000,
17.373053,0.000000,0.000000,15.179583,0.000000,
17.411956,0.000000,0.000000,15.158724,0.000000,
17.437989,0.000000,0.000000,15.138088,0.000000,
17.455202,0.000000,0.000000,15.131198,0.000000,
17.496059,0.000000,0.000000,15.112142,0.000000,
17.522667,0.000000,0.000000,15.093020,0.000000,
17.540579,0.000000,0.000000,15.085922,0.000000,
17.577784,0.000000,0.000000,15.066752,0.000000,
17.604163,0.000000,0.000000,15.049457,0.000000,
17.622138,0.000000,0.000000,15.042307,0.000000,
17.660045,0.000000,0.000000,15.023347,0.000000,
17.689646,0.000000,0.000000,15.004720,0.000000,
17.703672,0.000000,0.000000,14.996918,0.000000,
17.739949,0.000000,0.000000,14.978932,0.000000,
17.766389,0.000000,0.000000,14.963300,0.000000,
17.783846,0.000000,0.000000,14.956527,0.000000,
17.815494,0.000000,0.000000,14.937457,0.000000,
17.828755,0.000000,0.000000,14.930314,0.000000,
17.871588,0.000000,0.000000,14.913736,0.000000,
17.905333,0.000000,0.000000,14.893541,0.000000,
17.937412,0.000000,0.000000,14.874071,0.000000,
17.951046,0.000000,0.000000,14.865694,0.000000,
17.984339,0.000000,0.000000,14.848201,0.000000,
18.011416,0.000000,0.000000,14.834089,0.000000,
18.035139,0.000000,0.000000,14.827109,0.000000,
18.072115,0.000000,0.000000,14.804567,0.000000,
18.098392,0.000000,0.000000,14.788142,0.000000,
18.115433,0.000000,0.000000,14.781415,0.000000,
18.150792,0.000000,0.000000,14.762935,0.000000,
18.177471,0.000000,0.000000,14.746668,0.000000,
18.194475,0.000000,0.000000,14.739965,0.000000,
18.225702,0.000000,0.000000,14.721394,0.000000,
18.252097,0.000000,0.000000,14.707534,0.000000,
18.275702,0.000000,0.000000,14.700779,0.000000,
18.307260,0.000000,0.000000,14.678863,0.000000,
18.334086,0.000000,0.000000,14.664794,0.000000,
18.355775,0.000000,0.000000,14.658016,0.000000,
18.387635,0.000000,0.000000,14.636915,0.000000,
18.414929,0.000000,0.000000,14.622889,0.000000,
18.436135,0.000000,0.000000,14.615927,0.000000,
18.467437,0.000000,0.000000,14.595287,0.000000,
18.494050,0.000000,0.000000,14.581449,0.000000,
18.517912,0.000000,0.000000,14.574686,0.000000,
18.561761,0.000000,0.000000,14.552362,0.000000,
18.591788,0.000000,0.000000,14.531372,0.000000,
18.640578,0.000000,0.000000,14.516861,0.000000,
18.662050,0.000000,0.000000,14.498589,0.000000,
18.693430,0.000000,0.000000,14.478002,0.000000,
18.719785,0.000000,0.000000,14.464324,0.000000,
18.741086,0.000000,0.000000,14.457740,0.000000,
18.772151,0.000000,0.000000,14.437299,0.000000,
18.798581,0.000000,0.000000,14.423683,0.000000,
18.824319,0.000000,0.000000,14.417097,0.000000,
18.859460,0.000000,0.000000,14.393810,0.000000,
18.886178,0.000000,0.000000,14.378540,0.000000,
18.899374,0.000000,0.000000,14.371892,0.000000,
18.930834,0.000000,0.000000,14.355628,0.000000,
18.957253,0.000000,0.000000,14.341990,0.000000,
18.977353,0.000000,0.000000,14.335444,0.000000,
19.008345,0.000000,0.000000,14.315755,0.000000,
19.035066,0.000000,0.000000,14.302025,0.000000,
19.058721,0.000000,0.000000,14.295536,0.000000,
19.089871,0.000000,0.000000,14.273992,0.000000,
19.116314,0.000000,0.000000,14.260425,0.000000,
19.138172,0.000000,0.000000,14.253975,0.000000,
19.169873,0.000000,0.000000,14.233232,0.000000,
19.197341,0.000000,0.000000,14.219303,0.000000,
19.220891,0.000000,0.000000,14.212551,0.000000,
19.257122,0.000000,0.000000,14.191012,0.000000,
19.283683,0.000000,0.000000,14.175043,0.000000,
19.300609,0.000000,0.000000,14.168512,0.000000,
19.332395,0.000000,0.000000,14.150479,0.000000,
19.359183,0.000000,0.000000,14.136741,0.000000,
19.377195,0.000000,0.000000,14.130112,0.000000,
19.408694,0.000000,0.000000,14.111470,0.000000,
19.435323,0.000000,0.000000,14.097895,0.000000,
19.456681,0.000000,0.000000,14.091453,0.000000,
19.488911,0.000000,0.000000,14.070953,0.000000,
19.515497,0.000000,0.000000,14.057282,0.000000,
19.538821,0.000000,0.000000,14.050842,0.000000,
19.577530,0.000000,0.000000,14.029697,0.000000,
19.612909,0.000000,0.000000,14.008920,0.000000,
19.639239,0.000000,0.000000,13.994683,0.000000,
19.658611,0.000000,0.000000,13.988259,0.000000,
19.690423,0.000000,0.000000,13.968936,0.000000,
19.742969,0.000000,0.000000,13.962367,0.000000,
19.774749,0.000000,0.000000,13.926598,0.000000,
19.801584,0.000000,0.000000,13.912936,0.000000,
19.824757,0.000000,0.000000,13.906502,0.000000,
19.856192,0.000000,0.000000,13.885516,0.000000,
19.882766,0.000000,0.000000,13.872114,0.000000,
19.906321,0.000000,0.000000,13.865754,0.000000,
19.937939,0.000000,0.000000,13.844663,0.000000,
19.964678,0.000000,0.000000,13.831217,0.000000,
19.984676,0.000000,0.000000,13.824725,0.000000,
20.016328,0.000000,0.000000,13.805369,0.000000,
20.043678,0.000000,0.000000,13.791594,0.000000,
20.064895,0.000000,0.000000,13.785182,0.000000,
20.096559,0.000000,0.000000,13.765202,0.000000,
20.123081,0.000000,0.000000,13.751876,0.000000,
20.146854,0.000000,0.000000,13.745506,0.000000,
20.178504,0.000000,0.000000,13.724395,0.000000,
20.204961,0.000000,0.000000,13.711138,0.000000,
20.228675,0.000000,0.000000,13.704764,0.000000,
20.264244,0.000000,0.000000,13.683806,0.000000,
20.290724,0.000000,0.000000,13.668423,0.000000,
20.308253,0.000000,0.000000,13.662080,0.000000,
20.346538,0.000000,0.000000,13.644268,0.000000,
20.373146,0.000000,0.000000,13.627642,0.000000,
20.386499,0.000000,0.000000,13.621081,0.000000,
20.418140,0.000000,0.000000,13.605325,0.000000,
20.444677,0.000000,0.000000,13.592153,0.000000,
20.468050,0.000000,0.000000,13.585838,0.000000,
20.500167,0.000000,0.000000,13.564932,0.000000,
20.527119,0.000000,0.000000,13.551502,0.000000,
20.549150,0.000000,0.000000,13.545074,0.000000,
20.588479,0.000000,0.000000,13.524917,0.000000,
20.614889,0.000000,0.000000,13.508027,0.000000,
20.628047,0.000000,0.000000,13.501644,0.000000,
20.662788,0.000000,0.000000,13.484771,0.000000,
20.689553,0.000000,0.000000,13.471285,0.000000,
20.707778,0.000000,0.000000,13.464946,0.000000,
20.739225,0.000000,0.000000,13.446974,0.000000,
20.765783,0.000000,0.000000,13.433803,0.000000,
20.787958,0.000000,0.000000,13.427607,0.000000,
20.819799,0.000000,0.000000,13.407562,0.000000,
20.846388,0.000000,0.000000,13.394354,0.000000,
20.867701,0.000000,0.000000,13.388084,0.000000,
20.899098,0.000000,0.000000,13.368482,0.000000,
20.912050,0.000000,0.000000,13.362143,0.000000,
20.943387,0.000000,0.000000,13.346918,0.000000,
20.969882,0.000000,0.000000,13.333853,0.000000,
20.992584,0.000000,0.000000,13.327593,0.000000,
21.023942,0.000000,0.000000,13.307536,0.000000,
21.050520,0.000000,0.000000,13.294545,0.000000,
21.072419,0.000000,0.000000,13.288308,0.000000,
21.103861,0.000000,0.000000,13.268517,0.000000,
21.130355,0.000000,0.000000,13.255669,0.000000,
21.151530,0.000000,0.000000,13.249438,0.000000,
21.183180,0.000000,0.000000,13.229911,0.000000,
21.212685,0.000000,0.000000,13.216953,0.000000,
21.234167,0.000000,0.000000,13.209411,0.000000,
21.265774,0.000000,0.000000,13.189910,0.000000,
21.292268,0.000000,0.000000,13.176933,0.000000,
21.311673,0.000000,0.000000,13.170707,0.000000,
21.343276,0.000000,0.000000,13.152399,0.000000,
21.369837,0.000000,0.000000,13.139401,0.000000,
21.390151,0.000000,0.000000,13.133133,0.000000,
21.421635,0.000000,0.000000,13.114359,0.000000,
21.448241,0.000000,0.000000,13.101475,0.000000,
21.474503,0.000000,0.000000,13.095305,0.000000,
21.509986,0.000000,0.000000,13.073788,0.000000,
21.536257,0.000000,0.000000,13.058906,0.000000,
21.549065,0.000000,0.000000,13.052802,0.000000,
21.580829,0.000000,0.000000,13.037547,0.000000,
21.593698,0.000000,0.000000,13.031324,0.000000,
21.633677,0.000000,0.000000,13.016274,0.000000,
21.691948,0.000000,0.000000,12.999343,0.000000,
21.718218,0.000000,0.000000,12.971364,0.000000,
21.731095,0.000000,0.000000,12.965212,0.000000,
21.762924,0.000000,0.000000,12.950208,0.000000,
21.789603,0.000000,0.000000,12.937141,0.000000,
21.813680,0.000000,0.000000,12.931042,0.000000,
21.850575,0.000000,0.000000,12.910675,0.000000,
21.876932,0.000000,0.000000,12.895360,0.000000,
21.892038,0.000000,0.000000,12.889238,0.000000,
21.928775,0.000000,0.000000,12.871316,0.000000,
21.955437,0.000000,0.000000,12.857807,0.000000,
21.975405,0.000000,0.000000,12.851775,0.000000,
22.011285,0.000000,0.000000,12.833457,0.000000,
22.041470,0.000000,0.000000,12.817435,0.000000,
22.054438,0.000000,0.000000,12.810602,0.000000,
22.086230,0.000000,0.000000,12.795526,0.000000,
22.112788,0.000000,0.000000,12.782859,0.000000,
22.134411,0.000000,0.000000,12.776843,0.000000,
22.166717,0.000000,0.000000,12.757668,0.000000,
22.193055,0.000000,0.000000,12.744661,0.000000,
22.211315,0.000000,0.000000,12.738137,0.000000,
22.242766,0.000000,0.000000,12.721145,0.000000,
22.269692,0.000000,0.000000,12.708414,0.000000,
22.292092,0.000000,0.000000,12.702263,0.000000,
22.323258,0.000000,0.000000,12.682972,0.000000,
22.349741,0.000000,0.000000,12.670416,0.000000,
22.373693,0.000000,0.000000,12.664415,0.000000,
22.404901,0.000000,0.000000,12.644340,0.000000,
22.431447,0.000000,0.000000,12.631859,0.000000,
22.452680,0.000000,0.000000,12.625821,0.000000,
22.484333,0.000000,0.000000,12.606806,0.000000,
22.511127,0.000000,0.000000,12.594241,0.000000,
22.534566,0.000000,0.000000,12.588197,0.000000,
22.566108,0.000000,0.000000,12.568331,0.000000,
22.592700,0.000000,0.000000,12.555725,0.000000,
22.615232,0.000000,0.000000,12.549292,0.000000,
22.653452,0.000000,0.000000,12.530452,0.000000,
22.680295,0.000000,0.000000,12.514653,0.000000,
22.693309,0.000000,0.000000,12.508546,0.000000,
22.724994,0.000000,0.000000,12.493689,0.000000,
22.778979,0.000000,0.000000,12.487665,0.000000,
22.815307,0.000000,0.000000,12.451856,0.000000,
22.842155,0.000000,0.000000,12.438696,0.000000,
22.861767,0.000000,0.000000,12.432740,0.000000,
22.897355,0.000000,0.000000,12.414923,0.000000,
22.923782,0.000000,0.000000,12.400481,0.000000,
22.939092,0.000000,0.000000,12.394458,0.000000,
22.971140,0.000000,0.000000,12.378583,0.000000,
22.998811,0.000000,0.000000,12.365902,0.000000,
23.020698,0.000000,0.000000,12.359569,0.000000,
23.059006,0.000000,0.000000,12.340538,0.000000,
23.085494,0.000000,0.000000,12.325104,0.000000,
23.098420,0.000000,0.000000,12.319119,0.000000,
23.129811,0.000000,0.000000,12.304526,0.000000,
23.142864,0.000000,0.000000,12.298464,0.000000,
23.179245,0.000000,0.000000,12.283990,0.000000,
23.205703,0.000000,0.000000,12.269271,0.000000,
23.219126,0.000000,0.000000,12.263125,0.000000,
23.251280,0.000000,0.000000,12.248174,0.000000,
23.279589,0.000000,0.000000,12.235098,0.000000,
23.301340,0.000000,0.000000,12.229072,0.000000,
23.333712,0.000000,0.000000,12.210418,0.000000,
23.360164,0.000000,0.000000,12.197699,0.000000,
23.380635,0.000000,0.000000,12.191819,0.000000,
23.412959,0.000000,0.000000,12.173613,0.000000,
23.439889,0.000000,0.000000,12.160884,0.000000,
23.461165,0.000000,0.000000,12.154963,0.000000,
23.492436,0.000000,0.000000,12.136615,0.000000,
23.519247,0.000000,0.000000,12.124347,0.000000,
23.540349,0.000000,0.000000,12.118361,0.000000,
23.571916,0.000000,0.000000,12.100091,0.000000,
23.599733,0.000000,0.000000,12.087508,0.000000,
23.621224,0.000000,0.000000,12.081305,0.000000,
23.658693,0.000000,0.000000,12.062356,0.000000,
23.694181,0.000000,0.000000,12.047855,0.000000,
23.720995,0.000000,0.000000,12.031505,0.000000,
23.734236,0.000000,0.000000,12.025448,0.000000,
23.766103,0.000000,0.000000,12.010905,0.000000,
23.793231,0.000000,0.000000,11.998340,0.000000,
23.816750,0.000000,0.000000,11.992409,0.000000,
23.852704,0.000000,0.000000,11.973070,0.000000,
23.879235,0.000000,0.000000,11.958918,0.000000,
23.892425,0.000000,0.000000,11.953048,0.000000,
23.923650,0.000000,0.000000,11.938609,0.000000,
23.953516,0.000000,0.000000,11.925050,0.000000,
23.975769,0.000000,0.000000,11.919088,0.000000,
24.007250,0.000000,0.000000,11.900449,0.000000,
24.034230,0.000000,0.000000,11.888160,0.000000,
24.055508,0.000000,0.000000,11.882364,0.000000,
24.087317,0.000000,0.000000,11.863973,0.000000,
24.114157,0.000000,0.000000,11.851774,0.000000,
24.135395,0.000000,0.000000,11.845961,0.000000,
24.167115,0.000000,0.000000,11.827701,0.000000,
24.193681,0.000000,0.000000,11.815558,0.000000,
24.219237,0.000000,0.000000,11.809700,0.000000,
24.257132,0.000000,0.000000,11.789695,0.000000,
24.290865,0.000000,0.000000,11.774703,0.000000,
24.317588,0.000000,0.000000,11.759283,0.000000,
24.334485,0.000000,0.000000,11.753553,0.000000,
24.365977,0.000000,0.000000,11.737437,0.000000,
24.392843,0.000000,0.000000,11.725273,0.000000,
24.416130,0.000000,0.000000,11.719497,0.000000,
24.447336,0.000000,0.000000,11.700625,0.000000,
24.460330,0.000000,0.000000,11.694763,0.000000,
24.491774,0.000000,0.000000,11.680543,0.000000,
24.504744,0.000000,0.000000,11.674617,0.000000,
24.535555,0.000000,0.000000,11.660679,0.000000,
24.548179,0.000000,0.000000,11.654985,0.000000,
24.579871,0.000000,0.000000,11.640882,0.000000,
24.606678,0.000000,0.000000,11.628705,0.000000,
24.630386,0.000000,0.000000,11.622952,0.000000,
24.663574,0.000000,0.000000,11.603763,0.000000,
25.787704,0.000000,0.000000,11.590810,0.000000,
25.804573,0.000000,0.000000,11.090890,0.000000,
25.843986,0.000000,0.000000,11.072947,0.000000,
25.890195,0.000000,0.000000,11.067253,0.000000,
25.928458,0.000000,0.000000,11.036071,0.000000,
25.955874,0.000000,0.000000,11.023820,0.000000,
26.017368,0.000000,0.000000,11.017852,0.000000,
26.052198,0.000000,0.000000,10.982826,0.000000,
26.079430,0.000000,0.000000,10.969730,0.000000,
26.092608,0.000000,0.000000,10.963987,0.000000,
26.124242,0.000000,0.000000,10.950194,0.000000,
26.150668,0.000000,0.000000,10.938537,0.000000,
26.171937,0.000000,0.000000,10.933021,0.000000,
26.203157,0.000000,0.000000,10.915605,0.000000,
26.229831,0.000000,0.000000,10.904108,0.000000,
26.251150,0.000000,0.000000,10.898461,0.000000,
26.282599,0.000000,0.000000,10.881146,0.000000,
26.308752,0.000000,0.000000,10.869625,0.000000,
26.332702,0.000000,0.000000,10.864052,0.000000,
26.369044,0.000000,0.000000,10.845453,0.000000,
26.396434,0.000000,0.000000,10.831641,0.000000,
26.412261,0.000000,0.000000,10.825979,0.000000,
26.447809,0.000000,0.000000,10.811136,0.000000,
26.474157,0.000000,0.000000,10.797813,0.000000,
26.494126,0.000000,0.000000,10.792288,0.000000,
26.525548,0.000000,0.000000,10.775540,0.000000,
26.552199,0.000000,0.000000,10.763997,0.000000,
26.571336,0.000000,0.000000,10.758463,0.000000,
26.605164,0.000000,0.000000,10.741227,0.000000,
26.631668,0.000000,0.000000,10.729608,0.000000,
26.651102,0.000000,0.000000,10.724105,0.000000,
26.682633,0.000000,0.000000,10.707725,0.000000,
26.710128,0.000000,0.000000,10.695869,0.000000,
26.729466,0.000000,0.000000,10.690135,0.000000,
26.764945,0.000000,0.000000,10.673893,0.000000,
26.791489,0.000000,0.000000,10.660589,0.000000,
26.804325,0.000000,0.000000,10.655041,0.000000,
26.835690,0.000000,0.000000,10.641563,0.000000,
26.862373,0.000000,0.000000,10.630091,0.000000,
26.884033,0.000000,0.000000,10.624585,0.000000,
26.915366,0.000000,0.000000,10.607277,0.000000,
26.941745,0.000000,0.000000,10.595900,0.000000,
26.960781,0.000000,0.000000,10.590460,0.000000,
26.992169,0.000000,0.000000,10.574344,0.000000,
27.028987,0.000000,0.000000,10.559314,0.000000,
27.056418,0.000000,0.000000,10.546634,0.000000,
27.077867,0.000000,0.000000,10.541198,0.000000,
27.109086,0.000000,0.000000,10.524131,0.000000,
27.135671,0.000000,0.000000,10.512690,0.000000,
27.155262,0.000000,0.000000,10.507227,0.000000,
27.186530,0.000000,0.000000,10.490908,0.000000,
27.213718,0.000000,0.000000,10.479673,0.000000,
27.235819,0.000000,0.000000,10.473815,0.000000,
27.271688,0.000000,0.000000,10.456476,0.000000,
27.297996,0.000000,0.000000,10.443275,0.000000,
27.310964,0.000000,0.000000,10.437743,0.000000,
27.342768,0.000000,0.000000,10.424519,0.000000,
27.370258,0.000000,0.000000,10.412561,0.000000,
27.392010,0.000000,0.000000,10.407015,0.000000,
27.423450,0.000000,0.000000,10.389907,0.000000,
27.449809,0.000000,0.000000,10.378514,0.000000,
27.468900,0.000000,0.000000,10.373169,0.000000,
27.500702,0.000000,0.000000,10.356964,0.000000,
27.527151,0.000000,0.000000,10.345667,0.000000,
27.550603,0.000000,0.000000,10.340238,0.000000,
27.589425,0.000000,0.000000,10.322339,0.000000,
27.615750,0.000000,0.000000,10.308019,0.000000,
27.628672,0.000000,0.000000,10.302557,0.000000,
27.659918,0.000000,0.000000,10.289342,0.000000,
27.686367,0.000000,0.000000,10.278047,0.000000,
27.705970,0.000000,0.000000,10.272616,0.000000,
27.737272,0.000000,0.000000,10.256510,0.000000,
27.763590,0.000000,0.000000,10.245313,0.000000,
27.782713,0.000000,0.000000,10.239964,0.000000,
27.814306,0.000000,0.000000,10.223925,0.000000,
27.840748,0.000000,0.000000,10.212691,0.000000,
27.859881,0.000000,0.000000,10.207341,0.000000,
27.891198,0.000000,0.000000,10.191503,0.000000,
27.917401,0.000000,0.000000,10.180291,0.000000,
27.938457,0.000000,0.000000,10.174959,0.000000,
27.974205,0.000000,0.000000,10.158260,0.000000,
28.000711,0.000000,0.000000,10.145168,0.000000,
28.019855,0.000000,0.000000,10.139812,0.000000,
28.055871,0.000000,0.000000,10.123860,0.000000,
28.081862,0.000000,0.000000,10.110917,0.000000,
28.094665,0.000000,0.000000,10.105580,0.000000,
28.125924,0.000000,0.000000,10.092506,0.000000,
28.152345,0.000000,0.000000,10.081287,0.000000,
28.175974,0.000000,0.000000,10.075979,0.000000,
28.212412,0.000000,0.000000,10.058126,0.000000,
28.239669,0.000000,0.000000,10.044727,0.000000,
28.254179,0.000000,0.000000,10.038633,0.000000,
28.293301,0.000000,0.000000,10.024401,0.000000,
28.320312,0.000000,0.000000,10.011048,0.000000,
28.334761,0.000000,0.000000,10.004948,0.000000,
28.371511,0.000000,0.000000,9.991370,0.000000,
28.400252,0.000000,0.000000,9.977794,0.000000,
28.427903,0.000000,0.000000,9.965892,0.000000,
28.450195,0.000000,0.000000,9.960359,0.000000,
28.498951,0.000000,0.000000,9.937125,0.000000,
28.526190,0.000000,0.000000,9.924828,0.000000,
28.552721,0.000000,0.000000,9.913596,0.000000,
28.579693,0.000000,0.000000,9.902482,0.000000,
28.603178,0.000000,0.000000,9.896819,0.000000,
28.635734,0.000000,0.000000,9.879208,0.000000,
28.662991,0.000000,0.000000,9.867704,0.000000,
28.680351,0.000000,0.000000,9.862286,0.000000,
28.712692,0.000000,0.000000,9.847144,0.000000,
28.739790,0.000000,0.000000,9.835704,0.000000,
28.757433,0.000000,0.000000,9.830275,0.000000,
28.790969,0.000000,0.000000,9.815036,0.000000,
28.828900,0.000000,0.000000,9.798819,0.000000,
28.908758,0.000000,0.000000,9.792433,0.000000,
28.945321,0.000000,0.000000,9.751528,0.000000,
28.959931,0.000000,0.000000,9.744586,0.000000,
29.003786,0.000000,0.000000,9.730685,0.000000,
29.037952,0.000000,0.000000,9.714350,0.000000,
29.075496,0.000000,0.000000,9.700787,0.000000,
29.110989,0.000000,0.000000,9.685229,0.000000,
29.138656,0.000000,0.000000,9.670508,0.000000,
29.155405,0.000000,0.000000,9.664812,0.000000,
29.195817,0.000000,0.000000,9.650065,0.000000,
29.240445,0.000000,0.000000,9.635701,0.000000,
29.282551,0.000000,0.000000,9.617379,0.000000,
29.318500,0.000000,0.000000,9.599604,0.000000,
29.345758,0.000000,0.000000,9.584948,0.000000,
29.360884,0.000000,0.000000,9.578826,0.000000,
29.403723,0.000000,0.000000,9.565646,0.000000,
29.441310,0.000000,0.000000,9.549918,0.000000,
29.468445,0.000000,0.000000,9.534528,0.000000,
29.482227,0.000000,0.000000,9.528904,0.000000,
29.515843,0.000000,0.000000,9.515562,0.000000,
29.544636,0.000000,0.000000,9.503469,0.000000,
29.563569,0.000000,0.000000,9.497663,0.000000,
29.599828,0.000000,0.000000,9.482048,0.000000,
29.628682,0.000000,0.000000,9.469166,0.000000,
29.643312,0.000000,0.000000,9.463028,0.000000,
29.678247,0.000000,0.000000,9.449448,0.000000,
29.705724,0.000000,0.000000,9.437456,0.000000,
29.725979,0.000000,0.000000,9.431840,0.000000,
29.764419,0.000000,0.000000,9.415608,0.000000,
29.791575,0.000000,0.000000,9.402306,0.000000,
29.810433,0.000000,0.000000,9.396798,0.000000,
29.843746,0.000000,0.000000,9.381213,0.000000,
29.870994,0.000000,0.000000,9.369854,0.000000,
29.891801,0.000000,0.000000,9.364404,0.000000,
29.931962,0.000000,0.000000,9.348340,0.000000,
29.959220,0.000000,0.000000,9.333928,0.000000,
29.973797,0.000000,0.000000,9.328333,0.000000,
30.011940,0.000000,0.000000,9.314586,0.000000,
30.040573,0.000000,0.000000,9.301042,0.000000,
30.054241,0.000000,0.000000,9.295212,0.000000,
30.098713,0.000000,0.000000,9.281789,0.000000,
30.131922,0.000000,0.000000,9.265891,0.000000,
30.168554,0.000000,0.000000,9.252146,0.000000,
30.197258,0.000000,0.000000,9.237158,0.000000,
30.218725,0.000000,0.000000,9.231551,0.000000,
30.262154,0.000000,0.000000,9.211803,0.000000,
30.290581,0.000000,0.000000,9.199696,0.000000,
30.318600,0.000000,0.000000,9.187902,0.000000,
30.338915,0.000000,0.000000,9.182238,0.000000,
30.376132,0.000000,0.000000,9.166169,0.000000,
30.403656,0.000000,0.000000,9.153466,0.000000,
30.424230,0.000000,0.000000,9.148059,0.000000,
30.457316,0.000000,0.000000,9.132017,0.000000,
30.486163,0.000000,0.000000,9.120310,0.000000,
30.502846,0.000000,0.000000,9.114620,0.000000,
30.543501,0.000000,0.000000,9.100239,0.000000,
30.571298,0.000000,0.000000,9.085846,0.000000,
30.585991,0.000000,0.000000,9.080254,0.000000,
30.622014,0.000000,0.000000,9.066155,0.000000,
30.650841,0.000000,0.000000,9.053945,0.000000,
30.668290,0.000000,0.000000,9.047933,0.000000,
30.708361,0.000000,0.000000,9.031191,0.000000,
30.746149,0.000000,0.000000,9.019659,0.000000,
30.786324,0.000000,0.000000,9.004367,0.000000,
30.830122,0.000000,0.000000,8.986136,0.000000,
30.868417,0.000000,0.000000,8.970760,0.000000,
30.904134,0.000000,0.000000,8.955265,0.000000,
30.931292,0.000000,0.000000,8.941031,0.000000,
30.947386,0.000000,0.000000,8.935685,0.000000,
30.983763,0.000000,0.000000,8.921436,0.000000,
31.013814,0.000000,0.000000,8.908808,0.000000,
31.028003,0.000000,0.000000,8.902617,0.000000,
31.063271,0.000000,0.000000,8.888929,0.000000,
31.092074,0.000000,0.000000,8.877042,0.000000,
31.122413,0.000000,0.000000,8.864751,0.000000,
31.143864,0.000000,0.000000,8.859233,0.000000,
31.192888,0.000000,0.000000,8.842988,0.000000,
31.225780,0.000000,0.000000,8.824038,0.000000,
31.254390,0.000000,0.000000,8.811971,0.000000,
31.270888,0.000000,0.000000,8.806447,0.000000,
31.306382,0.000000,0.000000,8.792312,0.000000,
31.335074,0.000000,0.000000,8.779900,0.000000,
31.350250,0.000000,0.000000,8.774148,0.000000,
31.391151,0.000000,0.000000,8.760275,0.000000,
31.426841,0.000000,0.000000,8.746403,0.000000,
31.454155,0.000000,0.000000,8.732404,0.000000,
31.484200,0.000000,0.000000,8.720466,0.000000,
31.505224,0.000000,0.000000,8.714976,0.000000,
31.541031,0.000000,0.000000,8.697807,0.000000,
31.568394,0.000000,0.000000,8.687016,0.000000,
31.585716,0.000000,0.000000,8.681278,0.000000,
31.626012,0.000000,0.000000,8.667268,0.000000,
31.653341,0.000000,0.000000,8.653313,0.000000,
31.681037,0.000000,0.000000,8.642328,0.000000,
31.701902,0.000000,0.000000,8.637102,0.000000,
31.736108,0.000000,0.000000,8.620643,0.000000,
31.763406,0.000000,0.000000,8.609597,0.000000,
31.784013,0.000000,0.000000,8.604458,0.000000,
31.825152,0.000000,0.000000,8.588483,0.000000,
31.915193,0.000000,0.000000,8.574522,0.000000,
31.941846,0.000000,0.000000,8.539157,0.000000,
31.974871,0.000000,0.000000,8.533968,0.000000,
32.008072,0.000000,0.000000,8.513156,0.000000,
32.035761,0.000000,0.000000,8.502070,0.000000,
32.051177,0.000000,0.000000,8.496927,0.000000,
32.083326,0.000000,0.000000,8.483376,0.000000,
32.110466,0.000000,0.000000,8.472724,0.000000,
32.131526,0.000000,0.000000,8.467561,0.000000,
32.176756,0.000000,0.000000,8.451718,0.000000,
32.203354,0.000000,0.000000,8.436121,0.000000,
32.226164,0.000000,0.000000,8.430936,0.000000,
32.262306,0.000000,0.000000,8.414205,0.000000,
32.290208,0.000000,0.000000,8.401980,0.000000,
32.304647,0.000000,0.000000,8.396526,0.000000,
32.337383,0.000000,0.000000,8.383609,0.000000,
32.378412,0.000000,0.000000,8.368354,0.000000,
32.407748,0.000000,0.000000,8.355980,0.000000,
32.421281,0.000000,0.000000,8.350678,0.000000,
32.460134,0.000000,0.000000,8.336028,0.000000,
32.488490,0.000000,0.000000,8.324306,0.000000,
32.517141,0.000000,0.000000,8.313114,0.000000,
32.540945,0.000000,0.000000,8.307919,0.000000,
32.577927,0.000000,0.000000,8.291379,0.000000,
32.604354,0.000000,0.000000,8.278871,0.000000,
32.617140,0.000000,0.000000,8.273883,0.000000,
32.648451,0.000000,0.000000,8.261690,0.000000,
32.674966,0.000000,0.000000,8.251353,0.000000,
32.698000,0.000000,0.000000,8.246374,0.000000,
32.732720,0.000000,0.000000,8.228979,0.000000,
32.758923,0.000000,0.000000,8.218547,0.000000,
32.771606,0.000000,0.000000,8.213620,0.000000,
32.802775,0.000000,0.000000,8.201501,0.000000,
32.829019,0.000000,0.000000,8.191355,0.000000,
32.847805,0.000000,0.000000,8.186405,0.000000,
32.879481,0.000000,0.000000,8.171892,0.000000,
32.905591,0.000000,0.000000,8.161475,0.000000,
32.925051,0.000000,0.000000,8.156598,0.000000,
32.956118,0.000000,0.000000,8.141857,0.000000,
32.982329,0.000000,0.000000,8.131618,0.000000,
33.007928,0.000000,0.000000,8.126730,0.000000,
33.043775,0.000000,0.000000,8.107802,0.000000,
33.069674,0.000000,0.000000,8.097662,0.000000,
33.082629,0.000000,0.000000,8.092691,0.000000,
33.114315,0.000000,0.000000,8.080462,0.000000,
33.140739,0.000000,0.000000,8.070195,0.000000,
33.157777,0.000000,0.000000,8.065312,0.000000,
33.188711,0.000000,0.000000,8.051572,0.000000,
33.214998,0.000000,0.000000,8.041349,0.000000,
33.238669,0.000000,0.000000,8.036489,0.000000,
33.276252,0.000000,0.000000,8.020279,0.000000,
33.302441,0.000000,0.000000,8.007540,0.000000,
33.315226,0.000000,0.000000,8.002623,0.000000,
33.346600,0.000000,0.000000,7.990587,0.000000,
33.372883,0.000000,0.000000,7.980340,0.000000,
33.395061,0.000000,0.000000,7.975507,0.000000,
33.431168,0.000000,0.000000,7.959648,0.000000,
33.457386,0.000000,0.000000,7.947710,0.000000,
33.470065,0.000000,0.000000,7.942765,0.000000,
33.501303,0.000000,0.000000,7.930826,0.000000,
33.527582,0.000000,0.000000,7.920726,0.000000,
33.544343,0.000000,0.000000,7.915821,0.000000,
33.575896,0.000000,0.000000,7.902138,0.000000,
33.602009,0.000000,0.000000,7.891970,0.000000,
33.625112,0.000000,0.000000,7.887135,0.000000,
33.660669,0.000000,0.000000,7.871086,0.000000,
33.686709,0.000000,0.000000,7.859312,0.000000,
33.699539,0.000000,0.000000,7.854444,0.000000,
33.730783,0.000000,0.000000,7.842465,0.000000,
33.757505,0.000000,0.000000,7.832284,0.000000,
33.778975,0.000000,0.000000,7.827324,0.000000,
33.810235,0.000000,0.000000,7.811937,0.000000,
33.836529,0.000000,0.000000,7.801838,0.000000,
33.855677,0.000000,0.000000,7.796900,0.000000,
33.893951,0.000000,0.000000,7.782523,0.000000,
33.920021,0.000000,0.000000,7.769804,0.000000,
33.932922,0.000000,0.000000,7.764857,0.000000,
33.964166,0.000000,0.000000,7.752943,0.000000,
33.990466,0.000000,0.000000,7.742915,0.000000,
34.009918,0.000000,0.000000,7.738014,0.000000,
34.040548,0.000000,0.000000,7.723622,0.000000,
34.053124,0.000000,0.000000,7.718802,0.000000,
34.084322,0.000000,0.000000,7.706856,0.000000,
34.110838,0.000000,0.000000,7.696729,0.000000,
34.134268,0.000000,0.000000,7.691959,0.000000,
34.171780,0.000000,0.000000,7.675970,0.000000,
34.197699,0.000000,0.000000,7.663536,0.000000,
34.210473,0.000000,0.000000,7.658701,0.000000,
34.246393,0.000000,0.000000,7.645308,0.000000,
34.272582,0.000000,0.000000,7.634953,0.000000,
34.289965,0.000000,0.000000,7.630176,0.000000,
34.325200,0.000000,0.000000,7.616550,0.000000,
34.351218,0.000000,0.000000,7.604938,0.000000,
34.366049,0.000000,0.000000,7.600176,0.000000,
34.397631,0.000000,0.000000,7.587538,0.000000,
34.424082,0.000000,0.000000,7.577305,0.000000,
34.440970,0.000000,0.000000,7.572466,0.000000,
34.471869,0.000000,0.000000,7.559027,0.000000,
34.497964,0.000000,0.000000,7.549130,0.000000,
34.521470,0.000000,0.000000,7.544357,0.000000,
34.556795,0.000000,0.000000,7.528390,0.000000,
34.582756,0.000000,0.000000,7.516854,0.000000,
34.595602,0.000000,0.000000,7.512070,0.000000,
34.626698,0.000000,0.000000,7.500215,0.000000,
34.652917,0.000000,0.000000,7.490262,0.000000,
34.674349,0.000000,0.000000,7.485478,0.000000,
34.710049,0.000000,0.000000,7.468749,0.000000,
34.735876,0.000000,0.000000,7.458737,0.000000,
34.759066,0.000000,0.000000,7.454022,0.000000,
34.790229,0.000000,0.000000,7.438288,0.000000,
34.816309,0.000000,0.000000,7.428283,0.000000,
34.834453,0.000000,0.000000,7.423296,0.000000,
34.865401,0.000000,0.000000,7.409699,0.000000,
34.919146,0.000000,0.000000,7.404949,0.000000,
34.950202,0.000000,0.000000,7.377721,0.000000,
34.976437,0.000000,0.000000,7.367772,0.000000,
34.998486,0.000000,0.000000,7.363013,0.000000,
35.029681,0.000000,0.000000,7.347670,0.000000,
35.055915,0.001000,0.001000,7.337714,0.000000,
35.086732,0.001000,0.001000,7.333016,0.000000,
35.117766,0.001000,0.001000,7.314450,0.000000,
35.144585,0.001000,0.001000,7.304405,0.000000,
35.165748,0.001000,0.001000,7.299601,0.000000,
35.201791,0.001000,0.001000,7.284638,0.000000,
35.228005,0.001000,0.001000,7.272946,0.000000,
35.243726,0.001000,0.001000,7.268044,0.000000,
35.280391,0.001000,0.001000,7.255144,0.000000,
35.307033,0.001000,0.001000,7.243212,0.000000,
35.319957,0.001000,0.001000,7.238380,0.000000,
35.351156,0.001000,0.001000,7.226672,0.000000,
35.377557,0.001000,0.001000,7.216765,0.000000,
35.396895,0.001000,0.001000,7.211977,0.000000,
35.429378,0.001000,0.001000,7.197323,0.000000,
35.455587,0.001000,0.001000,7.187425,0.000000,
35.476862,0.001000,0.001000,7.182687,0.000000,
35.513350,0.001000,0.001000,7.167792,0.000000,
35.539471,0.001000,0.001000,7.155930,0.000000,
35.552272,0.001000,0.001000,7.151131,0.000000,
35.584165,0.001000,0.001000,7.139464,0.000000,
35.610995,0.001000,0.001000,7.129315,0.000000,
35.632166,0.001000,0.001000,7.124444,0.000000,
35.663111,0.001000,0.001000,7.109673,0.000000,
35.689455,0.001000,0.001000,7.099840,0.000000,
35.710907,0.001000,0.001000,7.095099,0.000000,
35.746685,0.001000,0.001000,7.080233,0.000000,
35.773026,0.001000,0.001000,7.068589,0.000000,
35.785802,0.001000,0.001000,7.063770,0.000000,
35.816989,0.001000,0.001000,7.052117,0.000000,
35.843666,0.001000,0.001000,7.042226,0.000000,
35.866866,0.001000,0.001000,7.037488,0.000000,
35.903790,0.001000,0.001000,7.021905,0.000000,
35.929876,0.001000,0.001000,7.009995,0.000000,
35.942812,0.001000,0.001000,7.005232,0.000000,
35.977994,0.001000,0.001000,6.992388,0.000000,
36.004365,0.001000,0.001000,6.982304,0.000000,
36.019424,0.001000,0.001000,6.977524,0.000000,
36.051376,0.001000,0.001000,6.964848,0.000000,
36.077795,0.001000,0.001000,6.954978,0.000000,
36.099942,0.001000,0.001000,6.950254,0.000000,
36.136197,0.001000,0.001000,6.934929,0.000000,
36.162338,0.001000,0.001000,6.923481,0.000000,
36.179339,0.001000,0.001000,6.918782,0.000000,
36.211368,0.001000,0.001000,6.905329,0.000000,
36.237405,0.001000,0.001000,6.895555,0.000000,
36.259148,0.001000,0.001000,6.890891,0.000000,
36.297742,0.001000,0.001000,6.875956,0.000000,
36.332828,0.001000,0.001000,6.863452,0.000000,
36.359066,0.001000,0.001000,6.850484,0.000000,
36.376784,0.001000,0.001000,6.845639,0.000000,
36.411051,0.001000,0.001000,6.832415,0.000000,
36.437153,0.001000,0.001000,6.821449,0.000000,
36.450272,0.001000,0.001000,6.816675,0.000000,
36.481676,0.001000,0.001000,6.805097,0.000000,
36.507916,0.001000,0.001000,6.795316,0.000000,
36.528902,0.001000,0.001000,6.790615,0.000000,
36.566677,0.001000,0.001000,6.776066,0.000000,
36.592847,0.001000,0.001000,6.763831,0.000000,
36.605774,0.001000,0.001000,6.759040,0.000000,
36.642894,0.001000,0.001000,6.747730,0.000000,
36.668661,0.001000,0.001000,6.735766,0.000000,
36.681980,0.001000,0.001000,6.730884,0.000000,
36.713026,0.001000,0.001000,6.719442,0.000000,
36.739178,0.001000,0.001000,6.709775,0.000000,
36.758252,0.001000,0.001000,6.705129,0.000000,
36.789433,0.001000,0.001000,6.691308,0.000000,
36.815816,0.001000,0.001000,6.681480,0.000000,
36.838024,0.001000,0.001000,6.676535,0.000000,
36.875419,0.001000,0.001000,6.661963,0.000000,
36.901657,0.001000,0.001000,6.649848,0.000000,
36.914525,0.001000,0.001000,6.645089,0.000000,
36.946106,0.001000,0.001000,6.633643,0.000000,
36.973063,0.001000,0.001000,6.623604,0.000000,
36.994816,0.001000,0.001000,6.618918,0.000000,
37.032884,0.001000,0.001000,6.604146,0.000000,
37.069660,0.001000,0.001000,6.591947,0.000000,
37.095771,0.001000,0.001000,6.578403,0.000000,
37.108808,0.001000,0.001000,6.573693,0.000000,
37.140142,0.001000,0.001000,6.562253,0.000000,
37.166426,0.001000,0.001000,6.552509,0.000000,
37.185666,0.001000,0.001000,6.547806,0.000000,
37.216835,0.001000,0.001000,6.533942,0.000000,
37.243150,0.001000,0.001000,6.524340,0.000000,
37.262319,0.001000,0.001000,6.519686,0.000000,
37.293947,0.001000,0.001000,6.505837,0.000000,
37.320113,0.001000,0.001000,6.496050,0.000000,
37.342180,0.001000,0.001000,6.491419,0.000000,
37.375232,0.001000,0.001000,6.476112,0.000000,
37.401425,0.001000,0.001000,6.466269,0.000000,
37.418526,0.001000,0.001000,6.461546,0.000000,
37.458379,0.001000,0.001000,6.448643,0.000000,
37.500663,0.001000,0.001000,6.435922,0.000000,
37.534471,0.001000,0.001000,6.420095,0.000000,
37.560828,0.001000,0.001000,6.407938,0.000000,
37.573799,0.001000,0.001000,6.403212,0.000000,
37.608703,0.001000,0.001000,6.390559,0.000000,
37.634790,0.001000,0.001000,6.380866,0.000000,
37.656122,0.001000,0.001000,6.376294,0.000000,
37.687090,0.001000,0.001000,6.361738,0.000000,
37.699802,0.001000,0.001000,6.357136,0.000000,
37.733737,0.001000,0.001000,6.345356,0.000000,
37.759856,0.001000,0.001000,6.335228,0.000000,
37.781101,0.001000,0.001000,6.330652,0.000000,
37.818750,0.001000,0.001000,6.316136,0.000000,
37.858837,0.001000,0.001000,6.303215,0.000000,
37.936267,0.001000,0.001000,6.289676,0.000000,
37.962482,0.001000,0.001000,6.261449,0.000000,
37.975791,0.001000,0.001000,6.256682,0.000000,
38.009076,0.001000,0.001000,6.244838,0.000000,
38.035958,0.001000,0.001000,6.234649,0.000000,
38.052841,0.001000,0.001000,6.230093,0.000000,
38.084096,0.001000,0.001000,6.217375,0.000000,
38.110299,0.001000,0.001000,6.207709,0.000000,
38.131322,0.001000,0.001000,6.203103,0.000000,
38.184956,0.001000,0.001000,6.188650,0.000000,
38.211259,0.001000,0.001000,6.171025,0.000000,
38.228166,0.001000,0.001000,6.166411,0.000000,
38.272128,0.001000,0.001000,6.153661,0.000000,
38.298161,0.001000,0.001000,6.139382,0.000000,
38.313366,0.001000,0.001000,6.134789,0.000000,
38.349538,0.001000,0.001000,6.122650,0.000000,
38.375553,0.001000,0.001000,6.111355,0.000000,
38.391025,0.001000,0.001000,6.106785,0.000000,
38.424932,0.001000,0.001000,6.094484,0.000000,
38.450846,0.001000,0.001000,6.084071,0.000000,
38.463522,0.001000,0.001000,6.079524,0.000000,
38.494570,0.001000,0.001000,6.068280,0.000000,
38.520689,0.001000,0.001000,6.058825,0.000000,
38.544017,0.001000,0.001000,6.054330,0.000000,
38.581675,0.001000,0.001000,6.039294,0.000000,
38.617727,0.001000,0.001000,6.026307,0.000000,
38.644126,9.000000,9.000000,6.133305,0.000000,
38.658192,9.000000,2.958945,6.144861,0.000000,
38.695696,9.000000,7.965735,6.232357,0.000000,
38.721687,9.000000,3.838020,6.270534,0.000000,
38.734321,9.000000,7.251062,6.302822,0.000000,
38.765209,9.000000,4.442521,6.346122,0.000000,
38.791367,9.000000,6.761851,6.406949,0.000000,
38.813380,9.000000,4.865254,6.427136,0.000000,
38.849254,9.000000,6.425086,6.516093,0.000000,
38.875175,9.000000,5.161328,6.568419,0.000000,
38.887854,9.000000,6.202552,6.595131,0.000000,
38.918941,9.000000,5.357044,6.650164,0.000000,
38.945183,9.000000,6.054990,6.703986,0.000000,
38.968324,9.000000,5.495831,6.726626,0.000000,
39.006319,9.000000,5.953731,6.812347,0.000000,
39.032418,9.000000,5.596149,6.872352,0.000000,
39.045153,9.000000,5.895052,6.897558,0.000000,
39.076808,9.000000,5.657694,6.956445,0.000000,
39.103117,9.000000,5.858618,7.008859,0.000000,
39.124216,9.000000,5.705326,7.033084,0.000000,
39.155896,9.000000,5.832460,7.111509,0.000000,
39.195670,9.000000,5.743088,7.136023,0.000000,
39.228660,9.000000,5.818636,7.252578,0.000000,
39.257433,9.000000,5.777100,7.307453,0.000000,
39.277907,9.000000,5.819077,7.334191,0.000000,
39.314235,9.000000,5.790017,7.409318,0.000000,
39.344563,9.000000,5.825276,7.474340,0.000000,
39.371927,9.000000,5.807899,7.529542,0.000000,
39.391389,9.000000,5.830605,7.555295,0.000000,
39.423677,9.000000,5.816871,7.630365,0.000000,
39.450020,9.000000,5.839906,7.682878,0.000000,
39.469679,9.000000,5.830351,7.707442,0.000000,
39.508316,9.000000,5.841856,7.781889,0.000000,
39.548131,9.000000,5.844980,7.847766,0.000000,
39.585862,9.000000,5.853294,7.925530,0.000000,
39.612139,9.000000,5.859520,7.999469,0.000000,
39.660927,9.000000,5.866777,8.023964,0.000000,
39.692305,9.000000,5.865157,8.156267,0.000000,
39.707702,9.000000,5.888095,8.181184,0.000000,
39.738785,9.000000,5.874484,8.247226,0.000000,
39.758367,9.000000,5.895823,8.271862,0.000000,
39.792039,9.000000,5.883459,8.349411,0.000000,
39.818244,9.000000,5.905713,8.403459,0.000000,
39.841220,9.000000,5.897569,8.429591,0.000000,
39.871867,9.000000,5.908107,8.508638,0.000000,
39.888770,9.000000,5.913100,8.533290,0.000000,
39.919697,9.000000,5.913367,8.602644,0.000000,
39.932482,9.000000,5.924622,8.627957,0.000000,
39.963533,9.000000,5.920262,8.689290,0.000000,
39.990278,9.000000,5.933716,8.740746,0.000000,
40.013373,9.000000,5.932059,8.766654,0.000000,
40.045748,9.000000,5.937606,8.850441,0.000000,
40.072702,9.000000,5.947318,8.903976,0.000000,
40.098319,9.000000,5.948903,8.929783,0.000000,
40.129883,9.000000,5.952001,9.017545,0.000000,
40.142657,9.000000,5.964271,9.042782,0.000000,
40.174086,9.000000,5.959298,9.104979,0.000000,
40.186680,9.000000,5.973370,9.130174,0.000000,
40.218169,9.000000,5.967083,9.192368,0.000000,
40.230964,9.000000,5.982135,9.217717,0.000000,
40.261991,9.000000,5.975186,9.279459,0.000000,
40.288153,9.000000,5.990653,9.331203,0.000000,
40.314021,9.000000,5.987857,9.356211,0.000000,
40.351658,9.000000,5.994108,9.444064,0.000000,
40.390472,9.000000,6.004204,9.509401,0.000000,
40.416074,9.000000,6.007733,9.585834,0.000000,
40.433533,9.000000,6.017971,9.610428,0.000000,
40.464587,9.000000,6.014610,9.681748,0.000000,
40.490793,9.000000,6.029054,9.734133,0.000000,
40.513713,9.000000,6.027342,9.759411,0.000000,
40.544822,9.000000,6.032845,9.841838,0.000000,
40.571259,9.000000,6.042736,9.894715,0.000000,
40.594515,9.000000,6.044493,9.920267,0.000000,
40.626457,9.000000,6.047537,10.004574,0.000000,
40.639920,9.000000,6.059582,10.030940,0.000000,
40.671370,9.000000,6.055368,10.094635,0.000000,
40.697798,9.000000,6.069177,10.147972,0.000000,
40.721905,9.000000,6.068307,10.173427,0.000000,
40.761971,9.000000,6.073246,10.274646,0.000000,
40.789928,9.000000,6.086886,10.331443,0.000000,
40.810740,9.000000,6.086821,10.358643,0.000000,
40.850931,9.000000,6.091493,10.436825,0.000000,
40.928776,9.000000,6.101480,10.509034,0.000000,
40.957554,9.000000,6.106715,10.667670,0.000000,
41.001070,9.000000,6.130084,10.696019,0.000000,
41.034739,9.000000,6.118536,10.823843,0.000000,
41.061299,9.000000,6.148484,10.878386,0.000000,
41.085307,9.000000,6.136963,10.904286,0.000000,
41.117418,9.000000,6.149423,10.991790,0.000000,
41.130764,9.000000,6.155793,11.018275,0.000000,
41.163420,9.000000,6.155935,11.083488,0.000000,
41.178004,9.000000,6.167053,11.112678,0.000000,
41.221290,9.000000,6.164408,11.178031,0.000000,
41.247811,9.000000,6.177488,11.255668,0.000000,
41.274681,9.000000,6.181893,11.309398,0.000000,
41.296072,9.000000,6.188153,11.335769,0.000000,
41.327118,9.000000,6.188431,11.416553,0.000000,
41.344392,9.000000,6.202209,11.442285,0.000000,
41.376003,9.000000,6.197285,11.515457,0.000000,
41.389289,9.000000,6.213305,11.542095,0.000000,
41.420937,9.000000,6.207063,11.606666,0.000000,
41.433947,9.000000,6.222490,11.633558,0.000000,
41.474287,9.000000,6.216741,11.697095,0.000000,
41.514416,9.000000,6.231658,11.769449,0.000000,
41.528088,9.000000,6.234214,11.824970,0.000000,
41.559683,9.000000,6.242169,11.889118,0.000000,
41.586243,9.000000,6.248030,11.943068,0.000000,
41.610925,9.000000,6.253534,11.969762,0.000000,
41.642729,9.000000,6.254531,12.058081,0.000000,
41.668975,9.000000,6.269301,12.112712,0.000000,
41.692177,9.000000,6.269076,12.138572,0.000000,
41.723907,9.000000,6.273755,12.224465,0.000000,
41.736661,9.000000,6.285719,12.250921,0.000000,
41.768550,9.000000,6.282487,12.314526,0.000000,
41.795257,9.000000,6.295778,12.371219,0.000000,
41.817543,9.000000,6.297033,12.397042,0.000000,
41.849122,9.000000,6.300755,12.481100,0.000000,
41.864349,9.000000,6.313120,12.507851,0.000000,
41.896169,9.000000,6.309785,12.577271,0.000000,
41.934422,9.000000,6.324193,12.652942,0.000000,
41.947339,9.000000,6.328219,12.683106,0.000000,
41.978950,9.000000,6.330949,12.747544,0.000000,
42.012680,9.000000,6.340585,12.817201,0.000000,
42.032352,9.000000,6.346721,12.843479,0.000000,
42.064872,9.000000,6.347442,12.923535,0.000000,
42.091673,9.000000,6.361178,12.979520,0.000000,
42.114359,9.000000,6.362352,13.006479,0.000000,
42.145985,9.000000,6.366396,13.092136,0.000000,
42.158976,9.000000,6.379058,13.118728,0.000000,
42.190399,9.000000,6.375767,13.183831,0.000000,
42.203340,9.000000,6.389449,13.210485,0.000000,
42.234565,9.000000,6.385565,13.275021,0.000000,
42.247438,9.000000,6.399530,13.301716,0.000000,
42.279146,9.000000,6.395518,13.366016,0.000000,
42.306173,9.000000,6.409528,13.422812,0.000000,
42.331923,9.000000,6.410921,13.449556,0.000000,
42.368202,9.000000,6.414841,13.550635,0.000000,
42.394904,9.000000,6.430511,13.606784,0.000000,
42.415220,9.000000,6.430862,13.633473,0.000000,
42.451172,9.000000,6.435440,13.714562,0.000000,
42.477491,9.000000,6.447186,13.778146,0.000000,
42.493171,9.000000,6.451394,13.805137,0.000000,
42.525451,9.000000,6.453671,13.877254,0.000000,
42.551820,9.000000,6.465276,13.933074,0.000000,
42.577523,9.000000,6.468254,13.959425,0.000000,
42.619468,9.000000,6.471198,14.063371,0.000000,
42.659122,9.000000,6.488196,14.128109,0.000000,
42.696375,9.000000,6.489613,14.210695,0.000000,
42.734350,9.000000,6.503730,14.288446,0.000000,
42.761471,9.000000,6.509346,14.369519,0.000000,
42.774916,9.000000,6.520717,14.398065,0.000000,
42.811334,9.000000,6.519112,14.462587,0.000000,
42.837673,9.000000,6.531823,14.529100,0.000000,
42.850386,9.000000,6.536387,14.555889,0.000000,
42.888427,9.000000,6.538569,14.621597,0.000000,
42.914540,9.000000,6.549278,14.690488,0.000000,
42.927488,9.000000,6.555550,14.716860,0.000000,
42.958804,9.000000,6.556683,14.782621,0.000000,
42.971872,9.000000,6.568063,14.809664,0.000000,
43.010856,9.000000,6.566346,14.876094,0.000000,
43.037303,9.000000,6.579540,14.947274,0.000000,
43.050390,9.000000,6.584915,14.975040,0.000000,
43.088892,9.000000,6.586893,15.054335,0.000000,
43.115523,9.000000,6.600336,15.111705,0.000000,
43.133283,9.000000,6.603127,15.138985,0.000000,
43.164659,9.000000,6.606547,15.215768,0.000000,
43.177436,9.000000,6.618747,15.242411,0.000000,
43.209047,9.000000,6.616661,15.308545,0.000000,
43.235556,9.000000,6.630084,15.364640,0.000000,
43.260973,9.000000,6.632794,15.392040,0.000000,
43.304061,9.000000,6.636325,15.498800,0.000000,
43.330246,9.000000,6.654108,15.564536,0.000000,
43.343453,9.000000,6.656247,15.592578,0.000000,
43.375187,9.000000,6.660253,15.658993,0.000000,
43.388395,9.000000,6.670351,15.687788,0.000000,
43.424335,9.000000,6.670038,15.753711,0.000000,
43.450712,9.000000,6.682499,15.819385,0.000000,
43.467674,9.000000,6.687785,15.846190,0.000000,
43.499658,9.000000,6.689844,15.921026,0.000000,
43.526195,9.000000,6.702684,15.979074,0.000000,
43.543175,9.000000,6.706427,16.006132,0.000000,
43.574952,9.000000,6.709425,16.082593,0.000000,
43.588362,9.000000,6.722101,16.109896,0.000000,
43.620690,9.000000,6.720249,16.178882,0.000000,
43.647222,9.000000,6.734220,16.236404,0.000000,
43.668678,9.000000,6.737387,16.263363,0.000000,
43.699531,9.000000,6.740732,16.347677,0.000000,
43.712942,9.000000,6.754787,16.375267,0.000000,
43.744020,9.000000,6.752358,16.442118,0.000000,
43.757538,9.000000,6.766288,16.469509,0.000000,
43.789890,9.000000,6.763936,16.537978,0.000000,
43.816378,9.000000,6.778145,16.596557,0.000000,
43.835573,9.000000,6.781595,16.623633,0.000000,
43.872074,9.000000,6.784875,16.704105,0.000000,
43.898341,9.000000,6.798374,16.771506,0.000000,
43.949755,9.000000,6.803978,16.798834,0.000000,
43.981198,9.000000,6.806195,16.948135,0.000000,
44.008433,9.000000,6.833410,17.006452,0.000000,
44.032166,9.000000,6.830216,17.033994,0.000000,
44.071815,9.000000,6.837148,17.124979,0.000000,
44.106846,9.000000,6.850896,17.200879,0.000000,
44.144383,9.000000,6.858255,17.273952,0.000000,
44.170603,9.000000,6.868435,17.354550,0.000000,
44.183667,9.000000,6.878635,17.382821,0.000000,
44.225665,9.000000,6.878814,17.449061,0.000000,
44.257916,9.000000,6.891453,17.528231,0.000000,
44.292728,9.000000,6.900220,17.597822,0.000000,
44.319035,9.000000,6.909163,17.673907,0.000000,
44.346643,9.000000,6.919305,17.731955,0.000000,
44.368501,9.000000,6.925393,17.762516,0.000000,
44.400976,9.000000,6.928235,17.848990,0.000000,
44.428027,9.000000,6.943542,17.907271,0.000000,
44.447381,9.000000,6.947175,17.936265,0.000000,
44.483161,9.000000,6.950988,18.017713,0.000000,
44.509530,9.000000,6.964904,18.084412,0.000000,
44.523023,9.000000,6.970973,18.112980,0.000000,
44.554327,9.000000,6.973535,18.180995,0.000000,
44.580735,9.000000,6.985521,18.238398,0.000000,
44.600996,9.000000,6.990827,18.267830,0.000000,
44.632119,9.000000,6.993974,18.349890,0.000000,
44.658578,9.000000,7.008469,18.406958,0.000000,
44.676093,9.000000,7.012580,18.434546,0.000000,
44.707424,9.000000,7.015989,18.512877,0.000000,
44.733834,9.000000,7.029691,18.570519,0.000000,
44.753691,9.000000,7.034397,18.598088,0.000000,
44.798550,9.000000,7.037551,18.681511,0.000000,
44.825507,9.000000,7.052439,18.768992,0.000000,
44.841909,9.000000,7.062560,18.800409,0.000000,
44.873341,9.000000,7.063946,18.872881,0.000000,
44.899554,9.000000,7.077592,18.930943,0.000000,
44.922109,9.000000,7.082623,18.958568,0.000000,
44.956027,9.000000,7.085720,19.052827,0.000000,
44.983850,9.000000,7.102924,19.113769,0.000000,
44.997423,9.000000,7.106972,19.143730,0.000000,
45.028945,9.000000,7.111036,19.212935,0.000000,
45.055652,9.000000,7.122896,19.270895,0.000000,
45.074879,9.000000,7.128937,19.299310,0.000000,
45.113333,9.000000,7.131808,19.381574,0.000000,
45.139410,9.600000,7.146877,19.454995,0.000000,
45.152355,10.200001,7.154629,19.483071,0.000000,
45.189991,10.800001,7.156704,19.551021,0.000000,
45.218739,0.001000,0.001000,19.528195,0.000000,
45.245787,0.001000,0.001000,19.509383,0.000000,
45.266491,0.001000,0.001000,19.500155,0.000000,
45.301240,0.001000,0.001000,19.472705,0.000000,
45.329904,0.001000,0.001000,19.453373,0.000000,
45.343370,0.001000,0.001000,19.444118,0.000000,
45.385372,0.001000,0.001000,19.423068,0.000000,
45.418136,0.001000,0.001000,19.398244,0.000000,
45.447722,0.001000,0.001000,19.375374,0.000000,
45.474010,0.001000,0.001000,19.356835,0.000000,
45.492363,0.001000,0.001000,19.348446,0.000000,
45.530288,0.001000,0.001000,19.323857,0.000000,
45.565245,0.001000,0.001000,19.301979,0.000000,
45.595004,0.001000,0.001000,19.277758,0.000000,
45.608265,0.001000,0.001000,19.267951,0.000000,
45.639717,0.001000,0.001000,19.247187,0.000000,
45.666661,0.001000,0.001000,19.229284,0.000000,
45.686229,0.001000,0.001000,19.220783,0.000000,
45.724470,0.001000,0.001000,19.195475,0.000000,
45.760130,0.001000,0.001000,19.173625,0.000000,
45.789749,0.001000,0.001000,19.148964,0.000000,
45.816135,0.001000,0.001000,19.130739,0.000000,
45.833220,0.001000,0.001000,19.122366,0.000000,
45.864595,0.001000,0.001000,19.098947,0.000000,
45.891142,0.001000,0.001000,19.081687,0.000000,
45.911931,0.001000,0.001000,19.073255,0.000000,
45.949647,0.001000,0.001000,19.043710,0.000000,
45.985277,0.001000,0.001000,19.025999,0.000000,
46.011511,0.001000,0.001000,19.002776,0.000000,
46.038718,0.001000,0.001000,18.985238,0.000000,
46.057979,0.001000,0.001000,18.976858,0.000000,
46.094190,0.001000,0.001000,18.952006,0.000000,
46.120915,0.001000,0.001000,18.931689,0.000000,
46.148197,0.001000,0.001000,18.914153,0.000000,
46.165375,0.001000,0.001000,18.905581,0.000000,
46.196824,0.001000,0.001000,18.882252,0.000000,
46.223151,0.001000,0.001000,18.865174,0.000000,
46.245472,0.001000,0.001000,18.856977,0.000000,
46.281733,0.001000,0.001000,18.828844,0.000000,
46.311229,0.001000,0.001000,18.808903,0.000000,
46.337883,0.001000,0.001000,18.791075,0.000000,
46.358142,0.001000,0.001000,18.782893,0.000000,
46.394445,0.001000,0.001000,18.754679,0.000000,
46.420859,0.001000,0.001000,18.737503,0.000000,
46.447606,0.001000,0.001000,18.720357,0.000000,
46.469109,0.001000,0.001000,18.712099,0.000000,
46.508751,0.001000,0.001000,18.686350,0.000000,
46.543885,0.001000,0.001000,18.663347,0.000000,
46.570673,0.001000,0.001000,18.641332,0.000000,
46.584238,0.001000,0.001000,18.632899,0.000000,
46.621511,0.001000,0.001000,18.612150,0.000000,
46.647973,0.001000,0.001000,18.591925,0.000000,
46.661326,0.001000,0.001000,18.583515,0.000000,
46.698202,0.001000,0.001000,18.562740,0.000000,
46.724630,0.001000,0.001000,18.542946,0.000000,
46.741797,0.001000,0.001000,18.534910,0.000000,
46.773519,0.001000,0.001000,18.512157,0.000000,
46.799809,0.001000,0.001000,18.495070,0.000000,
46.818557,0.001000,0.001000,18.487084,0.000000,
46.858852,0.001000,0.001000,18.463164,0.000000,
46.885066,0.001000,0.001000,18.440896,0.000000,
46.933142,0.001000,0.001000,18.432893,0.000000,
46.965114,0.001000,0.001000,18.390556,0.000000,
46.992518,0.001000,0.001000,18.373741,0.000000,
47.009973,0.001000,0.001000,18.365081,0.000000,
47.041601,0.001000,0.001000,18.342188,0.000000,
47.068270,0.001000,0.001000,18.325369,0.000000,
47.087780,0.001000,0.001000,18.317189,0.000000,
47.125976,0.001000,0.001000,18.292948,0.000000,
47.152263,0.001000,0.001000,18.272327,0.000000,
47.165394,0.001000,0.001000,18.264325,0.000000,
47.198965,0.001000,0.001000,18.243509,0.000000,
47.225686,0.001000,0.001000,18.226415,0.000000,
47.242858,0.001000,0.001000,18.218304,0.000000,
47.274659,0.001000,0.001000,18.195978,0.000000,
47.301038,0.001000,0.001000,18.179166,0.000000,
47.318429,0.001000,0.001000,18.171298,0.000000,
47.356987,0.001000,0.001000,18.148789,0.000000,
47.383387,0.001000,0.001000,18.127660,0.000000,
47.410700,0.001000,0.001000,18.110744,0.000000,
47.429695,0.001000,0.001000,18.102895,0.000000,
47.461316,0.001000,0.001000,18.079302,0.000000,
47.488103,0.001000,0.001000,18.062700,0.000000,
47.508779,0.001000,0.001000,18.054653,0.000000,
47.542588,0.001000,0.001000,18.030198,0.000000,
47.568971,0.001000,0.001000,18.012323,0.000000,
47.582243,0.001000,0.001000,18.004401,0.000000,
47.616100,0.001000,0.001000,17.983712,0.000000,
47.644743,0.001000,0.001000,17.965941,0.000000,
47.658243,0.001000,0.001000,17.957218,0.000000,
47.695990,0.001000,0.001000,17.937907,0.000000,
47.722492,0.001000,0.001000,17.917485,0.000000,
47.735552,0.001000,0.001000,17.909696,0.000000,
47.768077,0.001000,0.001000,17.889810,0.000000,
47.794358,0.001000,0.001000,17.873201,0.000000,
47.812131,0.001000,0.001000,17.865476,0.000000,
47.846355,0.001000,0.001000,17.842866,0.000000,
47.872914,0.001000,0.001000,17.824923,0.000000,
47.892213,0.001000,0.001000,17.817258,0.000000,
47.936704,0.001000,0.001000,17.793928,0.000000,
47.963298,0.001000,0.001000,17.769531,0.000000,
47.984508,0.001000,0.001000,17.761923,0.000000,
48.025348,0.001000,0.001000,17.737461,0.000000,
48.061959,0.001000,0.001000,17.715120,0.000000,
48.097372,0.001000,0.001000,17.693187,0.000000,
48.125663,0.001000,0.001000,17.670790,0.000000,
48.153422,0.001000,0.001000,17.653798,0.000000,
48.175064,0.001000,0.001000,17.645826,0.000000,
48.213652,0.001000,0.001000,17.621425,0.000000,
48.249036,0.001000,0.001000,17.600707,0.000000,
48.275378,0.001000,0.001000,17.579488,0.000000,
48.288476,0.001000,0.001000,17.571661,0.000000,
48.321759,0.001000,0.001000,17.551778,0.000000,
48.350210,0.001000,0.001000,17.534522,0.000000,
48.363077,0.001000,0.001000,17.526428,0.000000,
48.394971,0.001000,0.001000,17.507346,0.000000,
48.421436,0.001000,0.001000,17.491196,0.000000,
48.440898,0.001000,0.001000,17.483629,0.000000,
48.479760,0.001000,0.001000,17.460604,0.000000,
48.503696,0.001000,0.001000,17.447317,0.000000,
48.536194,0.001000,0.001000,17.422509,0.000000,
48.566419,0.001000,0.001000,17.414493,0.000000,
48.598240,0.001000,0.001000,17.385007,0.000000,
48.624212,0.001000,0.001000,17.369242,0.000000,
48.650419,0.001000,0.001000,17.353737,0.000000,
48.676397,0.001000,0.001000,17.337979,0.000000,
48.702286,0.001000,0.001000,17.322474,0.000000,
48.728259,0.001000,0.001000,17.306920,0.000000,
48.754136,0.001000,0.001000,17.291536,0.000000,
48.779767,0.001000,0.001000,17.276157,0.000000,
48.805895,0.001000,0.001000,17.260834,0.000000,
48.838331,0.001000,0.001000,17.245186,0.000000,
48.864136,0.001000,0.001000,17.225951,0.000000,
48.890449,0.001000,0.001000,17.210390,0.000000,
48.916843,0.001000,0.001000,17.194826,0.000000,
48.943978,0.001000,0.001000,17.178929,0.000000,
48.970173,0.001000,0.001000,17.163112,0.000000,
48.996499,0.001000,0.001000,17.147405,0.000000,
49.022553,0.001000,0.001000,17.131977,0.000000,
49.048642,0.001000,0.001000,17.116465,0.000000,
49.069541,0.001000,0.001000,17.109187,0.000000,
49.100781,0.001000,0.001000,17.085892,0.000000,
49.126819,0.001000,0.001000,17.070311,0.000000,
49.153032,0.001000,0.001000,17.055009,0.000000,
49.179114,0.001000,0.001000,17.039549,0.000000,
49.205241,0.001000,0.001000,17.024201,0.000000,
49.233859,0.001000,0.001000,17.008716,0.000000,
49.259838,0.001000,0.001000,16.992092,0.000000,
49.285834,0.001000,0.001000,16.976747,0.000000,
49.312013,0.001000,0.001000,16.961503,0.000000,
49.340072,0.001000,0.001000,16.946232,0.000000,
49.365907,0.001000,0.001000,16.929742,0.000000,
49.391936,0.001000,0.001000,16.914502,0.000000,
49.418133,0.001000,0.001000,16.899241,0.000000,
49.444232,0.001000,0.001000,16.883905,0.000000,
49.470435,0.001000,0.001000,16.868751,0.000000,
49.496658,0.001000,0.001000,16.853362,0.000000,
49.522950,0.001000,0.001000,16.838014,0.000000,
49.549223,0.001000,0.001000,16.822670,0.000000,
49.575306,0.001000,0.001000,16.807557,0.000000,
49.602535,0.001000,0.001000,16.791736,0.000000,
49.629099,0.001000,0.001000,16.776324,0.000000,
49.655734,0.001000,0.001000,16.760940,0.000000,
49.681693,0.001000,0.001000,16.745631,0.000000,
49.708279,0.001000,0.001000,16.730380,0.000000,
49.734665,0.001000,0.001000,16.715116,0.000000,
49.760800,0.001000,0.001000,16.699825,0.000000,
49.787495,0.001000,0.001000,16.684705,0.000000,
49.813651,0.001000,0.001000,16.669262,0.000000,
49.839848,0.001000,0.001000,16.654212,0.000000,
49.865960,0.001000,0.001000,16.638984,0.000000,
