Time(s),Set Current,Actual Current,Velocity of Vehicle (mph),,0.094247,0.001000,0.001000,0.000000,
0.144266,0.001000,0.001000,0.000000,
0.201412,0.001000,0.001000,0.000000,
0.246964,0.001000,0.001000,0.000000,
0.304103,0.001000,0.001000,0.000000,
0.334865,0.001000,0.001000,0.000000,
0.367347,0.001000,0.001000,0.000000,
0.397846,0.001000,0.001000,0.000000,
0.426852,0.001000,0.001000,0.000000,
0.454994,0.001000,0.001000,0.000000,
0.483150,0.001000,0.001000,0.000000,
0.512241,0.001000,0.001000,0.000000,
0.541026,0.001000,0.001000,0.000000,
0.569989,0.001000,0.001000,0.000000,
0.599079,0.001000,0.001000,0.000000,
0.627274,0.001000,0.001000,0.000000,
0.657192,0.001000,0.001000,0.000000,
0.685815,0.001000,0.001000,0.000000,
0.713650,0.001000,0.001000,0.000000,
0.742624,0.001000,0.001000,0.000000,
0.770773,0.001000,0.001000,0.000000,
0.799190,0.001000,0.001000,0.000000,
0.828044,0.001000,0.001000,0.000000,
0.856469,0.001000,0.001000,0.000000,
0.885381,0.001000,0.001000,0.000000,
0.915082,0.001000,0.001000,0.000000,
0.944474,0.001000,0.001000,0.000000,
0.973611,0.001000,0.001000,0.000000,
1.002876,0.001000,0.001000,0.000000,
1.031905,0.001000,0.001000,0.000000,
1.061160,0.001000,0.001000,0.000000,
1.089916,0.001000,0.001000,0.000000,
1.118083,0.001000,0.001000,0.000000,
1.147126,0.001000,0.001000,0.000000,
1.179217,0.001000,0.001000,0.000000,
1.210092,0.001000,0.001000,0.000000,
1.238584,0.001000,0.001000,0.000000,
1.267785,0.001000,0.001000,0.000000,
1.296220,0.001000,0.001000,0.000000,
1.324951,0.001000,0.001000,0.000000,
1.354213,0.001000,0.001000,0.000000,
1.382198,0.001000,0.001000,0.000000,
1.410610,0.001000,0.001000,0.000000,
1.438791,0.001000,0.001000,0.000000,
1.467015,0.001000,0.001000,0.000000,
1.495543,0.001000,0.001000,0.000000,
1.524174,0.001000,0.001000,0.000000,
1.552486,0.001000,0.001000,0.000000,
1.582340,0.001000,0.001000,0.000000,
1.610395,0.001000,0.001000,0.000000,
1.638596,0.001000,0.001000,0.000000,
1.666676,0.001000,0.001000,0.000000,
1.695438,0.001000,0.001000,0.000000,
1.724000,0.001000,0.001000,0.000000,
1.755537,0.001000,0.001000,0.000000,
1.783580,0.001000,0.001000,0.000000,
1.813119,0.001000,0.001000,0.000000,
1.841425,0.001000,0.001000,0.000000,
1.869569,0.001000,0.001000,0.000000,
1.899929,0.001000,0.001000,0.000000,
1.928527,0.001000,0.001000,0.000000,
1.956150,0.001000,0.001000,0.000000,
1.983767,0.001000,0.001000,0.000000,
2.012730,0.001000,0.001000,0.000000,
2.042520,0.001000,0.001000,0.000000,
2.070781,0.001000,0.001000,0.000000,
2.098676,0.001000,0.001000,0.000000,
2.127422,0.001000,0.001000,0.000000,
2.155212,0.001000,0.001000,0.000000,
2.183244,0.001000,0.001000,0.000000,
2.211776,0.001000,0.001000,0.000000,
2.239836,0.001000,0.001000,0.000000,
2.268386,0.001000,0.001000,0.000000,
2.296546,0.001000,0.001000,0.000000,
2.325910,0.001000,0.001000,0.000000,
2.354514,0.001000,0.001000,0.000000,
2.381846,0.001000,0.001000,0.000000,
2.410114,0.001000,0.001000,0.000000,
2.438418,0.001000,0.001000,0.000000,
2.466612,0.001000,0.001000,0.000000,
2.494444,0.001000,0.001000,0.000000,
2.522827,0.001000,0.001000,0.000000,
2.619849,0.001000,0.001000,0.000000,
2.649270,0.001000,0.001000,0.000000,
2.677473,0.001000,0.001000,0.000000,
2.705680,0.001000,0.001000,0.000000,
2.733201,0.001000,0.001000,0.000000,
2.770604,0.001000,0.001000,0.000000,
2.801515,0.001000,0.001000,0.000000,
2.829779,0.001000,0.001000,0.000000,
2.866576,0.001000,0.001000,0.000000,
2.894545,0.001000,0.001000,0.000000,
2.923422,0.001000,0.001000,0.000000,
2.952305,0.001000,0.001000,0.000000,
2.981417,0.001000,0.001000,0.000000,
3.009577,0.001000,0.001000,0.000000,
3.037636,0.001000,0.001000,0.000000,
3.065522,0.001000,0.001000,0.000000,
3.093254,0.001000,0.001000,0.000000,
3.121865,0.001000,0.001000,0.000000,
3.149839,0.001000,0.001000,0.000000,
3.178509,0.001000,0.001000,0.000000,
3.206991,0.001000,0.001000,0.000000,
3.235750,0.001000,0.001000,0.000000,
3.263623,0.001000,0.001000,0.000000,
3.292467,0.001000,0.001000,0.000000,
3.321676,0.001000,0.001000,0.000000,
3.349815,0.001000,0.001000,0.000000,
3.378579,0.001000,0.001000,0.000000,
3.407132,0.001000,0.001000,0.000000,
3.436413,0.001000,0.001000,0.000000,
3.463562,0.001000,0.001000,0.000000,
3.491582,0.001000,0.001000,0.000000,
3.520197,0.001000,0.001000,0.000000,
3.549245,0.001000,0.001000,0.000000,
3.577403,0.001000,0.001000,0.000000,
3.606540,0.001000,0.001000,0.000000,
3.634415,0.001000,0.001000,0.000000,
3.664839,0.001000,0.001000,0.000000,
3.692844,0.001000,0.001000,0.000000,
3.721550,0.001000,0.001000,0.000000,
3.750140,0.001000,0.001000,0.000000,
3.786554,0.001000,0.001000,0.000000,
3.814172,0.001000,0.001000,0.000000,
3.843304,0.001000,0.001000,0.000000,
3.871345,0.001000,0.001000,0.000000,
3.901332,0.001000,0.001000,0.000000,
3.929333,0.001000,0.001000,0.000000,
3.958208,0.001000,0.001000,0.000000,
3.988347,0.001000,0.001000,0.000000,
4.017013,0.001000,0.001000,0.000000,
4.044893,0.001000,0.001000,0.000000,
4.073730,0.001000,0.001000,0.000000,
4.101712,0.001000,0.001000,0.000000,
4.130049,0.001000,0.001000,0.000000,
4.157871,0.001000,0.001000,0.000000,
4.185864,0.001000,0.001000,0.000000,
4.213251,0.001000,0.001000,0.000000,
4.242185,0.001000,0.001000,0.000000,
4.271014,0.001000,0.001000,0.000000,
4.301958,0.001000,0.001000,0.000000,
4.330295,0.001000,0.001000,0.000000,
4.359841,0.001000,0.001000,0.000000,
4.388518,0.001000,0.001000,0.000000,
4.417810,0.001000,0.001000,0.000000,
4.445800,0.001000,0.001000,0.000000,
4.475485,0.001000,0.001000,0.000000,
4.504565,0.001000,0.001000,0.000000,
4.532404,0.001000,0.001000,0.000000,
4.560236,0.001000,0.001000,0.000000,
4.589126,0.001000,0.001000,0.000000,
4.617844,0.001000,0.001000,0.000000,
4.645367,0.001000,0.001000,0.000000,
4.673845,0.001000,0.001000,0.000000,
4.703313,0.001000,0.001000,0.000000,
4.731297,0.001000,0.001000,0.000000,
4.760147,0.001000,0.001000,0.000000,
4.789155,0.001000,0.001000,0.000000,
4.817146,0.001000,0.001000,0.000000,
4.844508,0.001000,0.001000,0.000000,
4.872787,0.001000,0.001000,0.000000,
4.902165,0.001000,0.001000,0.000000,
4.930431,0.001000,0.001000,0.000000,
4.959462,0.001000,0.001000,0.000000,
4.989321,0.001000,0.001000,0.000000,
5.018013,0.001000,0.001000,0.000000,
5.048507,0.001000,0.001000,0.000000,
5.076230,0.001000,0.001000,0.000000,
5.105535,0.001000,0.001000,0.000000,
5.133182,0.001000,0.001000,0.000000,
5.162303,0.001000,0.001000,0.000000,
5.190659,0.001000,0.001000,0.000000,
5.219644,0.001000,0.001000,0.000000,
5.248409,0.001000,0.001000,0.000000,
5.277087,0.001000,0.001000,0.000000,
5.305507,0.001000,0.001000,0.000000,
5.333720,0.001000,0.001000,0.000000,
5.362483,0.001000,0.001000,0.000000,
5.390046,0.001000,0.001000,0.000000,
5.419032,0.001000,0.001000,0.000000,
5.446841,0.001000,0.001000,0.000000,
5.476045,0.001000,0.001000,0.000000,
5.504272,0.001000,0.001000,0.000000,
5.532687,0.001000,0.001000,0.000000,
5.560833,0.001000,0.001000,0.000000,
5.588975,0.001000,0.001000,0.000000,
5.616837,0.001000,0.001000,0.000000,
5.645371,0.001000,0.001000,0.000000,
5.674014,0.001000,0.001000,0.000000,
5.704058,0.001000,0.001000,0.000000,
5.731750,0.001000,0.001000,0.000000,
5.760707,0.001000,0.001000,0.000000,
5.788833,0.001000,0.001000,0.000000,
5.824733,0.001000,0.001000,0.000000,
5.853574,0.001000,0.001000,0.000000,
5.881569,0.001000,0.001000,0.000000,
5.911190,0.001000,0.001000,0.000000,
5.940546,0.001000,0.001000,0.000000,
5.969134,0.001000,0.001000,0.000000,
5.997030,0.001000,0.001000,0.000000,
6.026273,0.001000,0.001000,0.000000,
6.055068,0.001000,0.001000,0.000000,
6.084363,0.001000,0.001000,0.000000,
6.112862,0.001000,0.001000,0.000000,
6.143219,0.001000,0.001000,0.000000,
6.172888,0.001000,0.001000,0.000000,
6.201624,0.001000,0.001000,0.000000,
6.229310,0.001000,0.001000,0.000000,
6.258229,0.001000,0.001000,0.000000,
6.287054,0.001000,0.001000,0.000000,
6.316418,0.001000,0.001000,0.000000,
6.344556,0.001000,0.001000,0.000000,
6.373719,0.001000,0.001000,0.000000,
6.402543,0.001000,0.001000,0.000000,
6.431084,0.001000,0.001000,0.000000,
6.461758,0.001000,0.001000,0.000000,
6.490262,0.001000,0.001000,0.000000,
6.518600,0.001000,0.001000,0.000000,
6.546841,0.001000,0.001000,0.000000,
6.576087,0.001000,0.001000,0.000000,
6.605307,0.001000,0.001000,0.000000,
6.634102,0.001000,0.001000,0.000000,
6.662299,0.001000,0.001000,0.000000,
6.689995,0.001000,0.001000,0.000000,
6.718438,0.001000,0.001000,0.000000,
6.747379,0.001000,0.001000,0.000000,
6.776296,0.001000,0.001000,0.000000,
6.805503,0.001000,0.001000,0.000000,
6.843687,0.001000,0.001000,0.000000,
6.871801,0.001000,0.001000,0.000000,
6.900484,0.001000,0.001000,0.000000,
6.928870,0.001000,0.001000,0.000000,
6.958382,0.001000,0.001000,0.000000,
6.987147,0.001000,0.001000,0.000000,
7.015612,0.001000,0.001000,0.000000,
7.044512,0.001000,0.001000,0.000000,
7.073120,0.001000,0.001000,0.000000,
7.101473,0.001000,0.001000,0.000000,
7.129943,0.001000,0.001000,0.000000,
7.159845,0.001000,0.001000,0.000000,
7.188748,0.001000,0.001000,0.000000,
7.218100,0.001000,0.001000,0.000000,
7.247948,0.001000,0.001000,0.000000,
7.278200,0.001000,0.001000,0.000000,
7.307182,0.001000,0.001000,0.000000,
7.337054,0.001000,0.001000,0.000000,
7.364906,0.001000,0.001000,0.000000,
7.393149,0.001000,0.001000,0.000000,
7.422649,0.001000,0.001000,0.000000,
7.451589,0.001000,0.001000,0.000000,
7.481430,0.001000,0.001000,0.000000,
7.511499,0.001000,0.001000,0.000000,
7.542063,0.001000,0.001000,0.000000,
7.571175,0.001000,0.001000,0.000000,
7.600563,0.001000,0.001000,0.000000,
7.629177,0.001000,0.001000,0.000000,
7.657716,0.001000,0.001000,0.000000,
7.686533,0.001000,0.001000,0.000000,
7.714970,0.001000,0.001000,0.000000,
7.747284,0.001000,0.001000,0.000000,
7.775884,0.001000,0.001000,0.000000,
7.805787,0.001000,0.001000,0.000000,
7.834884,0.001000,0.001000,0.000000,
7.863859,0.001000,0.001000,0.000000,
7.891593,0.001000,0.001000,0.000000,
7.921000,0.001000,0.001000,0.000000,
7.949783,0.001000,0.001000,0.000000,
7.979346,0.001000,0.001000,0.000000,
8.007908,0.001000,0.001000,0.000000,
8.035847,0.001000,0.001000,0.000000,
8.065236,0.001000,0.001000,0.000000,
8.094199,0.601000,0.601000,0.000000,
8.122491,1.201000,1.201000,0.004352,
8.153519,1.801000,1.801000,0.015790,
8.181508,2.401000,2.401000,0.034717,
8.210146,3.001000,3.001000,0.058961,
8.239764,3.601000,3.601000,0.091003,
8.268116,4.201000,4.201000,0.130865,
8.298124,4.801000,4.801000,0.175711,
8.327511,5.401000,5.401000,0.230742,
8.356802,6.000999,5.050487,0.280154,
8.385356,6.600999,5.405712,0.333781,
8.413199,7.200999,5.061367,0.382072,
8.443225,7.800999,5.409330,0.433366,
8.471378,8.400999,5.072834,0.484764,
8.499952,9.000999,5.412541,0.535558,
8.528384,9.601000,5.085116,0.584292,
8.556446,10.201000,5.414565,0.636430,
8.585113,10.801001,5.098382,0.684829,
8.613121,11.401001,5.415837,0.737602,
8.641767,12.001001,5.112442,0.784669,
8.673270,12.601002,5.416308,0.840239,
8.701469,13.201002,5.127513,0.891862,
8.732245,13.801003,5.416924,0.945175,
8.761218,14.401003,5.142794,0.996496,
8.790543,15.001003,5.417059,1.050305,
8.820171,15.601004,5.158574,1.101784,
8.849026,16.201004,5.416893,1.154621,
8.881191,16.801004,5.174523,1.212201,
8.911444,17.401005,5.417399,1.263327,
8.940312,18.001005,5.190487,1.316396,
8.968884,18.601006,5.417086,1.368863,
8.998278,19.201006,5.206763,1.418870,
9.027615,19.801006,5.416316,1.474049,
9.056619,20.000000,5.223420,1.525385,
9.084805,20.000000,5.415864,1.577306,
9.113422,20.000000,5.239479,1.627060,
9.140733,20.000000,5.415374,1.679588,
9.169567,20.000000,5.255423,1.728428,
9.199392,20.000000,5.415040,1.780392,
9.228037,20.000000,5.270993,1.833417,
9.256565,20.000000,5.415683,1.885695,
9.284736,20.000000,5.286315,1.936449,
9.313920,20.000000,5.416364,1.989441,
9.343486,20.000000,5.301371,2.041240,
9.376562,20.000000,5.417644,2.096244,
9.405516,20.000000,5.316328,2.155253,
9.434154,20.000000,5.420475,2.206863,
9.462858,20.000000,5.330416,2.258103,
9.492187,20.000000,5.422554,2.310604,
9.521271,20.000000,5.344183,2.364600,
9.550624,20.000000,5.425557,2.417554,
9.578733,20.000000,5.357587,2.469799,
9.606213,20.000000,5.428786,2.521285,
9.634687,20.000000,5.370309,2.570974,
9.663627,20.000000,5.432123,2.623960,
9.694522,20.000000,5.382791,2.676667,
9.724624,20.000000,5.436433,2.733276,
9.753892,20.000000,5.395401,2.787936,
9.781931,20.000000,5.441539,2.840866,
9.810308,20.000000,5.407042,2.893722,
9.839377,20.000000,5.446786,2.945302,
9.867382,20.000000,5.418105,2.998214,
9.900383,20.000000,5.452436,3.057156,
9.928495,20.000000,5.429960,3.109586,
9.956517,20.000000,5.458470,3.161428,
9.984887,20.000000,5.440344,3.212869,
10.013922,20.000000,5.464688,3.264951,
10.042494,20.000000,5.450481,3.318583,
10.072218,20.000000,5.471560,3.372160,
10.099947,20.000000,5.460626,3.425700,
10.129463,20.000000,5.478698,3.477479,
10.157788,20.000000,5.470282,3.533173,
10.195650,20.000000,5.486393,3.585188,
10.224845,20.000000,5.479846,3.653841,
10.254980,20.000000,5.496248,3.709528,
10.284902,20.000000,5.490072,3.764160,
10.314416,20.000000,5.503988,3.819324,
10.344120,20.000000,5.500019,3.874292,
10.373153,20.000000,5.512011,3.929367,
10.401580,20.000000,5.509799,3.983552,
10.431268,20.000000,5.520110,4.036295,
10.460343,20.000000,5.519081,4.092060,
10.490488,20.000000,5.528593,4.148153,
10.519313,20.000000,5.528833,4.201992,
10.547524,20.000000,5.536938,4.255749,
10.576798,20.000000,5.538101,4.308200,
10.606116,20.000000,5.545192,4.364964,
10.635020,20.000000,5.547749,4.417969,
10.662966,20.000000,5.553720,4.472184,
10.693164,20.000000,5.556899,4.524932,
10.723925,20.000000,5.562307,4.581819,
10.752234,20.000000,5.566423,4.638818,
10.779999,20.000000,5.571698,4.691851,
10.809156,20.000000,5.575363,4.744396,
10.838531,20.000000,5.580364,4.800472,
10.866315,20.000000,5.584769,4.853824,
10.902268,20.000000,5.589280,4.906606,
10.932353,20.000000,5.593623,4.975439,
10.961513,20.000000,5.600633,5.031254,
10.992518,20.000000,5.603332,5.085618,
11.023730,20.000000,5.609523,5.146645,
11.052787,20.000000,5.613776,5.203094,
11.081205,20.000000,5.618989,5.257878,
11.109992,20.000000,5.623135,5.311794,
11.138187,20.000000,5.628068,5.367249,
11.166546,20.000000,5.632587,5.420110,
11.197513,20.000000,5.637065,5.474229,
11.226865,20.000000,5.641789,5.533268,
11.256915,20.000000,5.647094,5.588745,
11.286502,20.000000,5.651362,5.647107,
11.316062,20.000000,5.656976,5.701597,
11.344978,20.000000,5.660861,5.759418,
11.374076,20.000000,5.666740,5.812825,
11.401437,20.000000,5.670263,5.868084,
11.431204,20.000000,5.676066,5.920129,
11.460158,20.000000,5.679468,5.976946,
11.488756,20.000000,5.685645,6.032865,
11.516709,20.000000,5.689382,6.086965,
11.544611,20.000000,5.694875,6.140242,
11.573348,20.000000,5.698794,6.193748,
11.602392,20.000000,5.704067,6.248629,
11.630177,20.000000,5.708452,6.304432,
11.657734,20.000000,5.713733,6.357585,
11.686916,20.000000,5.717868,6.411523,
11.715736,20.000000,5.723084,6.466471,
11.744960,20.000000,5.727589,6.522724,
11.774904,20.000000,5.732900,6.578161,
11.804887,20.000000,5.737436,6.636265,
11.833553,20.000000,5.743048,6.693698,
11.864011,20.000000,5.747693,6.748864,
11.892198,20.000000,5.752776,6.808088,
11.921442,20.000000,5.758170,6.863541,
11.949920,20.000000,5.762723,6.918763,
11.978734,20.000000,5.767935,6.973925,
12.007809,20.000000,5.772620,7.029029,
12.037066,20.000000,5.777735,7.085456,
12.065990,20.000000,5.782734,7.141749,
12.094207,20.000000,5.787820,7.197888,
12.124878,20.000000,5.792827,7.252620,
12.156205,20.000000,5.797686,7.314488,
12.185858,20.000000,5.803834,7.372810,
12.215267,20.000000,5.808399,7.430627,
12.243233,20.000000,5.814157,7.487641,
12.274772,20.000000,5.818856,7.544933,
12.303105,20.000000,5.824455,7.604348,
12.366344,20.000000,5.829705,7.659314,
12.396383,20.000000,5.834523,7.782019,
12.427417,20.000000,5.850739,7.840517,
12.455778,20.000000,5.847612,7.901045,
12.483693,20.000000,5.859943,7.956974,
12.511884,20.000000,5.859491,8.011072,
12.543821,20.000000,5.868699,8.068161,
12.572572,20.000000,5.870913,8.128922,
12.603802,20.000000,5.879165,8.185069,
12.632233,20.000000,5.882010,8.246244,
12.661312,20.000000,5.889870,8.302023,
12.699447,20.000000,5.893000,8.361079,
12.727175,20.000000,5.900319,8.434132,
12.756883,20.000000,5.906753,8.488969,
12.785700,20.000000,5.910885,8.547928,
12.813852,20.000000,5.917470,8.603890,
12.843235,20.000000,5.921711,8.659207,
12.871303,20.000000,5.927642,8.718218,
12.901571,20.000000,5.932919,8.772783,
12.932029,20.000000,5.937972,8.833697,
12.973436,20.000000,5.944264,8.918509,
13.001827,20.000000,5.953611,8.974147,
13.030737,20.000000,5.955848,9.030280,
13.060716,20.000000,5.963513,9.089975,
13.090454,20.000000,5.967728,9.147007,
13.119167,20.000000,5.974093,9.207078,
13.151077,20.000000,5.979381,9.262696,
13.179092,20.000000,5.984745,9.326130,
13.211143,20.000000,5.991377,9.381789,
13.240087,20.000000,5.995790,9.445541,
13.269320,20.000000,6.003213,9.502804,
13.298533,20.000000,6.007354,9.563084,
13.327888,20.000000,6.014430,9.619225,
13.356338,20.000000,6.018679,9.677899,
13.386882,20.000000,6.025439,9.734600,
13.415197,20.000000,6.030052,9.795532,
13.444163,20.000000,6.036959,9.851977,
13.472818,20.000000,6.041463,9.909901,
13.502750,20.000000,6.047977,9.966954,
13.532286,20.000000,6.052908,10.027045,
13.561691,20.000000,6.059512,10.085969,
13.591702,20.000000,6.064734,10.145537,
13.621409,20.000000,6.071078,10.206524,
13.651531,20.000000,6.076877,10.264580,
13.679754,20.000000,6.082589,10.325003,
13.709913,20.000000,6.088784,10.381654,
13.738908,20.000000,6.094013,10.443262,
13.767771,20.000000,6.100791,10.500335,
13.797345,20.000000,6.105719,10.558663,
13.827156,20.000000,6.112187,10.618114,
13.854861,20.000000,6.117780,10.678188,
13.883252,20.000000,6.124115,10.733890,
13.913387,20.000000,6.129201,10.791277,
13.943432,20.000000,6.135468,10.852584,
13.975626,20.000000,6.141600,10.914443,
14.005038,20.000000,6.147942,10.978372,
14.033603,20.000000,6.154515,11.037114,
14.064456,20.000000,6.160059,11.094960,
14.094118,20.000000,6.166181,11.157418,
14.126561,20.000000,6.172717,11.217658,
14.155736,20.000000,6.178608,11.284247,
14.185211,20.000000,6.186059,11.342027,
14.213794,20.000000,6.190944,11.402192,
14.244073,20.000000,6.198014,11.460207,
14.274285,20.000000,6.203242,11.521755,
14.302941,20.000000,6.210355,11.583044,
14.331950,20.000000,6.216167,11.641087,
14.360863,20.000000,6.222317,11.701867,
14.390777,20.000000,6.228734,11.758962,
14.419414,20.000000,6.234351,11.820364,
14.450723,20.000000,6.241275,11.878147,
14.480345,20.000000,6.246714,11.942123,
14.510452,20.000000,6.254246,12.002723,
14.540661,20.000000,6.259817,12.064532,
14.569300,20.000000,6.266924,12.126331,
14.600639,20.000000,6.273033,12.184327,
14.629227,20.000000,6.279159,12.248504,
14.661559,20.000000,6.286378,12.308742,
14.691264,20.000000,6.292210,12.374274,
14.722388,20.000000,6.299904,12.434431,
14.753169,20.000000,6.305459,12.499234,
14.783898,20.000000,6.313251,12.562876,
14.811965,20.000000,6.319406,12.624170,
14.841324,20.000000,6.326233,12.681804,
14.870511,20.000000,6.332001,12.744143,
14.900797,20.000000,6.339306,12.802545,
14.928966,20.000000,6.344946,12.864598,
14.960131,20.000000,6.352324,12.922812,
14.994501,20.000000,6.357930,12.987465,
15.023200,20.000000,6.365833,13.059163,
15.051300,20.000000,6.373550,13.116989,
15.079749,20.000000,6.378946,13.174969,
15.108297,20.000000,6.385862,13.233941,
15.139159,20.000000,6.392014,13.293150,
15.168559,20.000000,6.398711,13.356566,
15.202502,20.000000,6.405839,13.428942,
15.230665,20.000000,6.414324,13.487854,
15.261751,20.000000,6.419581,13.546669,
15.291366,20.000000,6.426854,13.610955,
15.321074,20.000000,6.433877,13.672421,
15.349591,20.000000,6.440574,13.733636,
15.381141,20.000000,6.447451,13.794113,
15.411080,20.000000,6.454108,13.858457,
15.440869,20.000000,6.461620,13.920924,
15.470314,20.000000,6.468294,13.983029,
15.501493,20.000000,6.475439,14.044171,
15.530867,20.000000,6.482148,14.109634,
15.561028,20.000000,6.489928,14.170198,
15.590477,20.000000,6.496197,14.233430,
15.622570,20.000000,6.503887,14.294674,
15.651920,20.000000,6.510384,14.361525,
15.681932,20.000000,6.518642,14.423224,
15.709497,20.000000,6.524935,14.485819,
15.739670,20.000000,6.532589,14.545627,
15.771390,20.000000,6.538949,14.608512,
15.799913,20.000000,6.546663,14.673448,
15.829037,20.000000,6.553975,14.732688,
15.858349,20.000000,6.560509,14.793731,
15.890052,20.000000,6.567854,14.856566,
15.918830,20.000000,6.575075,14.921679,
15.947551,20.000000,6.582813,14.982477,
15.978544,20.000000,6.589483,15.042623,
16.006485,20.000000,6.596679,15.107932,
16.037403,20.000000,6.604544,15.167540,
16.067020,20.000000,6.610998,15.232896,
16.098496,20.000000,6.619351,15.294196,
16.127999,20.000000,6.625891,15.360622,
16.159309,20.000000,6.634443,15.422691,
16.190146,20.000000,6.641067,15.490299,
16.218681,20.000000,6.649842,15.553750,
16.248380,20.000000,6.656654,15.614250,
16.278518,20.000000,6.664054,15.676968,
16.306934,20.000000,6.671560,15.740757,
16.336582,20.000000,6.679232,15.801270,
16.365554,20.000000,6.686227,15.863498,
16.395335,20.000000,6.693945,15.924980,
16.425671,20.000000,6.701147,15.988645,
16.458179,20.000000,6.709070,16.055623,
16.488102,20.000000,6.717241,16.122066,
16.519070,20.000000,6.725205,16.185001,
16.548138,20.000000,6.732654,16.251746,
16.576162,20.000000,6.741129,16.312635,
16.607081,20.000000,6.747971,16.375630,
16.635106,20.000000,6.756124,16.438209,
16.664809,20.000000,6.763514,16.497846,
16.695433,20.000000,6.770788,16.561310,
16.725343,20.000000,6.778873,16.626358,
16.756256,20.000000,6.786849,16.693383,
16.785546,20.000000,6.795288,16.756122,
16.813783,20.000000,6.802697,16.818665,
16.844562,20.000000,6.810644,16.879071,
16.873102,20.000000,6.817926,16.945107,
16.902353,20.000000,6.826657,17.006041,
16.930953,20.000000,6.833682,17.068685,
16.962964,20.000000,6.841956,17.131865,
16.992041,20.000000,6.849705,17.198621,
17.024399,20.000000,6.858441,17.262523,
17.052779,20.000000,6.866148,17.331063,
17.081515,20.000000,6.875307,17.391345,
17.111775,20.000000,6.882163,17.453399,
17.141200,20.000000,6.890571,17.519167,
17.169972,20.000000,6.898925,17.582462,
17.198155,20.000000,6.906860,17.643592,
17.227344,20.000000,6.914620,17.704577,
17.258309,20.000000,6.922468,17.768013,
17.287980,20.000000,6.930771,17.835121,
17.317562,20.000000,6.939585,17.897628,
17.347227,20.000000,6.947283,17.962374,
17.375655,20.000000,6.956002,18.025669,
17.408038,20.000000,6.963960,18.091082,
17.438209,20.000000,6.972738,18.158162,
17.467614,20.000000,6.981465,18.222407,
17.496298,20.000000,6.989697,18.286213,
17.525840,20.000000,6.998117,18.348353,
17.556452,20.000000,7.006149,18.414143,
17.586202,20.000000,7.015113,18.478543,
17.615265,20.000000,7.023384,18.543618,
17.645916,20.000000,7.032153,18.608667,
17.681489,20.000000,7.040708,18.672869,
17.710424,20.000000,7.049230,18.750211,
17.741356,20.000000,7.060387,18.813723,
17.771664,20.000000,7.067604,18.881591,
17.802750,20.000000,7.077583,18.947538,
17.831161,20.000000,7.085909,19.014375,
17.860866,20.000000,7.095223,19.076320,
17.888512,20.000000,7.103137,19.140983,
17.916518,20.000000,7.112274,19.201201,
17.946444,20.000000,7.119990,19.262893,
17.975268,20.000000,7.128686,19.328315,
18.005547,20.000000,7.137701,19.391852,
18.034773,20.000000,7.146225,19.457386,
18.067575,20.000000,7.155404,19.531586,
18.096023,20.000000,7.166050,19.593426,
18.128495,20.000000,7.173595,19.656260,
18.157540,20.000000,7.182774,19.726838,
18.187012,20.000000,7.192800,19.791632,
18.216473,20.000000,7.201321,19.855344,
18.246269,20.000000,7.210332,19.920212,
18.276169,20.000000,7.219388,19.985550,
18.307446,20.000000,7.228551,20.052068,
18.336810,20.000000,7.237939,20.120502,
18.365396,20.000000,7.247650,20.184847,
18.394593,20.000000,7.256428,20.247935,
18.425182,20.000000,7.265391,20.312193,
18.455146,20.000000,7.274543,20.381417,
18.484729,20.000000,7.284655,20.446126,
18.513994,20.000000,7.293472,20.511523,
18.543963,20.000000,7.303018,20.575963,
18.576192,20.000000,7.312091,20.644125,
18.607728,20.000000,7.322160,20.715346,
18.638463,20.000000,7.332469,20.785595,
18.667371,20.000000,7.342518,20.852082,
18.696519,20.000000,7.351945,20.916078,
18.725428,20.000000,7.361156,20.980578,
18.757820,20.000000,7.370594,21.048053,
18.787032,20.000000,7.380584,21.117216,
18.816622,20.000000,7.390731,21.181349,
18.845423,20.000000,7.399814,21.247428,
18.875393,20.000000,7.409768,21.311818,
18.905252,20.000000,7.419054,21.380010,
18.935533,20.000000,7.429433,21.444771,
18.964212,20.000000,7.438697,21.512422,
18.993595,20.000000,7.449044,21.576280,
19.023086,20.000000,7.458207,21.643001,
19.053215,20.000000,7.468471,21.707503,
19.086501,20.000000,7.477873,21.786642,
19.115558,20.000000,7.490708,21.850123,
19.144045,20.000000,7.498972,21.914641,
19.174287,20.000000,7.509271,21.978556,
19.203066,20.000000,7.518688,22.046378,
19.232406,20.000000,7.529301,22.110488,
19.262263,20.000000,7.538712,22.177156,
19.292073,20.000000,7.549157,22.243640,
19.323713,20.000000,7.559207,22.312046,
19.353777,20.000000,7.569851,22.382639,
19.385039,20.000000,7.580773,22.450142,
19.414619,20.000000,7.590979,22.519760,
19.444650,20.000000,7.601940,22.586442,
19.477051,20.000000,7.612038,22.655621,
19.506783,20.000000,7.623026,22.727733,
19.536829,20.000000,7.634352,22.794007,
19.565632,20.000000,7.644355,22.862604,
19.595954,20.000000,7.655374,22.927065,
19.626816,20.000000,7.665181,22.996419,
19.656396,20.000000,7.676509,23.066718,
19.685956,20.000000,7.687537,23.132623,
19.714467,20.000000,7.697772,23.199637,
19.745954,20.000000,7.708566,23.266294,
19.775421,20.000000,7.719125,23.335712,
19.806002,20.000000,7.730401,23.404180,
19.835748,20.000000,7.741265,23.472043,
19.866935,20.000000,7.752184,23.542091,
19.897227,20.000000,7.763598,23.610694,
19.925884,20.000000,7.774572,23.679735,
19.955816,20.000000,7.785835,23.746089,
19.984052,20.000000,7.796458,23.813209,
20.013915,20.000000,7.807504,23.877421,
20.043916,20.000000,7.817814,23.946079,
20.072312,20.000000,7.829379,24.014834,
20.100780,20.000000,7.840592,24.080953,
20.137643,20.000000,7.851387,24.158712,
20.167442,20.000000,7.864913,24.228862,
20.197010,20.000000,7.875932,24.298004,
20.226634,20.000000,7.887587,24.366914,
20.258088,20.000000,7.899031,24.434455,
20.288747,20.000000,7.910285,24.507225,
20.318755,20.000000,7.922797,24.575206,
20.349924,20.000000,7.933901,24.645282,
20.380273,20.000000,7.945955,24.716416,
20.409247,20.000000,7.957994,24.785713,
20.439940,20.000000,7.969676,24.854182,
20.468466,20.000000,7.981330,24.923343,
20.498040,20.000000,7.993192,24.988958,
20.527559,20.000000,8.004244,25.058329,
20.558195,20.000000,8.016422,25.125462,
20.587798,20.000000,8.027807,25.197432,
20.619195,20.000000,8.040557,25.264884,
20.647976,20.000000,8.051936,25.337658,
20.677889,20.000000,8.064962,25.404283,
20.707164,20.000000,8.076170,25.473765,
20.736431,20.000000,8.088596,25.541227,
20.765379,20.000000,8.100260,25.609856,
20.794970,20.000000,8.112452,25.676752,
20.824249,20.000000,8.124147,25.745513,
20.852724,20.000000,8.136450,25.814054,
20.880751,20.000000,8.148578,25.879840,
20.909744,20.000000,8.160175,25.945565,
20.942073,20.000000,8.171949,26.014154,
20.971866,20.000000,8.184370,26.089857,
20.999912,20.000000,8.198288,26.157740,
21.028865,20.000000,8.210065,26.223431,
21.057603,20.000000,8.221964,26.291571,
21.091629,20.000000,8.234436,26.358435,
21.119535,20.000000,8.246509,26.438518,
21.148068,20.000000,8.261779,26.503807,
21.178000,20.000000,8.272860,26.570335,
21.208890,20.000000,8.285362,26.640970,
21.240926,20.000000,8.298493,26.714917,
21.272109,20.000000,8.312281,26.789594,
21.300850,20.000000,8.326128,26.862031,
21.328997,20.000000,8.339497,26.929753,
21.358842,20.000000,8.351941,26.995854,
21.389151,20.000000,8.364285,27.068133,
21.418572,20.000000,8.378143,27.137662,
21.447558,20.000000,8.391041,27.207510,
21.479047,20.000000,8.404298,27.275807,
21.508170,20.000000,8.417156,27.351508,
21.537018,0.001000,0.001000,27.322590,
21.566019,0.001000,0.001000,27.293928,
21.596175,0.001000,0.001000,27.265043,
21.624035,0.001000,0.001000,27.235159,
21.652560,0.001000,0.001000,27.207120,
21.681414,0.001000,0.001000,27.179182,
21.710735,0.001000,0.001000,27.150422,
21.740882,0.001000,0.001000,27.121662,
21.769802,0.001000,0.001000,27.091709,
21.800076,0.001000,0.001000,27.063320,
21.828506,0.001000,0.001000,27.033337,
21.858499,0.001000,0.001000,27.005576,
21.887068,0.001000,0.001000,26.975461,
21.918435,0.001000,0.001000,26.947285,
21.947027,0.001000,0.001000,26.917357,
21.976769,0.001000,0.001000,26.889352,
22.006101,0.001000,0.001000,26.859933,
22.035832,0.001000,0.001000,26.831697,
22.064984,0.001000,0.001000,26.802785,
22.094574,0.001000,0.001000,26.774453,
22.127875,0.001000,0.001000,26.741818,
22.156397,0.001000,0.001000,26.713442,
22.185899,0.001000,0.001000,26.685619,
22.215552,0.001000,0.001000,26.656609,
22.245751,0.001000,0.001000,26.628231,
22.276145,0.001000,0.001000,26.599244,
22.307455,0.001000,0.001000,26.569701,
22.336931,0.001000,0.001000,26.540082,
22.367036,0.001000,0.001000,26.511614,
22.397370,0.001000,0.001000,26.482593,
22.426885,0.001000,0.001000,26.454009,
22.455654,0.001000,0.001000,26.425350,
22.485240,0.001000,0.001000,26.398383,
22.513233,0.001000,0.001000,26.370055,
22.542940,0.001000,0.001000,26.343398,
22.578627,0.001000,0.001000,26.307845,
22.608083,0.001000,0.001000,26.281375,
22.637145,0.001000,0.001000,26.253406,
22.667811,0.001000,0.001000,26.226028,
22.696266,0.001000,0.001000,26.197028,
22.726256,0.001000,0.001000,26.170046,
22.755882,0.001000,0.001000,26.141201,
22.783623,0.001000,0.001000,26.114094,
22.812564,0.001000,0.001000,26.087668,
22.842340,0.001000,0.001000,26.060810,
22.872816,0.001000,0.001000,26.032160,
22.902908,0.001000,0.001000,26.004307,
22.933501,0.001000,0.001000,25.976186,
22.964179,0.001000,0.001000,25.947237,
22.993063,0.001000,0.001000,25.918998,
23.023039,0.001000,0.001000,25.891591,
23.052315,0.001000,0.001000,25.864182,
23.083465,0.001000,0.001000,25.836291,
23.112340,0.001000,0.001000,25.808123,
23.141382,0.001000,0.001000,25.780313,
23.170314,0.001000,0.001000,25.754342,
23.200301,0.001000,0.001000,25.727963,
23.230595,0.001000,0.001000,25.700417,
23.261744,0.001000,0.001000,25.672136,
23.291547,0.001000,0.001000,25.643745,
23.322306,0.001000,0.001000,25.616082,
23.351551,0.001000,0.001000,25.588366,
23.379051,0.001000,0.001000,25.561560,
23.409710,0.001000,0.001000,25.536359,
23.440132,0.001000,0.001000,25.507800,
23.468944,0.001000,0.001000,25.480695,
23.497814,0.001000,0.001000,25.454210,
23.527252,0.001000,0.001000,25.428233,
23.556623,0.001000,0.001000,25.401250,
23.586699,0.001000,0.001000,25.374220,
23.617944,0.001000,0.001000,25.346424,
23.646606,0.001000,0.001000,25.319224,
23.676979,0.001000,0.001000,25.293370,
23.707117,0.001000,0.001000,25.265661,
23.737562,0.001000,0.001000,25.238885,
23.766417,0.001000,0.001000,25.211421,
23.795874,0.001000,0.001000,25.185605,
23.824511,0.001000,0.001000,25.159047,
23.853552,0.001000,0.001000,25.133353,
23.882671,0.001000,0.001000,25.107087,
23.912832,0.001000,0.001000,25.081506,
23.943063,0.001000,0.001000,25.054012,
23.973514,0.001000,0.001000,25.027060,
24.004045,0.001000,0.001000,25.000479,
24.033180,0.001000,0.001000,24.973029,
24.062293,0.001000,0.001000,24.947564,
24.092256,0.001000,0.001000,24.921309,
24.123073,0.001000,0.001000,24.894489,
24.150744,0.001000,0.001000,24.868037,
24.178843,0.001000,0.001000,24.843215,
24.211110,0.001000,0.001000,24.818131,
24.239560,0.001000,0.001000,24.790282,
24.269695,0.001000,0.001000,24.765390,
24.298730,0.001000,0.001000,24.738873,
24.328265,0.001000,0.001000,24.713426,
24.356998,0.001000,0.001000,24.687544,
24.385486,0.001000,0.001000,24.662459,
24.413476,0.001000,0.001000,24.637404,
24.445216,0.001000,0.001000,24.612097,
24.473775,0.001000,0.001000,24.585411,
24.502205,0.001000,0.001000,24.560435,
24.530684,0.001000,0.001000,24.535760,
24.561092,0.001000,0.001000,24.510961,
24.590262,0.001000,0.001000,24.484647,
24.617990,0.001000,0.001000,24.459426,
24.648028,0.001000,0.001000,24.435505,
24.677540,0.001000,0.001000,24.409194,
24.705896,0.001000,0.001000,24.384162,
24.734070,0.001000,0.001000,24.359723,
24.764618,0.001000,0.001000,24.335387,
24.793089,0.001000,0.001000,24.309155,
24.823489,0.001000,0.001000,24.284361,
24.853591,0.001000,0.001000,24.258668,
24.883672,0.001000,0.001000,24.232950,
24.912077,0.001000,0.001000,24.207170,
24.942790,0.001000,0.001000,24.182989,
24.972517,0.001000,0.001000,24.156166,
25.002087,0.001000,0.001000,24.131437,
25.037615,0.001000,0.001000,24.106184,
25.065855,0.001000,0.001000,24.076177,
25.094844,0.001000,0.001000,24.052274,
25.125399,0.001000,0.001000,24.027698,
25.155136,0.001000,0.001000,24.001347,
25.183595,0.001000,0.001000,23.976359,
25.212861,0.001000,0.001000,23.952606,
25.242570,0.001000,0.001000,23.927800,
25.274583,0.001000,0.001000,23.902672,
25.303478,0.001000,0.001000,23.875660,
25.333151,0.001000,0.001000,23.851920,
25.362257,0.001000,0.001000,23.826761,
25.395512,0.001000,0.001000,23.801912,
25.425099,0.001000,0.001000,23.774737,
25.454968,0.001000,0.001000,23.749510,
25.484206,0.001000,0.001000,23.725059,
25.514263,0.001000,0.001000,23.700743,
25.544356,0.001000,0.001000,23.675383,
25.574046,0.001000,0.001000,23.650769,
25.605201,0.001000,0.001000,23.626037,
25.634770,0.001000,0.001000,23.600276,
25.664925,0.001000,0.001000,23.575828,
25.693484,0.001000,0.001000,23.550697,
25.723587,0.001000,0.001000,23.526965,
25.752837,0.001000,0.001000,23.502495,
25.781584,0.001000,0.001000,23.478341,
25.810441,0.001000,0.001000,23.454560,
25.838800,0.001000,0.001000,23.430631,
25.896660,0.001000,0.001000,23.407401,
25.925697,0.001000,0.001000,23.360368,
25.953892,0.001000,0.001000,23.336236,
25.983389,0.001000,0.001000,23.313631,
26.012713,0.001000,0.001000,23.288959,
26.044982,0.001000,0.001000,23.265259,
26.073537,0.001000,0.001000,23.239315,
26.100655,0.001000,0.001000,23.216272,
26.128198,0.001000,0.001000,23.194034,
26.156907,0.001000,0.001000,23.171810,
26.185381,0.001000,0.001000,23.148606,
26.212953,0.001000,0.001000,23.125423,
26.241837,0.001000,0.001000,23.103191,
26.271388,0.001000,0.001000,23.079667,
26.300564,0.001000,0.001000,23.055619,
26.329528,0.001000,0.001000,23.032702,
26.357839,0.001000,0.001000,23.009418,
26.386171,0.001000,0.001000,22.986593,
26.415661,0.001000,0.001000,22.963832,
26.444437,0.001000,0.001000,22.940262,
26.474774,0.001000,0.001000,22.916808,
26.503398,0.001000,0.001000,22.892675,
26.531146,0.001000,0.001000,22.870065,
26.559840,0.001000,0.001000,22.847925,
26.590067,0.001000,0.001000,22.824721,
26.618303,0.001000,0.001000,22.801064,
26.646961,0.001000,0.001000,22.778548,
26.678604,0.001000,0.001000,22.755167,
26.707406,0.001000,0.001000,22.730779,
26.736863,0.001000,0.001000,22.708000,
26.766355,0.001000,0.001000,22.684734,
26.796353,0.001000,0.001000,22.661415,
26.826768,0.001000,0.001000,22.637723,
26.856358,0.001000,0.001000,22.613426,
26.885829,0.001000,0.001000,22.590538,
26.914400,0.001000,0.001000,22.567324,
26.944601,0.001000,0.001000,22.544925,
26.973594,0.001000,0.001000,22.521177,
27.002465,0.001000,0.001000,22.498426,
27.030837,0.001000,0.001000,22.475969,
27.060436,0.001000,0.001000,22.453823,
27.089943,0.001000,0.001000,22.430498,
27.119730,0.001000,0.001000,22.407683,
27.150205,0.001000,0.001000,22.384470,
27.179738,0.001000,0.001000,22.360425,
27.207937,0.001000,0.001000,22.337724,
27.236938,0.001000,0.001000,22.315871,
27.266312,0.001000,0.001000,22.293500,
27.296503,0.001000,0.001000,22.270557,
27.324970,0.001000,0.001000,22.247340,
27.355066,0.001000,0.001000,22.224786,
27.383308,0.001000,0.001000,22.202171,
27.412704,0.001000,0.001000,22.180420,
27.444391,0.001000,0.001000,22.157180,
27.472903,0.001000,0.001000,22.133501,
27.502053,0.001000,0.001000,22.111694,
27.535851,0.001000,0.001000,22.089274,
27.565864,0.001000,0.001000,22.062406,
27.595007,0.001000,0.001000,22.040399,
27.624362,0.001000,0.001000,22.018106,
27.653342,0.001000,0.001000,21.995664,
27.682366,0.001000,0.001000,21.973643,
27.712980,0.001000,0.001000,21.951552,
27.742088,0.001000,0.001000,21.928258,
27.774799,0.001000,0.001000,21.905117,
27.804056,0.001000,0.001000,21.881098,
27.834251,0.001000,0.001000,21.859253,
27.862920,0.001000,0.001000,21.836271,
27.892062,0.001000,0.001000,21.814653,
27.922248,0.001000,0.001000,21.792010,
27.951469,0.001000,0.001000,21.769910,
27.980582,0.001000,0.001000,21.747868,
28.011131,0.001000,0.001000,21.725919,
28.041646,0.001000,0.001000,21.702962,
28.071957,0.001000,0.001000,21.679317,
28.100881,0.001000,0.001000,21.657376,
28.128933,0.001000,0.001000,21.635699,
28.157182,0.001000,0.001000,21.614662,
28.186771,0.001000,0.001000,21.593511,
28.215588,0.001000,0.001000,21.571448,
28.243565,0.001000,0.001000,21.549964,
28.274303,0.001000,0.001000,21.529026,
28.304048,0.001000,0.001000,21.506239,
28.332629,0.001000,0.001000,21.484273,
28.361868,0.001000,0.001000,21.462863,
28.391349,0.001000,0.001000,21.440701,
28.420542,0.001000,0.001000,21.419295,
28.450765,0.001000,0.001000,21.397708,
28.479332,0.001000,0.001000,21.375464,
28.509006,0.001000,0.001000,21.354469,
28.539481,0.001000,0.001000,21.331418,
28.568188,0.001000,0.001000,21.310170,
28.597417,0.001000,0.001000,21.289028,
28.629977,0.001000,0.001000,21.266758,
28.659549,0.001000,0.001000,21.243293,
28.689624,0.001000,0.001000,21.221560,
28.719022,0.001000,0.001000,21.199920,
28.747550,0.001000,0.001000,21.178387,
28.775965,0.001000,0.001000,21.156960,
28.805773,0.001000,0.001000,21.136917,
28.834302,0.001000,0.001000,21.114971,
28.863137,0.001000,0.001000,21.094236,
28.893138,0.001000,0.001000,21.073291,
28.921686,0.001000,0.001000,21.051171,
28.951800,0.001000,0.001000,21.030773,
28.981241,0.001000,0.001000,21.008394,
29.012273,0.001000,0.001000,20.987727,
29.042249,0.001000,0.001000,20.964925,
29.071766,0.001000,0.001000,20.942976,
29.100780,0.001000,0.001000,20.922311,
29.128873,0.001000,0.001000,20.901269,
29.157781,0.001000,0.001000,20.881059,
29.185869,0.001000,0.001000,20.860198,
29.215593,0.001000,0.001000,20.839695,
29.242792,0.001000,0.001000,20.818844,
29.273080,0.001000,0.001000,20.798779,
29.301789,0.001000,0.001000,20.777270,
29.334083,0.001000,0.001000,20.756523,
29.363173,0.001000,0.001000,20.733934,
29.393053,0.001000,0.001000,20.713203,
29.423444,0.001000,0.001000,20.690813,
29.451558,0.001000,0.001000,20.670295,
29.480501,0.001000,0.001000,20.650229,
29.509543,0.001000,0.001000,20.629079,
29.538495,0.001000,0.001000,20.608649,
29.568331,0.001000,0.001000,20.588528,
29.597636,0.001000,0.001000,20.567350,
29.629257,0.001000,0.001000,20.546637,
29.659198,0.001000,0.001000,20.524007,
29.690260,0.001000,0.001000,20.502605,
29.718755,0.001000,0.001000,20.481117,
29.749294,0.001000,0.001000,20.461113,
29.777916,0.001000,0.001000,20.439502,
29.808984,0.001000,0.001000,20.419308,
29.841925,0.001000,0.001000,20.396349,
29.874957,0.001000,0.001000,20.373224,
29.904400,0.001000,0.001000,20.351156,
29.933644,0.001000,0.001000,20.330751,
29.962445,0.001000,0.001000,20.310235,
29.992011,0.001000,0.001000,20.290116,
30.024993,0.001000,0.001000,20.268274,
30.054589,0.001000,0.001000,20.246426,
30.089313,0.001000,0.001000,20.225823,
30.117495,0.001000,0.001000,20.201892,
30.146418,0.001000,0.001000,20.182354,
30.174980,0.001000,0.001000,20.162192,
30.205125,0.001000,0.001000,20.142173,
30.234568,0.001000,0.001000,20.120995,
30.262670,0.001000,0.001000,20.101175,
30.290915,0.001000,0.001000,20.081791,
30.319139,0.001000,0.001000,20.062228,
30.351460,0.001000,0.001000,20.042957,
30.380051,0.001000,0.001000,20.020154,
30.411470,0.001000,0.001000,20.001047,
30.439715,0.001000,0.001000,19.979458,
30.469869,0.001000,0.001000,19.960099,
30.501164,0.001000,0.001000,19.939060,
30.529195,0.001000,0.001000,19.917966,
30.559497,0.001000,0.001000,19.898613,
30.590255,0.001000,0.001000,19.877722,
30.619023,0.001000,0.001000,19.857077,
30.647985,0.001000,0.001000,19.837374,
30.677293,0.001000,0.001000,19.817543,
30.708022,0.001000,0.001000,19.797433,
30.737251,0.001000,0.001000,19.776720,
30.764967,0.001000,0.001000,19.757068,
30.794301,0.001000,0.001000,19.737927,
30.825251,0.001000,0.001000,19.718269,
30.854298,0.001000,0.001000,19.697044,
30.882908,0.601000,0.601000,19.684544,
30.914399,1.201000,1.201000,19.678899,
30.945947,1.801000,1.801000,19.680256,
30.974247,2.401000,2.401000,19.689166,
31.002481,3.001000,3.001000,19.704014,
31.031182,3.601000,3.601000,19.725467,
31.060642,4.201000,4.201000,19.754172,
31.090899,4.801000,4.801000,19.790863,
31.119555,5.401000,5.401000,19.836132,
31.150315,6.000999,6.000999,19.884232,
31.180321,6.600999,6.600999,19.944426,
31.211653,7.200999,7.200999,20.010269,
31.243647,7.800999,7.241645,20.079258,
31.273785,8.400999,7.237682,20.150748,
31.302628,9.000999,7.253879,20.217089,
31.330915,9.601000,7.260247,20.279582,
31.360191,10.201000,7.270153,20.341898,
31.390526,10.801001,7.278518,20.407959,
31.420534,11.401001,7.288341,20.473807,
31.449523,12.001001,7.297528,20.539905,
31.482116,12.601002,7.307073,20.604993,
31.511908,13.201002,7.316294,20.676252,
31.541603,13.801003,7.326948,20.742220,
31.572252,14.401003,7.335953,20.809049,
31.602274,15.001003,7.345865,20.875845,
31.630853,15.601004,7.355425,20.942813,
31.660338,16.201004,7.365204,21.006141,
31.690035,16.801004,7.374179,21.072272,
31.719414,17.401005,7.384097,21.137196,
31.748389,18.001005,7.393413,21.202834,
31.776948,18.601006,7.403158,21.267479,
31.809367,19.201006,7.412557,21.332054,
31.838567,19.801006,7.422117,21.404769,
31.865968,20.000000,7.433334,21.467897,
31.896149,20.000000,7.441936,21.529964,
31.926057,20.000000,7.451399,21.596448,
31.956718,20.000000,7.461470,21.666730,
31.985223,20.000000,7.472128,21.731539,
32.012899,20.000000,7.481452,21.795395,
32.042195,20.000000,7.491137,21.857613,
32.072454,20.000000,7.500372,21.924444,
32.101442,20.000000,7.510782,21.990608,
32.131099,20.000000,7.520633,22.055781,
32.159744,20.000000,7.530530,22.122342,
32.188743,20.000000,7.540736,22.187801,
32.217326,20.000000,7.550630,22.252547,
32.247277,20.000000,7.560529,22.317737,
32.276374,20.000000,7.570555,22.383311,
32.305197,20.000000,7.580651,22.450609,
32.333847,20.000000,7.591123,22.513506,
32.362472,20.000000,7.600560,22.578023,
32.392515,20.000000,7.610760,22.642577,
32.423749,20.000000,7.620721,22.712488,
32.454592,20.000000,7.631947,22.780723,
32.482785,20.000000,7.642395,22.850387,
32.511616,20.000000,7.653473,22.914337,
32.539870,20.000000,7.663143,22.979361,
32.568822,20.000000,7.673586,23.043314,
32.601440,20.000000,7.683559,23.109089,
32.629864,20.000000,7.694127,23.182919,
32.657447,20.000000,7.706254,23.247160,
32.688174,20.000000,7.715814,23.313340,
32.717675,20.000000,7.726731,23.379866,
32.746085,20.000000,7.737287,23.446594,
32.777488,20.000000,7.748051,23.511988,
32.807605,20.000000,7.758495,23.584237,
32.837476,20.000000,7.770574,23.651333,
32.866821,20.000000,7.781021,23.719247,
32.895152,20.000000,7.792242,23.786071,
32.926320,20.000000,7.803006,23.850583,
32.958114,20.000000,7.813460,23.924560,
32.986820,20.000000,7.826123,23.995114,
33.017686,20.000000,7.837352,24.061694,
33.048408,20.000000,7.848230,24.132549,
33.077174,20.000000,7.860202,24.201116,
33.106463,20.000000,7.871361,24.267431,
33.134411,20.000000,7.882332,24.333771,
33.163588,20.000000,7.893409,24.399428,
33.191008,20.000000,7.904344,24.464715,
33.221096,20.000000,7.915282,24.528381,
33.249692,20.000000,7.925900,24.597200,
33.279496,20.000000,7.937799,24.662977,
33.310595,20.000000,7.948666,24.731581,
33.338850,20.000000,7.960523,24.803355,
33.369017,20.000000,7.972823,24.868242,
33.398977,20.000000,7.983501,24.938760,
33.427309,20.000000,7.995972,25.006582,
33.457315,20.000000,8.007342,25.072443,
33.485256,20.000000,8.018651,25.141342,
33.515339,20.000000,8.030701,25.205894,
33.546060,20.000000,8.041599,25.275922,
33.576335,20.000000,8.054110,25.347949,
33.605428,20.000000,8.066643,25.418072,
33.635625,20.000000,8.078790,25.484247,
33.664827,20.000000,8.090207,25.555412,
33.692495,20.000000,8.103005,25.622144,
33.723215,20.000000,8.114453,25.688138,
33.751527,20.000000,8.126162,25.758899,
33.781910,20.000000,8.138923,25.824175,
33.812374,20.000000,8.150190,25.894542,
33.845921,20.000000,8.163076,25.965584,
33.874729,20.000000,8.175716,26.043618,
33.903719,20.000000,8.190072,26.111630,
33.934274,20.000000,8.201725,26.178765,
33.962603,20.000000,8.213958,26.250189,
33.992228,20.000000,8.227064,26.316556,
34.024684,20.000000,8.238826,26.388205,
34.056325,20.000000,8.252205,26.462402,
34.087214,20.000000,8.265798,26.536132,
34.117195,20.000000,8.279283,26.608822,
34.147234,20.000000,8.292611,26.679149,
34.176596,20.000000,8.305486,26.749624,
34.206189,20.000000,8.318562,26.819652,
34.234401,20.000000,8.331534,26.888710,
34.263475,20.000000,8.344358,26.954572,
34.293078,20.000000,8.356524,27.023226,
34.323919,20.000000,8.369550,27.096258,
34.358089,20.000000,8.383437,27.181516,
34.385974,20.000000,8.400033,27.246857,
34.414302,20.000000,8.411376,27.313071,
34.445140,20.000000,8.424230,27.379761,
34.473923,20.000000,8.436882,27.453920,
34.502420,20.000000,8.451390,27.521164,
34.534773,20.000000,8.463889,27.590934,
34.563275,20.000000,8.477500,27.665651,
34.592779,20.000000,8.492079,27.733072,
34.622736,20.000000,8.504766,27.805152,
34.651715,20.000000,8.519038,27.874401,
34.682203,20.000000,8.532336,27.943535,
34.711670,20.000000,8.545876,28.016987,
34.739930,20.000000,8.560445,28.086730,
34.770056,20.000000,8.573962,28.154032,
34.800239,20.000000,8.587175,28.226955,
34.829692,20.000000,8.601851,28.298573,
34.859326,20.000000,8.615962,28.368943,
34.889795,20.000000,8.629948,28.441986,
34.920605,20.000000,8.644660,28.513130,
34.951241,20.000000,8.658823,28.589807,
34.981204,20.000000,8.674493,28.661862,
35.011725,20.000000,8.688804,28.732747,
35.041214,20.000000,8.703162,28.806201,
35.070251,20.000000,8.718192,28.878434,
35.106382,20.000000,8.732853,28.947476,
35.140535,20.000000,8.746868,29.036732,
35.168864,20.000000,8.766001,29.117082,
35.198344,20.000000,8.782070,29.185548,
35.228361,20.000000,8.795873,29.256756,
35.257499,20.000000,8.810825,29.330796,
35.287507,20.000000,8.826322,29.400228,
35.317510,20.000000,8.840647,29.473697,
35.347535,20.000000,8.856237,29.548374,
35.374785,20.000000,8.871964,29.619099,
35.407344,20.000000,8.886752,29.685911,
35.436395,20.000000,8.900791,29.766551,
35.465747,20.000000,8.918451,29.835652,
35.495491,20.000000,8.932697,29.908687,
35.527240,20.000000,8.948554,29.981794,
35.556427,20.000000,8.964226,30.057818,
35.586010,20.000000,8.980724,30.128825,
35.617737,20.000000,8.995898,30.203859,
35.646170,20.000000,9.012357,30.279302,
35.674853,20.000000,9.028784,30.349344,
35.702925,20.000000,9.043924,30.420102,
35.730575,20.000000,9.059501,30.488725,
35.759632,20.000000,9.074534,30.556923,
35.789465,20.000000,9.089598,30.629372,
35.817222,20.000000,9.105794,30.701842,
35.845680,20.000000,9.121896,30.771508,
35.874121,20.000000,9.137362,30.840820,
35.902861,20.000000,9.152888,30.911494,
35.930024,20.000000,9.168814,30.982323,
35.957900,20.000000,9.184788,31.050068,
35.987423,20.000000,9.200026,31.119285,
36.016579,20.000000,9.215800,31.192315,
36.049171,20.000000,9.232545,31.265358,
36.078358,20.000000,9.249236,31.346069,
36.108389,20.000000,9.267983,31.418772,
36.136361,20.000000,9.284481,31.494165,
36.165589,20.000000,9.302023,31.563453,
36.196189,20.000000,9.317925,31.636753,
36.224847,20.000000,9.335130,31.713275,
36.253979,20.000000,9.353091,31.785807,
36.282681,20.000000,9.369999,31.857744,
36.311982,20.000000,9.386940,31.930249,
36.343358,20.000000,9.404094,32.003817,
36.371721,20.000000,9.421574,32.083758,
36.401141,20.000000,9.440768,32.154693,
36.430550,20.000000,9.457491,32.228384,
36.459634,20.000000,9.475264,32.304200,
36.490358,20.000000,9.493566,32.379673,
36.520443,20.000000,9.511802,32.453727,
36.548288,20.000000,9.529745,32.529910,
36.578292,20.000000,9.548356,32.600787,
36.608437,20.000000,9.565569,32.677026,
36.637912,20.000000,9.584410,32.754540,
36.666522,20.000000,9.603528,32.828368,
36.695314,20.000000,9.621716,32.901506,
36.723386,20.000000,9.639872,32.974889,
36.752188,20.000000,9.658171,33.046319,
36.781927,20.000000,9.676007,33.120628,
36.809511,20.000000,9.694728,33.196462,
36.839836,20.000000,9.713873,33.268308,
36.869753,20.000000,9.731984,33.344757,
36.902509,20.000000,9.751495,33.423273,
36.931076,20.000000,9.771554,33.508083,
36.961836,20.000000,9.793381,33.579488,
36.990727,20.000000,9.811527,33.659165,
37.019089,20.000000,9.832248,33.734118,
37.048272,20.000000,9.851604,33.807029,
37.076547,20.000000,9.870561,33.882678,
37.106765,20.000000,9.890373,33.956785,
37.135696,20.000000,9.909795,34.034197,
37.164390,20.000000,9.930233,34.109428,
37.193527,20.000000,9.950103,34.183998,
37.224388,20.000000,9.969900,34.262628,
37.255169,20.000000,9.990914,34.341254,
37.283357,20.000000,10.011965,34.420893,
37.312063,20.000000,10.033390,34.496179,
37.340998,20.000000,10.053675,34.569912,
37.369379,20.000000,10.073653,34.646328,
37.409567,20.000000,10.094479,34.720820,
37.439811,20.000000,10.114823,34.827589,
37.468057,20.000000,10.144388,34.905708,
37.498175,20.000000,10.165734,34.980540,
37.527254,20.000000,10.186460,35.060028,
37.555553,20.000000,10.208614,35.137399,
37.584720,20.000000,10.230230,35.212024,
37.612882,20.000000,10.251165,35.289938,
37.648581,20.000000,10.273143,35.364847,
37.677737,20.000000,10.294336,35.460695,
37.707269,20.000000,10.321652,35.538178,
37.736343,20.000000,10.343745,35.616131,
37.764909,20.000000,10.366117,35.694336,
37.795100,20.000000,10.388658,35.770156,
37.825650,20.000000,10.410605,35.851710,
37.859853,20.000000,4.166667,35.857429,
37.889886,20.000000,4.166667,35.863654,
37.921596,20.000000,4.166667,35.869050,
37.950511,20.000000,4.166667,35.874820,
37.980483,20.000000,4.166667,35.880093,
38.009824,20.000000,4.166667,35.885613,
38.040752,20.000000,4.166667,35.890952,
38.068722,20.000000,4.166667,35.896443,
38.097036,20.000000,4.166667,35.901531,
38.126445,20.000000,4.166667,35.906603,
38.156814,20.000000,4.166667,35.912161,
38.185608,20.000000,4.166667,35.917332,
38.214584,20.000000,4.166667,35.922499,
38.246598,20.000000,4.166667,35.927756,
38.274965,20.000000,4.166667,35.933408,
38.303818,20.000000,4.166667,35.938519,
38.332135,20.000000,4.166667,35.943584,
38.361705,20.000000,4.166667,35.948662,
38.391759,20.000000,4.166667,35.953945,
38.422154,20.000000,4.166667,35.959440,
38.451032,20.000000,4.166667,35.964545,
38.480355,20.000000,4.166667,35.969672,
38.509562,20.000000,4.166667,35.974782,
38.539626,20.000000,4.166667,35.980021,
38.570297,20.000000,4.166667,35.985179,
38.598805,20.000000,4.166667,35.990530,
38.628310,20.000000,4.166667,35.995604,
38.657481,20.000000,4.166667,36.000688,
38.685839,20.000000,4.166667,36.005734,
38.716074,20.000000,4.166667,36.010643,
38.743588,20.000000,4.166667,36.015905,
38.772274,20.000000,4.166667,36.020695,
38.800380,20.000000,4.166667,36.025634,
38.828260,20.000000,4.166667,36.030455,
38.856307,20.000000,4.166667,36.035248,
38.883942,20.000000,4.166667,36.040039,
38.913718,20.000000,4.166667,36.044785,
38.944891,20.000000,4.166667,36.049881,
38.974785,20.000000,4.166667,36.055219,
39.003789,20.000000,4.166667,36.060340,
39.033842,20.000000,4.166667,36.065220,
39.063548,20.000000,4.166667,36.070359,
39.093097,20.000000,4.166667,36.075355,
39.123390,20.000000,4.166667,36.080448,
39.152512,20.000000,4.166667,36.085524,
39.181158,20.000000,4.166667,36.090415,
39.210808,20.000000,4.166667,36.095168,
39.240892,20.000000,4.166667,36.100309,
39.271575,20.000000,4.166667,36.105233,
39.304623,20.000000,4.166667,36.110475,
39.333043,20.000000,4.166667,36.115815,
39.362970,20.000000,4.166667,36.120625,
39.391879,20.000000,4.166667,36.125546,
39.422467,20.000000,4.166667,36.130412,
39.457859,20.000000,4.166667,36.136729,
39.485848,20.000000,4.166667,36.141342,
39.515282,20.000000,4.166667,36.145852,
39.546306,20.000000,4.166667,36.150756,
39.574810,20.000000,4.166667,36.155774,
39.603309,20.000000,4.166667,36.160489,
39.632529,20.000000,4.166667,36.165112,
39.660835,20.000000,4.166667,36.169873,
39.690557,20.000000,4.166667,36.174478,
39.720496,20.000000,4.166667,36.179319,
39.749965,20.000000,4.166667,36.184181,
39.778098,20.000000,4.166667,36.188945,
39.807288,20.000000,4.166667,36.193513,
39.835959,20.000000,4.166667,36.198203,
39.866194,20.000000,4.166667,36.202910,
39.894428,20.000000,4.166667,36.207682,
39.924812,20.000000,4.166667,36.212308,
39.954250,20.000000,4.166667,36.217131,
39.983557,20.000000,4.166667,36.221799,
40.011783,20.000000,4.166667,36.226462,
40.041779,20.000000,4.166667,36.230961,
40.074209,20.000000,4.166667,36.235886,
40.104444,20.000000,4.166667,36.240894,
40.132692,20.000000,4.166667,36.245667,
40.163500,20.000000,4.166667,36.250124,
40.194048,20.000000,4.166667,36.255005,
40.231388,20.000000,4.166667,36.259815,
40.260540,20.000000,4.166667,36.265772,
40.289821,20.000000,4.166667,36.270296,
40.318574,20.000000,4.166667,36.274820,
40.348764,20.000000,4.166667,36.279392,
40.377832,20.000000,4.166667,36.284104,
40.408407,20.000000,4.166667,36.288607,
40.438017,20.000000,4.166667,36.293357,
40.466206,20.000000,4.166667,36.297870,
40.494414,20.000000,4.166667,36.302276,
40.522396,20.000000,4.166667,36.306567,
40.552225,20.000000,4.166667,36.310905,
40.580175,20.000000,4.166667,36.315465,
40.610469,20.000000,4.166667,36.319828,
40.640394,20.000000,4.166667,36.324450,
40.668421,20.000000,4.166667,36.328975,
40.695908,20.000000,4.166667,36.333243,
40.724795,20.000000,4.166667,36.337456,
40.755265,20.000000,4.166667,36.341882,
40.785029,20.000000,4.166667,36.346588,
40.815793,20.000000,4.166667,36.350952,
40.846174,20.000000,4.166667,36.355668,
40.876729,20.000000,4.166667,36.360317,
40.906001,20.000000,4.166667,36.364892,
40.933991,20.000000,4.166667,36.369217,
40.962654,20.000000,4.166667,36.373401,
40.992392,20.000000,4.166667,36.377707,
41.023179,20.000000,4.166667,36.382258,
41.052592,20.000000,4.166667,36.386703,
41.080415,20.000000,4.166667,36.391102,
41.110729,20.000000,4.166667,36.395235,
41.140528,20.000000,4.166667,36.399764,
41.170134,20.000000,4.166667,36.404135,
41.198413,20.000000,4.166667,36.408535,
41.227832,20.000000,4.166667,36.412687,
41.260278,20.000000,4.166667,36.417222,
41.290535,20.000000,4.166667,36.421922,
41.319273,20.000000,4.166667,36.426200,
41.348336,20.000000,4.166667,36.430411,
41.377175,20.000000,4.166667,36.434661,
41.408016,20.000000,4.166667,36.438888,
41.437371,20.000000,4.166667,36.443379,
41.468491,20.000000,4.166667,36.447603,
41.502938,20.000000,4.166667,36.453088,
41.531404,20.000000,4.166667,36.457093,
41.560610,20.000000,4.166667,36.461198,
41.589609,20.000000,4.166667,36.465449,
41.619056,20.000000,4.166667,36.469575,
41.647637,20.000000,4.166667,36.473815,
41.677624,20.000000,4.166667,36.477876,
41.707807,20.000000,4.166667,36.482177,
41.737100,20.000000,4.166667,36.486496,
41.765344,20.000000,4.166667,36.490656,
41.793603,20.000000,4.166667,36.494673,
41.823491,20.000000,4.166667,36.498705,
41.852337,20.000000,4.166667,36.503038,
41.881094,20.000000,4.166667,36.506955,
41.909012,20.000000,4.166667,36.511038,
41.938424,20.000000,4.166667,36.515043,
41.967857,20.000000,4.166667,36.519061,
41.996213,20.000000,4.166667,36.523210,
42.025727,20.000000,4.166667,36.527178,
42.056409,20.000000,4.166667,36.531401,
42.085786,20.000000,4.166667,36.535553,
42.115177,20.000000,4.166667,36.539660,
42.145043,20.000000,4.166667,36.543728,
42.173745,20.000000,4.166667,36.547876,
42.202472,20.000000,4.166667,36.551840,
42.230895,20.000000,4.166667,36.555827,
42.260806,20.000000,4.166667,36.559720,
42.289414,20.000000,4.166667,36.563850,
42.318793,20.000000,4.166667,36.567753,
42.348489,20.000000,4.166667,36.571792,
42.378920,20.000000,4.166667,36.575912,
42.407292,20.000000,4.166667,36.579999,
42.438456,20.000000,4.166667,36.583933,
42.466877,20.000000,4.166667,36.588093,
42.496741,20.000000,4.166667,36.591960,
42.526419,20.000000,4.166667,36.595996,
42.557384,20.000000,4.166667,36.600117,
42.587478,20.000000,4.166667,36.604193,
42.615748,20.000000,4.166667,36.608247,
42.647395,20.000000,4.166667,36.612048,
42.676700,20.000000,4.166667,36.616336,
42.705708,20.000000,4.166667,36.620282,
42.735434,20.000000,4.166667,36.624063,
42.764182,20.000000,4.166667,36.628057,
42.795567,20.000000,4.166667,36.632150,
42.824664,20.000000,4.166667,36.636032,
42.855485,20.000000,4.166667,36.639921,
42.884238,20.000000,4.166667,36.643952,
42.915985,20.000000,4.166667,36.647755,
42.944809,20.000000,4.166667,36.651941,
42.973722,20.000000,4.166667,36.655789,
43.002075,20.000000,4.166667,36.659547,
43.030204,20.000000,4.166667,36.663239,
43.060338,20.000000,4.166667,36.666936,
43.091179,20.000000,4.166667,36.670921,
43.120105,20.000000,4.166667,36.674873,
43.148932,20.000000,4.166667,36.678616,
43.177583,20.000000,4.166667,36.682360,
43.207389,20.000000,4.166667,36.686069,
43.238736,20.000000,4.166667,36.689962,
43.268932,20.000000,4.166667,36.694058,
43.297516,20.000000,4.166667,36.697860,
43.327394,20.000000,4.166667,36.701544,
43.357164,20.000000,4.166667,36.705496,
43.385236,20.000000,4.166667,36.709158,
43.415205,20.000000,4.166667,36.712754,
43.445104,20.000000,4.166667,36.716578,
43.477586,20.000000,4.166667,36.720525,
43.506117,20.000000,4.166667,36.724542,
43.533813,20.000000,4.166667,36.728161,
43.561768,20.000000,4.166667,36.731636,
43.591341,20.000000,4.166667,36.735148,
43.621571,20.000000,4.166667,36.738919,
43.650443,20.000000,4.166667,36.742677,
43.680589,20.000000,4.166667,36.746295,
43.709949,20.000000,4.166667,36.750071,
43.738723,20.000000,4.166667,36.753821,
43.768198,20.000000,4.166667,36.757325,
43.797154,20.000000,4.166667,36.760999,
43.827135,20.000000,4.166667,36.764600,
43.859773,20.000000,4.166667,36.768489,
43.889139,20.000000,4.166667,36.772455,
43.917903,20.000000,4.166667,36.775990,
43.947731,20.000000,4.166667,36.779553,
43.977429,20.000000,4.166667,36.783300,
44.008455,20.000000,4.166667,36.786880,
44.040342,20.000000,4.166667,36.790796,
44.068713,20.000000,4.166667,36.794564,
44.103226,20.000000,4.166667,36.798147,
44.131659,20.000000,4.166667,36.802248,
44.160687,20.000000,4.166667,36.805688,
44.192421,20.000000,4.166667,36.809244,
44.221763,20.000000,4.166667,36.813174,
44.250314,20.000000,4.166667,36.816631,
44.279449,20.000000,4.166667,36.820045,
44.308430,20.000000,4.166667,36.823575,
44.337345,20.000000,4.166667,36.827101,
44.367432,20.000000,4.166667,36.830562,
44.396064,20.000000,4.166667,36.834114,
44.427910,20.000000,4.166667,36.837554,
44.458841,20.000000,4.166667,36.841326,
44.489895,20.000000,4.166667,36.845128,
44.524990,20.000000,4.166667,36.848694,
44.556478,20.000000,4.166667,36.853024,
44.585112,20.000000,4.166667,36.856581,
44.615378,20.000000,4.166667,36.860057,
44.646108,20.000000,4.166667,36.863607,
44.674220,20.000000,4.166667,36.867146,
44.704088,20.000000,4.166667,36.870479,
44.732671,20.000000,4.166667,36.873951,
44.761147,20.000000,4.166667,36.877285,
44.790160,20.000000,4.166667,36.880610,
44.820019,20.000000,4.166667,36.883969,
44.849525,20.000000,4.166667,36.887453,
44.878050,20.000000,4.166667,36.890894,
44.907992,20.000000,4.166667,36.894175,
44.938080,20.000000,4.166667,36.897757,
44.970491,20.000000,4.166667,36.901081,
44.999162,20.000000,4.166667,36.904864,
45.028699,20.000000,4.166667,36.908128,
45.056900,20.000000,4.166667,36.911492,
45.084831,20.000000,4.166667,36.914719,
45.113756,20.000000,4.166667,36.917917,
45.142853,20.000000,4.166667,36.921218,
45.175209,20.000000,4.166667,36.924710,
45.204728,20.000000,4.166667,36.928316,
45.235598,20.000000,4.166667,36.931513,
45.264537,20.000000,4.166667,36.935010,
45.294706,20.000000,4.166667,36.938321,
45.324583,20.000000,4.166667,36.941690,
45.352877,20.000000,4.166667,36.945070,
45.381581,20.000000,4.166667,36.948201,
45.412069,20.000000,4.166667,36.951483,
45.442728,20.000000,4.166667,36.954839,
45.472561,20.000000,4.166667,36.958353,
45.503836,20.000000,4.166667,36.961732,
45.543940,20.000000,4.166667,36.965035,
45.575874,20.000000,4.166667,36.969598,
45.609021,20.000000,4.166667,36.973105,
45.639029,20.000000,4.166667,36.976803,
45.669779,20.000000,4.166667,36.979977,
45.697736,20.000000,4.166667,36.983430,
45.726168,20.000000,4.166667,36.986430,
45.756114,20.000000,4.166667,36.989558,
45.786330,20.000000,4.166667,36.992799,
45.815972,20.000000,4.166667,36.996125,
45.845341,20.000000,4.166667,36.999305,
45.875672,20.000000,4.166667,37.002549,
45.905983,20.000000,4.166667,37.005833,
45.937127,20.000000,4.166667,37.009117,
45.966694,20.000000,4.166667,37.012420,
45.995262,20.000000,4.166667,37.015623,
46.027688,20.000000,4.166667,37.018792,
46.057617,20.000000,4.166667,37.022180,
46.086659,20.000000,4.166667,37.025376,
46.117334,20.000000,4.166667,37.028486,
46.146021,20.000000,4.166667,37.031730,
