Time(s),Set Current,Actual Current,Velocity of Vehicle (mph),,0.036308,0.001000,0.001000,0.000000,
0.057757,0.001000,0.001000,0.000000,
0.081085,0.001000,0.001000,0.000000,
0.101837,0.001000,0.001000,0.000000,
0.130912,0.001000,0.001000,0.000000,
0.150824,0.001000,0.001000,0.000000,
0.162343,0.001000,0.001000,0.000000,
0.176374,0.001000,0.001000,0.000000,
0.192530,0.001000,0.001000,0.000000,
0.214913,0.001000,0.001000,0.000000,
0.230228,0.001000,0.001000,0.000000,
0.248467,0.001000,0.001000,0.000000,
0.260297,0.001000,0.001000,0.000000,
0.283147,0.001000,0.001000,0.000000,
0.299382,0.001000,0.001000,0.000000,
0.310908,0.001000,0.001000,0.000000,
0.324146,0.001000,0.001000,0.000000,
0.338732,0.001000,0.001000,0.000000,
0.359004,0.001000,0.001000,0.000000,
0.372948,0.001000,0.001000,0.000000,
0.392280,0.001000,0.001000,0.000000,
0.403795,0.001000,0.001000,0.000000,
0.419278,0.001000,0.001000,0.000000,
0.431550,0.001000,0.001000,0.000000,
0.444612,0.001000,0.001000,0.000000,
0.465082,0.001000,0.001000,0.000000,
0.476635,0.001000,0.001000,0.000000,
0.494660,0.001000,0.001000,0.000000,
0.510074,0.001000,0.001000,0.000000,
0.521670,0.001000,0.001000,0.000000,
0.542746,0.001000,0.001000,0.000000,
0.558755,0.001000,0.001000,0.000000,
0.577060,0.001000,0.001000,0.000000,
0.592517,0.001000,0.001000,0.000000,
0.604301,0.001000,0.001000,0.000000,
0.615722,0.001000,0.001000,0.000000,
0.636199,0.001000,0.001000,0.000000,
0.648305,0.001000,0.001000,0.000000,
0.666831,0.001000,0.001000,0.000000,
0.678465,0.001000,0.001000,0.000000,
0.701052,0.001000,0.001000,0.000000,
0.713468,0.001000,0.001000,0.000000,
0.730208,0.001000,0.001000,0.000000,
0.742626,0.001000,0.001000,0.000000,
0.756156,0.001000,0.001000,0.000000,
0.772472,0.001000,0.001000,0.000000,
0.783590,0.001000,0.001000,0.000000,
0.805210,0.001000,0.001000,0.000000,
0.815738,0.001000,0.001000,0.000000,
0.850173,0.001000,0.001000,0.000000,
0.867883,0.001000,0.001000,0.000000,
0.880477,0.001000,0.001000,0.000000,
0.893853,0.001000,0.001000,0.000000,
0.913140,0.001000,0.001000,0.000000,
0.922876,0.001000,0.001000,0.000000,
0.942225,0.001000,0.001000,0.000000,
0.957647,0.001000,0.001000,0.000000,
0.970088,0.001000,0.001000,0.000000,
0.982186,0.001000,0.001000,0.000000,
0.996286,0.001000,0.001000,0.000000,
1.010013,0.001000,0.001000,0.000000,
1.055932,0.001000,0.001000,0.000000,
1.069010,0.001000,0.001000,0.000000,
1.084888,0.001000,0.001000,0.000000,
1.096232,0.001000,0.001000,0.000000,
1.108334,0.001000,0.001000,0.000000,
1.127980,0.001000,0.001000,0.000000,
1.138043,0.001000,0.001000,0.000000,
1.152638,0.001000,0.001000,0.000000,
1.169590,0.001000,0.001000,0.000000,
1.182118,0.001000,0.001000,0.000000,
1.202717,0.001000,0.001000,0.000000,
1.213233,0.001000,0.001000,0.000000,
1.234222,0.001000,0.001000,0.000000,
1.250071,0.001000,0.001000,0.000000,
1.261299,0.001000,0.001000,0.000000,
1.284643,0.001000,0.001000,0.000000,
1.294748,0.001000,0.001000,0.000000,
1.310409,0.001000,0.001000,0.000000,
1.328009,0.001000,0.001000,0.000000,
1.338789,0.001000,0.001000,0.000000,
1.364420,0.001000,0.001000,0.000000,
1.375918,0.001000,0.001000,0.000000,
1.392515,0.001000,0.001000,0.000000,
1.404277,0.001000,0.001000,0.000000,
1.419727,0.001000,0.001000,0.000000,
1.429695,0.001000,0.001000,0.000000,
1.453749,0.001000,0.001000,0.000000,
1.463196,0.001000,0.001000,0.000000,
1.482454,0.001000,0.001000,0.000000,
1.495330,0.001000,0.001000,0.000000,
1.515450,0.001000,0.001000,0.000000,
1.530257,0.001000,0.001000,0.000000,
1.541749,0.001000,0.001000,0.000000,
1.553871,0.001000,0.001000,0.000000,
1.574575,0.001000,0.001000,0.000000,
1.585044,0.001000,0.001000,0.000000,
1.598103,0.001000,0.001000,0.000000,
1.614898,0.001000,0.001000,0.000000,
1.626889,0.001000,0.001000,0.000000,
1.637288,0.001000,0.001000,0.000000,
1.655758,0.001000,0.001000,0.000000,
1.669109,0.001000,0.001000,0.000000,
1.684618,0.001000,0.001000,0.000000,
1.694347,0.001000,0.001000,0.000000,
1.713340,0.001000,0.001000,0.000000,
1.725135,0.001000,0.001000,0.000000,
1.739533,0.001000,0.001000,0.000000,
1.764716,0.001000,0.001000,0.000000,
1.773844,0.001000,0.001000,0.000000,
1.796366,0.001000,0.001000,0.000000,
1.813016,0.001000,0.001000,0.000000,
1.826855,0.001000,0.001000,0.000000,
1.848751,0.001000,0.001000,0.000000,
1.861771,0.001000,0.001000,0.000000,
1.875325,0.001000,0.001000,0.000000,
1.899461,0.001000,0.001000,0.000000,
1.918712,0.001000,0.001000,0.000000,
1.935165,0.001000,0.001000,0.000000,
1.950248,0.001000,0.001000,0.000000,
1.963344,0.001000,0.001000,0.000000,
1.974640,0.001000,0.001000,0.000000,
1.999440,0.001000,0.001000,0.000000,
2.009489,0.001000,0.001000,0.000000,
2.036037,0.001000,0.001000,0.000000,
2.051864,0.001000,0.001000,0.000000,
2.062367,0.001000,0.001000,0.000000,
2.083653,0.001000,0.001000,0.000000,
2.093933,0.001000,0.001000,0.000000,
2.108218,0.001000,0.001000,0.000000,
2.125031,0.001000,0.001000,0.000000,
2.135695,0.001000,0.001000,0.000000,
2.148320,0.001000,0.001000,0.000000,
2.164545,0.001000,0.001000,0.000000,
2.174546,0.001000,0.001000,0.000000,
2.194635,0.001000,0.001000,0.000000,
2.209490,0.001000,0.001000,0.000000,
2.220917,0.001000,0.001000,0.000000,
2.241311,0.001000,0.001000,0.000000,
2.252601,0.001000,0.001000,0.000000,
2.269530,0.001000,0.001000,0.000000,
2.286935,0.001000,0.001000,0.000000,
2.298106,0.001000,0.001000,0.000000,
2.318745,0.001000,0.001000,0.000000,
2.330815,0.001000,0.001000,0.000000,
2.346500,0.001000,0.001000,0.000000,
2.356642,0.001000,0.001000,0.000000,
2.374353,0.001000,0.001000,0.000000,
2.390516,0.001000,0.001000,0.000000,
2.400892,0.001000,0.001000,0.000000,
2.420839,0.001000,0.001000,0.000000,
2.433258,0.001000,0.001000,0.000000,
2.447557,0.001000,0.001000,0.000000,
2.460805,0.001000,0.001000,0.000000,
2.485432,0.001000,0.001000,0.000000,
2.496162,0.001000,0.001000,0.000000,
2.516882,0.001000,0.001000,0.000000,
2.526350,0.001000,0.001000,0.000000,
2.541060,0.001000,0.001000,0.000000,
2.557583,0.001000,0.001000,0.000000,
2.567074,0.001000,0.001000,0.000000,
2.586109,0.001000,0.001000,0.000000,
2.600012,0.001000,0.001000,0.000000,
2.677245,0.001000,0.001000,0.000000,
2.688926,0.001000,0.001000,0.000000,
2.699893,0.001000,0.001000,0.000000,
2.716399,0.001000,0.001000,0.000000,
2.728313,0.001000,0.001000,0.000000,
2.743929,0.001000,0.001000,0.000000,
2.753519,0.001000,0.001000,0.000000,
2.774656,0.001000,0.001000,0.000000,
2.790068,0.001000,0.001000,0.000000,
2.798844,0.001000,0.001000,0.000000,
2.818826,0.001000,0.001000,0.000000,
2.836263,0.001000,0.001000,0.000000,
2.849368,0.001000,0.001000,0.000000,
2.869707,0.001000,0.001000,0.000000,
2.881539,0.001000,0.001000,0.000000,
2.892743,0.001000,0.001000,0.000000,
2.906001,0.001000,0.001000,0.000000,
2.928617,0.001000,0.001000,0.000000,
2.967936,0.001000,0.001000,0.000000,
2.980761,0.001000,0.001000,0.000000,
3.000124,0.001000,0.001000,0.000000,
3.009476,0.001000,0.001000,0.000000,
3.027989,0.001000,0.001000,0.000000,
3.039685,0.001000,0.001000,0.000000,
3.050157,0.001000,0.001000,0.000000,
3.065501,0.001000,0.001000,0.000000,
3.076082,0.001000,0.001000,0.000000,
3.091049,0.001000,0.001000,0.000000,
3.106510,0.001000,0.001000,0.000000,
3.118467,0.001000,0.001000,0.000000,
3.128844,0.001000,0.001000,0.000000,
3.154178,0.001000,0.001000,0.000000,
3.165370,0.001000,0.001000,0.000000,
3.181260,0.001000,0.001000,0.000000,
3.192829,0.001000,0.001000,0.000000,
3.203881,0.001000,0.001000,0.000000,
3.219009,0.001000,0.001000,0.000000,
3.228462,0.001000,0.001000,0.000000,
3.243677,0.001000,0.001000,0.000000,
3.259217,0.001000,0.001000,0.000000,
3.268731,0.001000,0.001000,0.000000,
3.292771,0.001000,0.001000,0.000000,
3.303877,0.001000,0.001000,0.000000,
3.316562,0.001000,0.001000,0.000000,
3.332480,0.001000,0.001000,0.000000,
3.343823,0.001000,0.001000,0.000000,
3.372064,0.001000,0.001000,0.000000,
3.381769,0.001000,0.001000,0.000000,
3.401858,0.001000,0.001000,0.000000,
3.413846,0.001000,0.001000,0.000000,
3.426475,0.001000,0.001000,0.000000,
3.442854,0.001000,0.001000,0.000000,
3.464781,0.001000,0.001000,0.000000,
3.474427,0.001000,0.001000,0.000000,
3.498226,0.001000,0.001000,0.000000,
3.508347,0.001000,0.001000,0.000000,
3.528907,0.001000,0.001000,0.000000,
3.537781,0.001000,0.001000,0.000000,
3.558862,0.001000,0.001000,0.000000,
3.570120,0.001000,0.001000,0.000000,
3.583483,0.001000,0.001000,0.000000,
3.598446,0.001000,0.001000,0.000000,
3.608392,0.001000,0.001000,0.000000,
3.622862,0.001000,0.001000,0.000000,
3.637966,0.001000,0.001000,0.000000,
3.650559,0.001000,0.001000,0.000000,
3.660982,0.001000,0.001000,0.000000,
3.692443,0.001000,0.001000,0.000000,
3.704587,0.001000,0.001000,0.000000,
3.717168,0.001000,0.001000,0.000000,
3.731927,0.001000,0.001000,0.000000,
3.741588,0.001000,0.001000,0.000000,
3.762408,0.001000,0.001000,0.000000,
3.771426,0.001000,0.001000,0.000000,
3.792327,0.001000,0.001000,0.000000,
3.807396,0.001000,0.001000,0.000000,
3.816414,0.001000,0.001000,0.000000,
3.835497,0.001000,0.001000,0.000000,
3.846223,0.001000,0.001000,0.000000,
3.858895,0.001000,0.001000,0.000000,
3.871717,0.001000,0.001000,0.000000,
3.894431,0.001000,0.001000,0.000000,
3.911227,0.001000,0.001000,0.000000,
3.920710,0.001000,0.001000,0.000000,
3.932605,0.001000,0.001000,0.000000,
3.956316,0.001000,0.001000,0.000000,
3.971710,0.001000,0.001000,0.000000,
3.983801,0.001000,0.001000,0.000000,
3.995198,0.001000,0.001000,0.000000,
4.023419,0.001000,0.001000,0.000000,
4.041852,0.001000,0.001000,0.000000,
4.055662,0.001000,0.001000,0.000000,
4.070530,0.001000,0.001000,0.000000,
4.080449,0.001000,0.001000,0.000000,
4.098129,0.001000,0.001000,0.000000,
4.108032,0.001000,0.001000,0.000000,
4.123029,0.001000,0.001000,0.000000,
4.138162,0.001000,0.001000,0.000000,
4.148131,0.001000,0.001000,0.000000,
4.166573,0.001000,0.001000,0.000000,
4.177480,0.001000,0.001000,0.000000,
4.193162,0.001000,0.001000,0.000000,
4.203926,0.001000,0.001000,0.000000,
4.215635,0.001000,0.001000,0.000000,
4.229660,0.001000,0.001000,0.000000,
4.247679,0.001000,0.001000,0.000000,
4.259044,0.001000,0.001000,0.000000,
4.270467,0.001000,0.001000,0.000000,
4.284786,0.001000,0.001000,0.000000,
4.306055,0.001000,0.001000,0.000000,
4.316226,0.001000,0.001000,0.000000,
4.339605,0.001000,0.001000,0.000000,
4.349282,0.001000,0.001000,0.000000,
4.364580,0.001000,0.001000,0.000000,
4.374909,0.001000,0.001000,0.000000,
4.396303,0.001000,0.001000,0.000000,
4.406188,0.001000,0.001000,0.000000,
4.428905,0.001000,0.001000,0.000000,
4.439252,0.001000,0.001000,0.000000,
4.453520,0.001000,0.001000,0.000000,
4.467658,0.001000,0.001000,0.000000,
4.477346,0.001000,0.001000,0.000000,
4.495673,0.001000,0.001000,0.000000,
4.509477,0.001000,0.001000,0.000000,
4.526584,0.001000,0.001000,0.000000,
4.543329,0.001000,0.001000,0.000000,
4.555290,0.001000,0.001000,0.000000,
4.572846,0.001000,0.001000,0.000000,
4.583503,0.001000,0.001000,0.000000,
4.599207,0.001000,0.001000,0.000000,
4.615152,0.001000,0.001000,0.000000,
4.625813,0.001000,0.001000,0.000000,
4.643053,0.001000,0.001000,0.000000,
4.654069,0.001000,0.001000,0.000000,
4.668550,0.001000,0.001000,0.000000,
4.684683,0.001000,0.001000,0.000000,
4.697272,0.001000,0.001000,0.000000,
4.709348,0.001000,0.001000,0.000000,
4.727609,0.001000,0.001000,0.000000,
4.737154,0.001000,0.001000,0.000000,
4.750267,0.001000,0.001000,0.000000,
4.766805,0.001000,0.001000,0.000000,
4.776890,0.001000,0.001000,0.000000,
4.797591,0.001000,0.001000,0.000000,
4.808399,0.001000,0.001000,0.000000,
4.823746,0.001000,0.001000,0.000000,
4.834382,0.001000,0.001000,0.000000,
4.860435,0.001000,0.001000,0.000000,
4.870422,0.001000,0.001000,0.000000,
4.884931,0.001000,0.001000,0.000000,
4.897380,0.001000,0.001000,0.000000,
4.912820,0.001000,0.001000,0.000000,
4.923114,0.001000,0.001000,0.000000,
4.944542,0.001000,0.001000,0.000000,
4.953773,0.001000,0.001000,0.000000,
4.977698,0.001000,0.001000,0.000000,
4.994861,0.001000,0.001000,0.000000,
5.006487,0.001000,0.001000,0.000000,
5.018272,0.001000,0.001000,0.000000,
5.035781,0.001000,0.001000,0.000000,
5.048925,0.001000,0.001000,0.000000,
5.065132,0.001000,0.001000,0.000000,
5.075659,0.001000,0.001000,0.000000,
5.087989,0.001000,0.001000,0.000000,
5.104780,0.001000,0.001000,0.000000,
5.120571,0.001000,0.001000,0.000000,
5.140562,0.001000,0.001000,0.000000,
5.150491,0.001000,0.001000,0.000000,
5.171590,0.001000,0.001000,0.000000,
5.181516,0.001000,0.001000,0.000000,
5.200361,0.001000,0.001000,0.000000,
5.210263,0.001000,0.001000,0.000000,
5.229327,0.001000,0.001000,0.000000,
5.238668,0.001000,0.001000,0.000000,
5.251369,0.001000,0.001000,0.000000,
5.267013,0.001000,0.001000,0.000000,
5.276573,0.001000,0.001000,0.000000,
5.295558,0.001000,0.001000,0.000000,
5.309518,0.001000,0.001000,0.000000,
5.322930,0.001000,0.001000,0.000000,
5.335475,0.001000,0.001000,0.000000,
5.346710,0.001000,0.001000,0.000000,
5.363171,0.001000,0.001000,0.000000,
5.375710,0.001000,0.001000,0.000000,
5.386841,0.001000,0.001000,0.000000,
5.400158,0.001000,0.001000,0.000000,
5.412149,0.001000,0.001000,0.000000,
5.430835,0.001000,0.001000,0.000000,
5.444035,0.001000,0.001000,0.000000,
5.458350,0.001000,0.001000,0.000000,
5.469289,0.001000,0.001000,0.000000,
5.480152,0.001000,0.001000,0.000000,
5.496806,0.001000,0.001000,0.000000,
5.517226,0.001000,0.001000,0.000000,
5.533731,0.001000,0.001000,0.000000,
5.543925,0.001000,0.001000,0.000000,
5.564313,0.001000,0.001000,0.000000,
5.574206,0.001000,0.001000,0.000000,
5.590574,0.001000,0.001000,0.000000,
5.601655,0.001000,0.001000,0.000000,
5.612340,0.001000,0.001000,0.000000,
5.627849,0.001000,0.001000,0.000000,
5.638062,0.001000,0.001000,0.000000,
5.652883,0.001000,0.001000,0.000000,
5.667907,0.001000,0.001000,0.000000,
5.679948,0.001000,0.001000,0.000000,
5.691525,0.001000,0.001000,0.000000,
5.711975,0.001000,0.001000,0.000000,
5.721683,0.001000,0.001000,0.000000,
5.733677,0.001000,0.001000,0.000000,
5.749141,0.001000,0.001000,0.000000,
5.760659,0.001000,0.001000,0.000000,
5.779522,0.001000,0.001000,0.000000,
5.798311,0.001000,0.001000,0.000000,
5.812831,0.001000,0.001000,0.000000,
5.831538,0.001000,0.001000,0.000000,
5.857140,0.001000,0.001000,0.000000,
5.867549,0.001000,0.001000,0.000000,
5.884168,0.001000,0.001000,0.000000,
5.899595,0.001000,0.001000,0.000000,
5.929091,0.001000,0.001000,0.000000,
5.945652,0.001000,0.001000,0.000000,
5.955209,0.001000,0.001000,0.000000,
5.972425,0.001000,0.001000,0.000000,
6.003267,0.001000,0.001000,0.000000,
6.019688,0.001000,0.001000,0.000000,
6.030298,0.001000,0.001000,0.000000,
6.053010,0.001000,0.001000,0.000000,
6.063581,0.001000,0.001000,0.000000,
6.088067,0.001000,0.001000,0.000000,
6.098482,0.001000,0.001000,0.000000,
6.128585,0.001000,0.001000,0.000000,
6.139298,0.001000,0.001000,0.000000,
6.159825,0.001000,0.001000,0.000000,
6.174112,0.001000,0.001000,0.000000,
6.185442,0.001000,0.001000,0.000000,
6.215656,0.001000,0.001000,0.000000,
6.226181,0.001000,0.001000,0.000000,
6.243944,0.001000,0.001000,0.000000,
6.258194,0.001000,0.001000,0.000000,
6.289314,0.001000,0.001000,0.000000,
6.300443,0.001000,0.001000,0.000000,
6.313424,0.001000,0.001000,0.000000,
6.329136,0.001000,0.001000,0.000000,
6.364646,0.001000,0.001000,0.000000,
6.374030,0.001000,0.001000,0.000000,
6.389835,0.001000,0.001000,0.000000,
6.405571,0.001000,0.001000,0.000000,
6.434628,0.001000,0.001000,0.000000,
6.444503,0.001000,0.001000,0.000000,
6.464035,0.001000,0.001000,0.000000,
6.483663,0.001000,0.001000,0.000000,
6.498122,0.001000,0.001000,0.000000,
6.519026,0.001000,0.001000,0.000000,
6.534040,0.001000,0.001000,0.000000,
6.555785,0.001000,0.001000,0.000000,
6.569290,0.001000,0.001000,0.000000,
6.592236,0.001000,0.001000,0.000000,
6.606461,0.001000,0.001000,0.000000,
6.622353,0.001000,0.001000,0.000000,
6.653495,0.001000,0.001000,0.000000,
6.663814,0.001000,0.001000,0.000000,
6.675838,0.001000,0.001000,0.000000,
6.689131,0.001000,0.001000,0.000000,
6.712275,0.001000,0.001000,0.000000,
6.722262,0.001000,0.001000,0.000000,
6.745373,0.001000,0.001000,0.000000,
6.764656,0.001000,0.001000,0.000000,
6.775573,0.001000,0.001000,0.000000,
6.800247,0.001000,0.001000,0.000000,
6.824103,0.001000,0.001000,0.000000,
6.836758,0.001000,0.001000,0.000000,
6.859384,0.001000,0.001000,0.000000,
6.873008,0.001000,0.001000,0.000000,
6.887528,0.001000,0.001000,0.000000,
6.908410,0.001000,0.001000,0.000000,
6.922436,0.001000,0.001000,0.000000,
6.945545,0.001000,0.001000,0.000000,
6.969003,0.001000,0.001000,0.000000,
6.984005,0.001000,0.001000,0.000000,
7.015570,0.001000,0.001000,0.000000,
7.026436,0.001000,0.001000,0.000000,
7.042002,0.001000,0.001000,0.000000,
7.051481,0.001000,0.001000,0.000000,
7.070651,0.001000,0.001000,0.000000,
7.096329,0.001000,0.001000,0.000000,
7.108898,0.001000,0.001000,0.000000,
7.125640,0.001000,0.001000,0.000000,
7.149516,0.001000,0.001000,0.000000,
7.165069,0.001000,0.001000,0.000000,
7.174872,0.001000,0.001000,0.000000,
7.193920,0.001000,0.001000,0.000000,
7.212830,0.001000,0.001000,0.000000,
7.230031,0.001000,0.001000,0.000000,
7.249463,0.001000,0.001000,0.000000,
7.272299,0.001000,0.001000,0.000000,
7.281669,0.001000,0.001000,0.000000,
7.304571,0.001000,0.001000,0.000000,
7.321995,0.001000,0.001000,0.000000,
7.338049,0.001000,0.001000,0.000000,
7.361604,0.001000,0.001000,0.000000,
7.378826,0.001000,0.001000,0.000000,
7.420951,0.001000,0.001000,0.000000,
7.436545,0.001000,0.001000,0.000000,
7.448955,0.001000,0.001000,0.000000,
7.466828,0.001000,0.001000,0.000000,
7.476320,0.001000,0.001000,0.000000,
7.493175,0.001000,0.001000,0.000000,
7.510324,0.001000,0.001000,0.000000,
7.520347,0.001000,0.001000,0.000000,
7.538955,0.001000,0.001000,0.000000,
7.560955,0.001000,0.001000,0.000000,
7.588773,0.001000,0.001000,0.000000,
7.599494,0.001000,0.001000,0.000000,
7.619464,0.001000,0.001000,0.000000,
7.629464,0.001000,0.001000,0.000000,
7.647057,0.001000,0.001000,0.000000,
7.666882,0.001000,0.001000,0.000000,
7.680206,0.001000,0.001000,0.000000,
7.700576,0.001000,0.001000,0.000000,
7.733319,0.001000,0.001000,0.000000,
7.742906,0.001000,0.001000,0.000000,
7.763795,0.001000,0.001000,0.000000,
7.778195,0.001000,0.001000,0.000000,
7.797920,0.001000,0.001000,0.000000,
7.814283,0.001000,0.001000,0.000000,
7.824065,0.001000,0.001000,0.000000,
7.847885,0.001000,0.001000,0.000000,
7.866029,0.001000,0.001000,0.000000,
7.879849,0.001000,0.001000,0.000000,
7.899409,0.001000,0.001000,0.000000,
7.919605,0.001000,0.001000,0.000000,
7.942751,0.001000,0.001000,0.000000,
7.952766,0.001000,0.001000,0.000000,
7.971100,0.001000,0.001000,0.000000,
7.998856,0.001000,0.001000,0.000000,
8.014890,0.001000,0.001000,0.000000,
8.031319,0.001000,0.001000,0.000000,
8.048226,0.001000,0.001000,0.000000,
8.072432,0.001000,0.001000,0.000000,
8.082341,0.001000,0.001000,0.000000,
8.099252,0.001000,0.001000,0.000000,
8.112213,0.001000,0.001000,0.000000,
8.142670,0.001000,0.001000,0.000000,
8.153026,0.001000,0.001000,0.000000,
8.167562,0.001000,0.001000,0.000000,
8.183555,0.001000,0.001000,0.000000,
8.205199,0.001000,0.001000,0.000000,
8.218841,0.001000,0.001000,0.000000,
8.246438,0.001000,0.001000,0.000000,
8.269256,0.001000,0.001000,0.000000,
8.292815,0.001000,0.001000,0.000000,
8.305244,0.001000,0.001000,0.000000,
8.330778,0.001000,0.001000,0.000000,
8.340538,0.001000,0.001000,0.000000,
8.366816,0.001000,0.001000,0.000000,
8.376303,0.001000,0.001000,0.000000,
8.393623,0.001000,0.001000,0.000000,
8.404126,0.001000,0.001000,0.000000,
8.424096,0.001000,0.001000,0.000000,
8.449954,0.001000,0.001000,0.000000,
8.478525,0.001000,0.001000,0.000000,
8.489149,0.001000,0.001000,0.000000,
8.503472,0.001000,0.001000,0.000000,
8.519544,0.001000,0.001000,0.000000,
8.529099,0.001000,0.001000,0.000000,
8.552907,0.001000,0.001000,0.000000,
8.562901,0.001000,0.001000,0.000000,
8.583107,0.001000,0.001000,0.000000,
8.611595,0.001000,0.001000,0.000000,
8.628873,0.001000,0.001000,0.000000,
8.640408,0.001000,0.001000,0.000000,
8.662422,0.001000,0.001000,0.000000,
8.672795,0.001000,0.001000,0.000000,
8.699707,0.001000,0.001000,0.000000,
8.710520,0.001000,0.001000,0.000000,
8.730901,0.001000,0.001000,0.000000,
8.753256,0.001000,0.001000,0.000000,
8.764584,0.001000,0.001000,0.000000,
8.779134,0.001000,0.001000,0.000000,
8.811573,0.001000,0.001000,0.000000,
8.822038,0.001000,0.001000,0.000000,
8.846080,0.001000,0.001000,0.000000,
8.860068,0.001000,0.001000,0.000000,
8.888319,0.001000,0.001000,0.000000,
8.898534,0.001000,0.001000,0.000000,
8.912184,0.001000,0.001000,0.000000,
8.927627,0.001000,0.001000,0.000000,
8.939282,0.001000,0.001000,0.000000,
8.963439,0.001000,0.001000,0.000000,
8.976829,0.001000,0.001000,0.000000,
8.997255,0.001000,0.001000,0.000000,
9.009432,0.001000,0.001000,0.000000,
9.030487,0.001000,0.001000,0.000000,
9.077433,0.601000,0.601000,0.000000,
9.092603,1.201000,1.201000,0.007701,
9.113169,1.801000,1.801000,0.012110,
9.128027,2.401000,2.401000,0.027401,
9.153427,3.001000,3.001000,0.037128,
9.163135,3.601000,3.601000,0.064722,
9.176624,4.201000,4.201000,0.079438,
9.191531,4.801000,4.801000,0.104251,
9.202047,5.401000,5.401000,0.126429,
9.217821,6.000999,5.034746,0.145014,
9.232938,6.600999,5.402320,0.172775,
9.246413,7.200999,5.040425,0.203751,
9.266011,7.800999,5.404936,0.222156,
9.279863,8.400999,5.045280,0.254665,
9.310363,9.000999,5.407286,0.283054,
9.326875,9.601000,5.052144,0.332823,
9.343622,10.201000,5.411503,0.365099,
9.353480,10.801001,5.060366,0.390559,
9.376441,11.401001,5.411520,0.415128,
9.386558,12.001001,5.067913,0.448657,
9.409372,12.601002,5.412283,0.470469,
9.430508,13.201002,5.075528,0.505525,
9.446046,13.801003,5.412827,0.546593,
9.473987,14.401003,5.086503,0.571519,
9.484161,15.001003,5.411386,0.622391,
9.500990,15.601004,5.099382,0.643719,
9.512791,16.201004,5.408999,0.669636,
9.536188,16.801004,5.108868,0.692767,
9.558853,17.401005,5.406686,0.733019,
9.573198,18.001005,5.120713,0.779831,
9.595594,18.601006,5.407526,0.797954,
9.605733,19.201006,5.129700,0.835562,
9.631407,19.801006,5.406722,0.856753,
9.646865,20.000000,5.139369,0.899072,
9.659396,20.000000,5.406399,0.932933,
9.678991,20.000000,5.151191,0.949848,
9.694866,20.000000,5.402181,0.985356,
9.714927,20.000000,5.163212,1.014363,
9.732889,20.000000,5.399787,1.048945,
9.751531,20.000000,5.175134,1.082085,
9.770803,20.000000,5.397995,1.114688,
9.786043,20.000000,5.186789,1.149768,
9.813511,20.000000,5.396501,1.175670,
9.826608,20.000000,5.197431,1.228495,
9.849048,20.000000,5.397633,1.247507,
9.865110,20.000000,5.207170,1.286503,
9.880823,20.000000,5.396667,1.317582,
9.892039,20.000000,5.218668,1.343045,
9.918500,20.000000,5.393827,1.366189,
9.938152,20.000000,5.228728,1.410311,
9.957749,20.000000,5.393971,1.450914,
9.967415,20.000000,5.241359,1.481111,
9.986154,20.000000,5.392207,1.500535,
10.015223,20.000000,5.250528,1.531973,
10.029756,20.000000,5.390879,1.592263,
10.043390,20.000000,5.265616,1.610973,
10.086214,20.000000,5.388059,1.654737,
10.096844,20.000000,5.277716,1.712222,
10.112868,20.000000,5.391434,1.735446,
10.128227,20.000000,5.286654,1.765691,
10.138069,20.000000,5.390821,1.787763,
10.155502,20.000000,5.295118,1.807738,
10.166118,20.000000,5.388996,1.837622,
10.185345,20.000000,5.304359,1.857943,
10.211218,20.000000,5.387662,1.890611,
10.226401,20.000000,5.313601,1.943818,
10.246432,20.000000,5.391649,1.965054,
10.262305,20.000000,5.321038,2.002930,
10.272426,20.000000,5.393403,2.030067,
10.294187,20.000000,5.329178,2.049689,
10.307908,20.000000,5.392682,2.087639,
10.337246,20.000000,5.338532,2.113855,
10.362385,20.000000,5.393434,2.166008,
10.372010,20.000000,5.349634,2.210857,
10.395079,20.000000,5.397486,2.231840,
10.407942,20.000000,5.355754,2.269960,
10.421151,20.000000,5.400588,2.299645,
10.439272,20.000000,5.363077,2.317577,
10.448785,20.000000,5.400865,2.350664,
10.471692,20.000000,5.370517,2.369447,
10.494862,20.000000,5.401690,2.409842,
10.510114,20.000000,5.378677,2.453142,
10.521963,20.000000,5.406648,2.479186,
10.543197,20.000000,5.384528,2.503430,
10.563072,20.000000,5.408763,2.539469,
10.576169,20.000000,5.391670,2.581611,
10.594032,20.000000,5.413899,2.601492,
10.612512,20.000000,5.396280,2.638558,
10.643105,20.000000,5.418207,2.665562,
10.653639,20.000000,5.401985,2.722744,
10.668052,20.000000,5.425629,2.743372,
10.689383,20.000000,5.406911,2.769564,
10.717087,20.000000,5.428151,2.805787,
10.732317,20.000000,5.414048,2.865219,
10.744113,20.000000,5.436035,2.884609,
10.758691,20.000000,5.418753,2.913521,
10.783285,20.000000,5.439020,2.933442,
10.800231,20.000000,5.423430,2.978175,
10.815908,20.000000,5.444521,3.011690,
10.837740,20.000000,5.430283,3.037619,
10.854786,20.000000,5.447257,3.080866,
10.864849,20.000000,5.438306,3.110133,
10.884248,20.000000,5.450933,3.130784,
10.897981,20.000000,5.442548,3.163317,
10.922204,20.000000,5.455147,3.190469,
10.940232,20.000000,5.447800,3.233431,
10.955790,20.000000,5.461031,3.269210,
10.973420,20.000000,5.454455,3.295185,
10.993973,20.000000,5.464389,3.330959,
11.013693,20.000000,5.460831,3.365651,
11.026889,20.000000,5.469351,3.407035,
11.049903,20.000000,5.467956,3.426901,
11.066042,20.000000,5.472253,3.468773,
11.078803,20.000000,5.474770,3.504249,
11.100059,20.000000,5.477924,3.521711,
11.119832,20.000000,5.477751,3.563970,
11.132600,20.000000,5.484374,3.597488,
11.155225,20.000000,5.483547,3.623353,
11.177829,20.000000,5.488254,3.663004,
11.194011,20.000000,5.490103,3.707760,
11.220191,20.000000,5.495308,3.735302,
11.236383,20.000000,5.494871,3.786164,
11.246317,20.000000,5.503072,3.814073,
11.265758,20.000000,5.500030,3.835549,
11.279231,20.000000,5.506048,3.867669,
11.307343,20.000000,5.505616,3.895407,
11.333404,20.000000,5.510268,3.947040,
11.343680,20.000000,5.514072,3.994271,
11.361705,20.000000,5.517964,4.015357,
11.372035,20.000000,5.517757,4.046386,
11.393520,20.000000,5.522724,4.068044,
11.408142,20.000000,5.521660,4.106386,
11.431870,20.000000,5.528519,4.134890,
11.451869,20.000000,5.526850,4.177435,
11.468402,20.000000,5.534896,4.217640,
11.478766,20.000000,5.534007,4.244974,
11.500198,20.000000,5.539017,4.266963,
11.525519,20.000000,5.538004,4.304337,
11.541567,20.000000,5.544679,4.354077,
11.551847,20.000000,5.546513,4.382166,
11.581363,20.000000,5.549255,4.402989,
11.591673,20.000000,5.550077,4.456733,
11.610452,20.000000,5.557690,4.478033,
11.622326,20.000000,5.554333,4.511504,
11.648283,20.000000,5.562465,4.536091,
11.672480,20.000000,5.559179,4.581540,
11.687112,20.000000,5.569107,4.634796,
11.706914,20.000000,5.568736,4.655103,
11.721922,20.000000,5.572219,4.699579,
11.740244,20.000000,5.576114,4.720862,
11.756207,20.000000,5.576046,4.757349,
11.766279,20.000000,5.581789,4.784771,
11.789004,20.000000,5.581086,4.806473,
11.809767,20.000000,5.585079,4.847090,
11.819756,20.000000,5.587961,4.885538,
11.840504,20.000000,5.591472,4.906412,
11.854996,20.000000,5.591701,4.943185,
11.884307,20.000000,5.597249,4.972155,
11.906348,20.000000,5.596998,5.025815,
11.919853,20.000000,5.605605,5.075185,
11.941779,20.000000,5.605939,5.092843,
11.958578,20.000000,5.608418,5.140865,
11.969380,20.000000,5.613816,5.165721,
11.986960,20.000000,5.613092,5.189393,
12.005435,20.000000,5.617424,5.219381,
12.021664,20.000000,5.618427,5.257849,
12.036624,20.000000,5.623609,5.284854,
12.062812,20.000000,5.623431,5.315984,
12.072434,20.000000,5.628474,5.363140,
12.088872,20.000000,5.631596,5.385447,
12.121169,20.000000,5.632452,5.414349,
12.137815,20.000000,5.636273,5.473906,
12.153436,20.000000,5.642409,5.507392,
12.162566,0.001000,0.001000,5.502296,
12.183719,0.001000,0.001000,5.498450,
12.206843,0.001000,0.001000,5.491423,
12.223932,0.001000,0.001000,5.482544,
12.233892,0.001000,0.001000,5.477126,
12.254882,0.001000,0.001000,5.473207,
12.287082,0.001000,0.001000,5.466099,
12.296521,0.001000,0.001000,5.454712,
12.311629,0.001000,0.001000,5.450993,
12.321889,0.001000,0.001000,5.445993,
12.346502,0.001000,0.001000,5.441863,
12.373827,0.001000,0.001000,5.433657,
12.388720,0.001000,0.001000,5.422338,
12.411487,0.001000,0.001000,5.418373,
12.422739,0.001000,0.001000,5.410597,
12.439264,0.001000,0.001000,5.405912,
12.449304,0.001000,0.001000,5.400603,
12.469082,0.001000,0.001000,5.396723,
12.483721,0.001000,0.001000,5.390163,
12.507155,0.001000,0.001000,5.384417,
12.525212,0.001000,0.001000,5.376456,
12.545208,0.001000,0.001000,5.369757,
12.569676,0.001000,0.001000,5.362802,
12.581046,0.001000,0.001000,5.354375,
12.598751,0.001000,0.001000,5.350019,
12.609421,0.001000,0.001000,5.344167,
12.631792,0.001000,0.001000,5.339913,
12.650838,0.001000,0.001000,5.332413,
12.669315,0.001000,0.001000,5.325326,
12.690137,0.001000,0.001000,5.319074,
12.710870,0.001000,0.001000,5.311648,
12.728743,0.001000,0.001000,5.303990,
12.738524,0.001000,0.001000,5.297999,
12.757092,0.001000,0.001000,5.293944,
12.790374,0.001000,0.001000,5.287989,
12.800194,0.001000,0.001000,5.276195,
12.812449,0.001000,0.001000,5.272417,
12.827770,0.001000,0.001000,5.267367,
12.856241,0.001000,0.001000,5.262918,
12.865692,0.001000,0.001000,5.253020,
12.886143,0.001000,0.001000,5.249190,
12.905817,0.001000,0.001000,5.242397,
12.922255,0.001000,0.001000,5.234628,
12.951303,0.001000,0.001000,5.229511,
12.961666,0.001000,0.001000,5.219326,
12.979204,0.001000,0.001000,5.215147,
12.989401,0.001000,0.001000,5.209560,
13.012417,0.001000,0.001000,5.205464,
13.038643,0.001000,0.001000,5.197869,
13.055867,0.001000,0.001000,5.188094,
13.065745,0.001000,0.001000,5.182424,
13.087459,0.001000,0.001000,5.178566,
13.124886,0.001000,0.001000,5.171410,
13.141853,0.001000,0.001000,5.157662,
13.151560,0.001000,0.001000,5.152137,
13.169187,0.001000,0.001000,5.148222,
13.182927,0.001000,0.001000,5.141265,
13.199572,0.001000,0.001000,5.137509,
13.213366,0.001000,0.001000,5.130704,
13.234514,0.001000,0.001000,5.126884,
13.254778,0.001000,0.001000,5.119522,
13.268575,0.001000,0.001000,5.110891,
13.288156,0.001000,0.001000,5.107480,
13.305118,0.001000,0.001000,5.098873,
13.317185,0.001000,0.001000,5.094386,
13.332106,0.001000,0.001000,5.089953,
13.351413,0.001000,0.001000,5.085075,
13.375877,0.001000,0.001000,5.078368,
13.387440,0.001000,0.001000,5.069342,
13.405267,0.001000,0.001000,5.065189,
13.427914,0.001000,0.001000,5.059418,
13.439266,0.001000,0.001000,5.051448,
13.462331,0.001000,0.001000,5.047054,
13.480804,0.001000,0.001000,5.039318,
13.495228,0.001000,0.001000,5.032501,
13.518843,0.001000,0.001000,5.027752,
13.529377,0.001000,0.001000,5.019174,
13.565742,0.001000,0.001000,5.015416,
13.575364,0.001000,0.001000,5.002950,
13.592079,0.001000,0.001000,4.999149,
13.606495,0.001000,0.001000,4.992628,
13.628596,0.001000,0.001000,4.988586,
13.648121,0.001000,0.001000,4.980904,
13.665597,0.001000,0.001000,4.973558,
13.675789,0.001000,0.001000,4.967928,
13.695597,0.001000,0.001000,4.963952,
13.712259,0.001000,0.001000,4.957380,
13.728660,0.001000,0.001000,4.951200,
13.750073,0.001000,0.001000,4.945761,
13.769463,0.001000,0.001000,4.937773,
13.789426,0.001000,0.001000,4.931518,
13.805929,0.001000,0.001000,4.923994,
13.815790,0.001000,0.001000,4.918631,
13.837622,0.001000,0.001000,4.914754,
13.854810,0.001000,0.001000,4.907120,
13.875521,0.001000,0.001000,4.900985,
13.888387,0.001000,0.001000,4.893946,
13.908799,0.001000,0.001000,4.889220,
13.931672,0.001000,0.001000,4.882686,
13.945483,0.001000,0.001000,4.873291,
13.967740,0.001000,0.001000,4.869705,
13.983667,0.001000,0.001000,4.861935,
13.998042,0.001000,0.001000,4.856090,
14.019835,0.001000,0.001000,4.851413,
14.031593,0.001000,0.001000,4.843838,
14.053598,0.001000,0.001000,4.839259,
14.073435,0.001000,0.001000,4.832010,
14.087142,0.001000,0.001000,4.823731,
14.111837,0.001000,0.001000,4.820124,
14.133070,0.001000,0.001000,4.811081,
14.142840,0.001000,0.001000,4.804178,
14.163126,0.001000,0.001000,4.800095,
14.180178,0.001000,0.001000,4.793686,
14.199304,0.001000,0.001000,4.787428,
14.213414,0.001000,0.001000,4.781125,
14.234284,0.001000,0.001000,4.775678,
14.246569,0.001000,0.001000,4.768893,
14.272105,0.001000,0.001000,4.764038,
14.292967,0.001000,0.001000,4.755654,
14.309282,0.001000,0.001000,4.748003,
14.321307,0.001000,0.001000,4.742725,
14.344690,0.001000,0.001000,4.738071,
14.354488,0.001000,0.001000,4.730383,
14.379867,0.001000,0.001000,4.726509,
14.401364,0.001000,0.001000,4.718017,
14.416244,0.001000,0.001000,4.710225,
14.428493,0.001000,0.001000,4.705427,
14.455715,0.001000,0.001000,4.700257,
14.465331,0.001000,0.001000,4.691551,
14.485781,0.001000,0.001000,4.687594,
14.501225,0.001000,0.001000,4.681182,
14.521768,0.001000,0.001000,4.674824,
14.544883,0.001000,0.001000,4.668582,
14.565619,0.001000,0.001000,4.659179,
14.584202,0.001000,0.001000,4.653238,
14.601938,0.001000,0.001000,4.645608,
14.612766,0.001000,0.001000,4.640533,
14.633566,0.001000,0.001000,4.636544,
14.651294,0.001000,0.001000,4.629510,
14.664594,0.001000,0.001000,4.623153,
14.682745,0.001000,0.001000,4.618898,
14.701362,0.001000,0.001000,4.612224,
14.728458,0.001000,0.001000,4.606154,
14.741886,0.001000,0.001000,4.595543,
14.762534,0.001000,0.001000,4.591945,
14.781710,0.001000,0.001000,4.584829,
14.798248,0.001000,0.001000,4.576582,
14.823596,0.001000,0.001000,4.572378,
14.836255,0.001000,0.001000,4.563193,
14.852272,0.001000,0.001000,4.558837,
14.861749,0.001000,0.001000,4.553682,
14.881795,0.001000,0.001000,4.549978,
14.902578,0.001000,0.001000,4.543401,
14.929720,0.001000,0.001000,4.536060,
14.944975,0.001000,0.001000,4.525303,
14.954761,0.001000,0.001000,4.521346,
14.970652,0.001000,0.001000,4.517606,
14.996258,0.001000,0.001000,4.512430,
15.005765,0.001000,0.001000,4.503666,
15.029184,0.001000,0.001000,4.499981,
15.045127,0.001000,0.001000,4.492152,
15.062011,0.001000,0.001000,4.486320,
15.083868,0.001000,0.001000,4.480848,
15.097328,0.001000,0.001000,4.471957,
15.120445,0.001000,0.001000,4.468556,
15.129723,0.001000,0.001000,4.460549,
15.158451,0.001000,0.001000,4.456995,
15.173416,0.001000,0.001000,4.447349,
15.187328,0.001000,0.001000,4.441858,
15.205165,0.001000,0.001000,4.437429,
15.222929,0.001000,0.001000,4.430741,
15.253845,0.001000,0.001000,4.425004,
15.270112,0.001000,0.001000,4.413866,
15.280549,0.001000,0.001000,4.408743,
15.302664,0.001000,0.001000,4.404770,
15.320258,0.001000,0.001000,4.397394,
15.337156,0.001000,0.001000,4.390646,
15.347140,0.001000,0.001000,4.385494,
15.368722,0.001000,0.001000,4.381542,
15.389795,0.001000,0.001000,4.374618,
15.407074,0.001000,0.001000,4.366775,
15.429448,0.001000,0.001000,4.361296,
15.443476,0.001000,0.001000,4.352284,
15.463427,0.001000,0.001000,4.348606,
15.473042,0.001000,0.001000,4.341774,
15.494590,0.001000,0.001000,4.338062,
15.515673,0.001000,0.001000,4.331097,
15.529183,0.001000,0.001000,4.322764,
15.551645,0.001000,0.001000,4.319123,
15.574280,0.001000,0.001000,4.311281,
15.586158,0.001000,0.001000,4.303493,
15.601931,0.001000,0.001000,4.298985,
15.626227,0.001000,0.001000,4.294041,
15.645109,0.001000,0.001000,4.285161,
15.654656,0.001000,0.001000,4.279085,
15.677755,0.001000,0.001000,4.275455,
15.688369,0.001000,0.001000,4.267859,
15.711629,0.001000,0.001000,4.263672,
15.729819,0.001000,0.001000,4.256139,
15.745228,0.001000,0.001000,4.249525,
15.768999,0.001000,0.001000,4.244506,
15.779105,0.001000,0.001000,4.236281,
15.801348,0.001000,0.001000,4.232421,
15.813684,0.001000,0.001000,4.225154,
15.835837,0.001000,0.001000,4.220537,
15.859239,0.001000,0.001000,4.213241,
15.875301,0.001000,0.001000,4.204801,
15.885844,0.001000,0.001000,4.199752,
15.906849,0.001000,0.001000,4.195710,
15.928961,0.001000,0.001000,4.188702,
15.942189,0.001000,0.001000,4.180834,
15.960916,0.001000,0.001000,4.176592,
15.980121,0.001000,0.001000,4.169873,
16.003885,0.001000,0.001000,4.163528,
16.020560,0.001000,0.001000,4.154940,
16.030337,0.001000,0.001000,4.149703,
16.050000,0.001000,0.001000,4.145873,
16.067813,0.001000,0.001000,4.139550,
16.101959,0.001000,0.001000,4.132231,
16.117535,0.001000,0.001000,4.120506,
16.127544,0.001000,0.001000,4.116261,
16.152264,0.001000,0.001000,4.112038,
16.161756,0.001000,0.001000,4.104424,
16.191280,0.001000,0.001000,4.100874,
16.208141,0.001000,0.001000,4.090471,
16.218517,0.001000,0.001000,4.085068,
16.235055,0.001000,0.001000,4.080759,
16.250584,0.001000,0.001000,4.075478,
16.262113,0.001000,0.001000,4.070498,
16.285994,0.001000,0.001000,4.066170,
16.308229,0.001000,0.001000,4.058346,
16.325094,0.001000,0.001000,4.050364,
16.344997,0.001000,0.001000,4.044907,
16.360845,0.001000,0.001000,4.037757,
16.370974,0.001000,0.001000,4.032736,
16.397288,0.001000,0.001000,4.028679,
16.424016,0.001000,0.001000,4.020026,
16.440193,0.001000,0.001000,4.010465,
16.450276,0.001000,0.001000,4.005440,
16.475612,0.001000,0.001000,4.001488,
16.485650,0.001000,0.001000,3.993237,
16.501537,0.001000,0.001000,3.989355,
16.522454,0.001000,0.001000,3.984380,
16.536477,0.001000,0.001000,3.975682,
16.555171,0.001000,0.001000,3.972339,
16.583701,0.001000,0.001000,3.965623,
16.594049,0.001000,0.001000,3.956223,
16.612580,0.001000,0.001000,3.952120,
16.626123,0.001000,0.001000,3.946309,
16.646574,0.001000,0.001000,3.941264,
16.664846,0.001000,0.001000,3.934546,
16.685561,0.001000,0.001000,3.928107,
16.698733,0.001000,0.001000,3.921272,
16.717596,0.001000,0.001000,3.916482,
16.744846,0.001000,0.001000,3.910380,
16.755009,0.001000,0.001000,3.900977,
16.776253,0.001000,0.001000,3.896483,
16.802194,0.001000,0.001000,3.890306,
16.818857,0.001000,0.001000,3.880848,
16.830433,0.001000,0.001000,3.875657,
16.843657,0.001000,0.001000,3.871377,
16.858425,0.001000,0.001000,3.866041,
16.888353,0.001000,0.001000,3.862052,
16.898879,0.001000,0.001000,3.851739,
16.916334,0.001000,0.001000,3.847912,
16.943425,0.001000,0.001000,3.842262,
16.957134,0.001000,0.001000,3.831892,
16.979511,0.601000,0.601000,3.830790,
16.993781,1.201000,1.201000,3.833883,
17.011447,1.801000,1.801000,3.839549,
17.021513,2.401000,2.401000,3.849814,
17.040074,3.001000,3.001000,3.859846,
17.061824,3.601000,3.601000,3.878348,
17.078572,4.201000,4.201000,3.909046,
17.088696,4.801000,4.801000,3.933416,
17.114840,5.401000,5.401000,3.954331,
17.126296,6.000999,5.612390,4.000951,
17.149265,6.600999,5.431665,4.023747,
17.174465,7.200999,5.595647,4.064985,
17.199356,7.800999,5.456548,4.113129,
17.214614,8.400999,5.587189,4.165045,
17.224486,9.000999,5.479666,4.186895,
17.247278,9.601000,5.578021,4.206676,
17.262099,10.201000,5.494254,4.248218,
17.275956,10.801001,5.574553,4.282957,
17.293537,11.401001,5.509196,4.301198,
17.325446,12.001001,5.569540,4.333951,
17.335672,12.601002,5.521545,4.393269,
17.352218,13.201002,5.572879,4.414697,
17.362198,13.801003,5.531182,4.444064,
17.380474,14.401003,5.572274,4.464681,
17.399399,15.001003,5.539495,4.496074,
17.421194,15.601004,5.573044,4.533765,
17.438508,16.201004,5.549578,4.573157,
17.454321,16.801004,5.576179,4.607385,
17.473754,17.401005,5.558310,4.634593,
17.494541,18.001005,5.578104,4.673851,
17.510906,18.601006,5.566991,4.712228,
17.525499,19.201006,5.582622,4.743063,
17.548568,19.801006,5.573859,4.768029,
17.561039,20.000000,5.585349,4.811522,
17.582461,20.000000,5.582177,4.839062,
17.602889,20.000000,5.589218,4.875660,
17.616740,20.000000,5.588844,4.920157,
17.638530,20.000000,5.596115,4.939944,
17.658681,20.000000,5.592937,4.981513,
17.674810,20.000000,5.602172,5.020824,
17.685279,20.000000,5.600376,5.049617,
17.714401,20.000000,5.606426,5.071844,
17.724115,20.000000,5.604711,5.124113,
17.744138,20.000000,5.614368,5.147531,
17.768363,20.000000,5.609767,5.180535,
17.786811,20.000000,5.618879,5.230257,
17.796689,20.000000,5.618892,5.261257,
17.817378,20.000000,5.623748,5.282906,
17.829175,20.000000,5.623007,5.318878,
17.852699,20.000000,5.629290,5.345282,
17.872042,20.000000,5.628094,5.385378,
17.887377,20.000000,5.635416,5.425127,
17.915571,20.000000,5.635454,5.451160,
17.929317,20.000000,5.639521,5.511528,
17.944788,20.000000,5.645586,5.531642,
17.960347,20.000000,5.643628,5.567771,
17.983580,20.000000,5.650980,5.589924,
17.999617,20.000000,5.648269,5.635241,
18.014465,20.000000,5.657708,5.666407,
18.028868,20.000000,5.654682,5.692468,
18.051960,20.000000,5.661347,5.722483,
18.075082,20.000000,5.660490,5.764107,
18.089363,20.000000,5.667792,5.814894,
18.113891,20.000000,5.669708,5.836440,
18.126152,20.000000,5.671517,5.882355,
18.138900,20.000000,5.677279,5.907331,
18.155220,20.000000,5.676426,5.938429,
18.186350,20.000000,5.682070,5.961450,
18.196905,20.000000,5.681017,6.021864,
18.227530,20.000000,5.691484,6.042187,
18.242643,20.000000,5.686010,6.105837,
18.254072,20.000000,5.700672,6.127648,
18.269052,20.000000,5.691985,6.151563,
18.279515,20.000000,5.702988,6.178249,
18.305274,20.000000,5.698128,6.200230,
18.324710,20.000000,5.705649,6.247470,
18.337561,20.000000,5.706962,6.291443,
18.358031,20.000000,5.712889,6.310903,
18.384337,20.000000,5.711110,6.349372,
18.404152,20.000000,5.718714,6.401730,
18.414990,20.000000,5.720825,6.437893,
18.430083,20.000000,5.724872,6.460065,
18.461033,20.000000,5.725099,6.486862,
18.471663,20.000000,5.729199,6.547299,
18.488076,20.000000,5.735517,6.569593,
18.497989,20.000000,5.733928,6.599097,
18.514539,20.000000,5.739952,6.620644,
18.542996,20.000000,5.738494,6.650025,
18.561408,20.000000,5.744393,6.704487,
18.576000,20.000000,5.748331,6.745857,
18.595138,20.000000,5.751775,6.768937,
18.604895,20.000000,5.752689,6.804717,
18.626918,20.000000,5.757699,6.825503,
18.647395,20.000000,5.756985,6.866351,
18.660186,20.000000,5.764133,6.911640,
18.680327,20.000000,5.765650,6.930577,
18.692606,20.000000,5.767477,6.968946,
18.714339,20.000000,5.772187,6.995116,
18.734989,20.000000,5.772614,7.034845,
18.749577,20.000000,5.778678,7.074474,
18.769751,20.000000,5.780205,7.106982,
18.793555,20.000000,5.784230,7.142215,
18.807566,20.000000,5.786698,7.190146,
18.825587,20.000000,5.792472,7.215376,
18.842575,20.000000,5.791941,7.252295,
18.861817,20.000000,5.798340,7.283163,
18.878520,20.000000,5.798238,7.322605,
18.904492,20.000000,5.804709,7.352958,
18.915078,20.000000,5.804485,7.403933,
18.934431,20.000000,5.812930,7.426835,
18.960247,20.000000,5.809951,7.461321,
18.969766,20.000000,5.817910,7.511556,
18.991095,20.000000,5.819776,7.532710,
19.008091,20.000000,5.821741,7.573665,
19.025648,20.000000,5.826852,7.606618,
19.042112,20.000000,5.828187,7.639672,
19.055538,20.000000,5.832518,7.678248,
19.078826,20.000000,5.835398,7.697720,
19.097569,20.000000,5.836311,7.742429,
19.115393,20.000000,5.842885,7.781815,
19.143770,20.000000,5.844163,7.814455,
19.157026,20.000000,5.848492,7.876227,
19.179473,20.000000,5.855202,7.896546,
19.192798,20.000000,5.853293,7.945995,
19.213277,20.000000,5.862868,7.965190,
19.223640,20.000000,5.858563,8.006889,
19.239560,20.000000,5.868735,8.032528,
19.249923,20.000000,5.865043,8.056265,
19.272406,20.000000,5.871796,8.079353,
19.294306,20.000000,5.870351,8.120987,
19.308532,20.000000,5.878298,8.166409,
19.328959,20.000000,5.879614,8.191605,
19.344263,20.000000,5.882738,8.237902,
19.367222,20.000000,5.887939,8.262402,
19.394071,20.000000,5.887965,8.306334,
19.411744,20.000000,5.895172,8.361345,
19.423370,20.000000,5.898699,8.394496,
19.442864,20.000000,5.901460,8.420480,
19.452853,20.000000,5.903631,8.456008,
19.472300,20.000000,5.907831,8.478505,
19.483568,20.000000,5.908336,8.513752,
19.506563,20.000000,5.913769,8.537381,
19.528092,20.000000,5.913533,8.581147,
19.556107,20.000000,5.920944,8.622678,
19.573515,20.000000,5.922180,8.688726,
19.583814,20.000000,5.932170,8.713644,
19.604727,20.000000,5.928735,8.735483,
19.626110,20.000000,5.934952,8.774661,
19.636130,20.000000,5.936749,8.816622,
19.654303,20.000000,5.942353,8.837521,
19.671558,20.000000,5.941599,8.873637,
19.686212,20.000000,5.948162,8.914697,
19.708081,20.000000,5.950050,8.936510,
19.726867,20.000000,5.952259,8.978215,
19.739477,20.000000,5.957538,9.021729,
19.760071,20.000000,5.960826,9.042616,
19.774975,20.000000,5.961845,9.081854,
19.796105,20.000000,5.967619,9.112825,
19.819324,20.000000,5.968474,9.152797,
19.833864,20.000000,5.974503,9.200862,
19.853875,20.000000,5.978039,9.227187,
19.871678,20.000000,5.979809,9.269350,
19.881259,20.000000,5.985540,9.302138,
19.903287,20.000000,5.986776,9.323305,
19.919690,20.000000,5.989402,9.367052,
19.947645,20.000000,5.994781,9.407814,
19.961017,20.000000,5.997637,9.458847,
19.982146,20.000000,6.004084,9.480974,
20.004134,20.000000,6.003053,9.521338,
20.017231,20.000000,6.010581,9.572878,
20.034127,20.000000,6.013711,9.593232,
20.043288,20.000000,6.014838,9.624842,
20.068613,20.000000,6.019325,9.645154,
20.094405,20.000000,6.019460,9.693984,
20.104519,20.000000,6.027574,9.745539,
20.120832,20.000000,6.030340,9.768113,
20.136322,20.000000,6.032131,9.797729,
20.156618,20.000000,6.035820,9.831000,
20.173534,20.000000,6.038751,9.869919,
20.192267,20.000000,6.043192,9.905979,
20.224722,20.000000,6.046065,9.940600,
20.240817,20.000000,6.049835,10.008907,
20.255524,20.000000,6.058658,10.043680,
20.265255,20.000000,6.058189,10.067268,
20.283418,20.000000,6.062519,10.089327,
20.306291,20.000000,6.063144,10.123585,
20.320008,20.000000,6.068498,10.172207,
20.335680,20.000000,6.072902,10.203271,
20.351123,20.000000,6.075021,10.227398,
20.372716,20.000000,6.077601,10.261291,
20.391001,20.000000,6.081513,10.301910,
20.407253,20.000000,6.085625,10.341826,
20.435957,20.000000,6.089484,10.371745,
20.446137,20.000000,6.091830,10.429000,
20.467498,20.000000,6.099909,10.452275,
20.477491,20.000000,6.098151,10.491964,
20.500017,20.000000,6.106158,10.514970,
20.516436,20.000000,6.104423,10.558841,
20.534894,20.000000,6.113131,10.592456,
20.565527,20.000000,6.112734,10.627630,
20.576150,20.000000,6.119021,10.689245,
20.591566,20.000000,6.125134,10.713562,
20.605075,20.000000,6.125008,10.748925,
20.628671,20.000000,6.131148,10.769940,
20.650684,20.000000,6.130452,10.816981,
20.665262,20.000000,6.138996,10.870259,
20.685601,20.000000,6.142173,10.891102,
20.694902,20.000000,6.143538,10.931545,
20.724526,20.000000,6.149530,10.953296,
20.738544,20.000000,6.149105,11.011529,
20.754884,20.000000,6.159405,11.041447,
20.777662,20.000000,6.157423,11.073441,
20.787359,20.000000,6.164298,11.117734,
20.805658,20.000000,6.167179,11.141308,
20.818874,20.000000,6.169254,11.174442,
20.840403,20.000000,6.173536,11.203613,
20.863672,20.000000,6.175623,11.244733,
20.881797,20.000000,6.181284,11.294735,
20.891586,20.000000,6.186037,11.328682,
20.918229,20.000000,6.188652,11.350438,
20.928067,20.000000,6.190627,11.402175,
20.950522,20.000000,6.198227,11.425107,
20.972284,20.000000,6.197019,11.467990,
20.990608,20.000000,6.205266,11.516147,
21.000277,20.000000,6.208011,11.549406,
21.017426,20.000000,6.211918,11.571744,
21.046721,20.000000,6.213149,11.603889,
21.060707,20.000000,6.217896,11.671260,
21.083289,20.000000,6.226392,11.692142,
21.093440,20.000000,6.224299,11.738572,
21.111776,20.000000,6.233783,11.761018,
21.132749,20.000000,6.231319,11.795996,
21.142125,20.000000,6.239063,11.838692,
21.163755,20.000000,6.241314,11.860785,
21.178075,20.000000,6.243660,11.902555,
21.208149,20.000000,6.249378,11.938857,
21.221306,20.000000,6.251900,11.998643,
21.262641,20.000000,6.260663,12.019175,
21.273689,20.000000,6.258429,12.104399,
21.290589,20.000000,6.274815,12.128656,
21.300091,20.000000,6.268224,12.161246,
21.319574,20.000000,6.278289,12.183383,
21.335445,20.000000,6.275527,12.228040,
21.344810,20.000000,6.285179,12.252813,
21.364837,20.000000,6.283175,12.274547,
21.381579,20.000000,6.288308,12.315251,
21.409437,20.000000,6.292087,12.355245,
21.421711,20.000000,6.296639,12.408487,
21.444379,20.000000,6.303025,12.429293,
21.454263,20.000000,6.302517,12.475814,
21.471182,20.000000,6.311041,12.498595,
21.483999,20.000000,6.309505,12.530756,
21.505965,20.000000,6.316174,12.559124,
21.528865,20.000000,6.316846,12.602525,
21.538734,20.000000,6.324070,12.649532,
21.559182,20.000000,6.327696,12.674415,
21.592788,20.000000,6.329751,12.711301,
21.601943,20.000000,6.334947,12.780525,
21.628081,20.000000,6.343849,12.801218,
21.641537,20.000000,6.341793,12.860672,
21.660176,20.000000,6.353648,12.881641,
21.676780,20.000000,6.349776,12.921120,
21.687793,20.000000,6.359258,12.953960,
21.709913,20.000000,6.359034,12.979759,
21.719241,20.000000,6.363761,13.021799,
21.739858,20.000000,6.368223,13.045897,
21.767386,20.000000,6.369672,13.083725,
21.782410,20.000000,6.375483,13.151202,
21.800917,20.000000,6.383816,13.172944,
21.814542,20.000000,6.382423,13.217589,
21.836901,20.000000,6.391265,13.238199,
21.847276,20.000000,6.389369,13.284439,
21.867254,20.000000,6.398818,13.311264,
21.879379,20.000000,6.397672,13.346254,
21.901969,20.000000,6.404646,13.374722,
21.924464,20.000000,6.405367,13.418213,
21.939987,20.000000,6.412699,13.466986,
21.954260,20.000000,6.416854,13.497620,
21.983427,20.000000,6.419755,13.529950,
21.994863,20.000000,6.423747,13.587413,
22.011597,20.000000,6.431577,13.613498,
22.024008,20.000000,6.431407,13.645137,
22.055333,20.000000,6.437198,13.673192,
22.066203,20.000000,6.438661,13.737604,
22.081175,20.000000,6.449344,13.761137,
22.094260,20.000000,6.447002,13.789688,
22.117846,9.000000,6.453587,13.819674,
22.134193,9.000000,6.454946,13.867653,
22.149271,0.000000,0.000000,13.858169,
22.171070,0.000000,0.000000,13.852128,
22.191241,0.000000,0.000000,13.841336,
22.204562,0.000000,0.000000,13.829366,
22.225367,0.000000,0.000000,13.824404,
22.242070,9.000000,9.000000,13.887424,
22.286352,9.000000,4.908792,13.913285,
22.296858,0.000000,0.000000,13.891306,
22.309245,9.000000,9.000000,13.925662,
22.322282,9.000000,4.918408,13.947038,
22.341088,9.000000,7.414862,13.972724,
22.355268,0.000000,0.000000,13.961797,
22.380308,0.000000,0.000000,13.956055,
22.390533,0.000000,0.000000,13.943634,
22.406133,9.000000,9.000000,13.978671,
22.419627,9.000000,4.931737,13.999838,
22.444178,9.000000,7.414002,14.035072,
22.464608,9.000000,5.909986,14.078473,
22.479339,9.000000,6.831385,14.126305,
22.500924,0.000000,0.000000,14.119379,
22.514423,0.000000,0.000000,14.106524,
22.534293,9.000000,9.000000,14.137337,
22.551053,0.000000,0.000000,14.127335,
22.568386,0.000000,0.000000,14.118112,
22.584178,0.000000,0.000000,14.109926,
22.603413,0.000000,0.000000,14.101601,
22.621518,0.000000,0.000000,14.092280,
22.640674,0.000000,0.000000,14.082357,
22.661631,0.000000,0.000000,14.073286,
22.671313,0.000000,0.000000,14.062654,
22.694969,0.000000,0.000000,14.056864,
22.714411,0.000000,0.000000,14.045539,
22.728642,0.000000,0.000000,14.033791,
22.757202,0.000000,0.000000,14.028832,
22.774189,0.000000,0.000000,14.013345,
22.788642,0.000000,0.000000,14.003508,
22.805417,0.000000,0.000000,13.997860,
22.827057,0.000000,0.000000,13.990054,
22.845257,0.000000,0.000000,13.978874,
22.864146,0.000000,0.000000,13.969938,
22.878800,0.000000,0.000000,13.958314,
22.900848,0.000000,0.000000,13.952950,
22.910470,0.000000,0.000000,13.941971,
22.931937,0.000000,0.000000,13.936426,
22.956037,0.000000,0.000000,13.926268,
22.966156,0.000000,0.000000,13.913884,
22.982833,0.000000,0.000000,13.908220,
22.996010,0.000000,0.000000,13.900712,
23.018937,9.000000,9.000000,13.945029,
23.038258,0.000000,0.000000,13.934074,
23.052797,0.000000,0.000000,13.923621,
23.075889,9.000000,9.000000,13.964110,
23.085590,9.000000,4.928076,13.997936,
23.109875,9.000000,7.415970,14.024724,
23.129494,9.000000,5.906646,14.067567,
23.142526,9.000000,6.831611,14.118652,
23.166842,0.000000,0.000000,14.113560,
23.185460,0.000000,0.000000,14.101344,
23.205454,9.000000,9.000000,14.158244,
23.221256,9.000000,4.976893,14.194463,
23.244562,0.000000,0.000000,14.188648,
23.254600,9.000000,9.000000,14.259981,
23.298764,9.000000,5.002475,14.277183,
23.309726,9.000000,7.409698,14.382503,
23.324900,0.000000,0.000000,14.376481,
23.335029,9.000000,9.000000,14.419766,
23.346471,0.000000,0.000000,14.413773,
23.361210,0.000000,0.000000,14.408071,
23.387542,0.000000,0.000000,14.401050,
23.404011,0.000000,0.000000,14.386847,
23.414176,9.000000,9.000000,14.433536,
23.439761,0.000000,0.000000,14.427385,
23.457138,9.000000,9.000000,14.505183,
23.471474,9.000000,5.064134,14.535760,
23.488860,9.000000,7.409222,14.560899,
23.510090,0.000000,0.000000,14.551958,
23.524378,0.000000,0.000000,14.538989,
23.543946,0.000000,0.000000,14.533046,
23.553373,9.000000,9.000000,14.590097,
23.575801,9.000000,5.085486,14.606045,
23.596686,9.000000,7.406528,14.658125,
23.606162,9.000000,6.043463,14.697612,
23.629187,9.000000,6.854956,14.723428,
23.652578,9.000000,6.381647,14.765553,
23.668301,9.000000,6.667761,14.817800,
23.697210,9.000000,6.509417,14.848468,
23.711269,9.000000,6.607783,14.918863,
23.733816,0.000000,0.000000,14.913663,
23.750714,0.000000,0.000000,14.900187,
23.760579,9.000000,9.000000,14.942743,
23.783579,0.000000,0.000000,14.937030,
23.792837,0.000000,0.000000,14.925494,
23.813992,0.000000,0.000000,14.919260,
23.828879,0.000000,0.000000,14.908848,
23.852187,0.000000,0.000000,14.901504,
23.868332,0.000000,0.000000,14.888476,
23.879931,9.000000,9.000000,14.933515,
23.902841,0.000000,0.000000,14.926378,
23.919445,0.000000,0.000000,14.914596,
23.936341,0.000000,0.000000,14.905874,
23.953898,0.000000,0.000000,14.897357,
23.968378,0.000000,0.000000,14.886244,
23.993738,0.000000,0.000000,14.880392,
24.011631,0.000000,0.000000,14.866441,
24.025567,0.000000,0.000000,14.857265,
24.046014,0.000000,0.000000,14.850125,
24.058037,0.000000,0.000000,14.839685,
24.081715,0.000000,0.000000,14.832771,
24.096170,0.000000,0.000000,14.820956,
24.116879,0.000000,0.000000,14.812703,
24.137449,0.000000,0.000000,14.802348,
24.152311,0.000000,0.000000,14.790875,
24.170242,0.000000,0.000000,14.783639,
24.188406,0.000000,0.000000,14.773724,
24.211789,0.000000,0.000000,14.764785,
24.225345,0.000000,0.000000,14.750598,
24.246933,9.000000,9.000000,14.781690,
24.271126,9.000000,5.133664,14.814765,
24.282049,9.000000,7.407948,14.872630,
24.295806,0.000000,0.000000,14.866328,
24.327326,0.000000,0.000000,14.858670,
24.342732,0.000000,0.000000,14.842468,
24.352243,9.000000,9.000000,14.886536,
24.366828,9.000000,5.160029,14.902856,
24.380060,0.000000,0.000000,14.895620,
24.402880,9.000000,9.000000,14.939647,
24.421415,9.000000,5.173384,14.972758,
24.438138,9.000000,7.407507,15.021344,
24.465769,0.000000,0.000000,15.013278,
24.481441,9.000000,9.000000,15.110181,
24.504153,0.000000,0.000000,15.103709,
24.514134,0.000000,0.000000,15.091769,
24.546146,0.000000,0.000000,15.083771,
24.559741,0.000000,0.000000,15.067679,
24.571784,9.000000,9.000000,15.099517,
24.586979,0.000000,0.000000,15.090972,
24.603170,9.000000,9.000000,15.125227,
24.628015,9.000000,5.220050,15.151808,
24.640749,9.000000,7.406477,15.209791,
24.658118,0.000000,0.000000,15.202780,
24.676691,9.000000,9.000000,15.255352,
24.689789,9.000000,5.252771,15.289216,
24.712690,9.000000,7.407774,15.313097,
24.736573,9.000000,6.178288,15.357649,
24.754904,9.000000,6.889433,15.420018,
24.781310,9.000000,6.495440,15.448164,
24.790476,9.000000,6.724795,15.504174,
24.803079,9.000000,6.604958,15.525730,
24.822149,9.000000,6.676861,15.553999,
24.843814,9.000000,6.641423,15.592540,
24.857901,9.000000,6.668612,15.644912,
24.875638,0.000000,0.000000,15.639154,
24.889403,0.000000,0.000000,15.627770,
24.920347,9.000000,9.000000,15.660064,
24.931380,0.000000,0.000000,15.643117,
24.946444,9.000000,9.000000,15.679622,
24.956152,9.000000,5.359458,15.701553,
24.978316,0.000000,0.000000,15.695530,
25.001129,9.000000,9.000000,15.759743,
25.014050,9.000000,5.379605,15.797108,
25.035783,9.000000,7.411460,15.830335,
25.056850,0.000000,0.000000,15.819209,
25.072581,0.000000,0.000000,15.805515,
25.095082,0.000000,0.000000,15.798459,
25.110802,9.000000,9.000000,15.867540,
25.125357,0.000000,0.000000,15.857285,
25.144243,0.000000,0.000000,15.850869,
25.173919,0.000000,0.000000,15.840533,
25.185175,0.000000,0.000000,15.824083,
25.199950,0.000000,0.000000,15.817209,
25.212799,0.000000,0.000000,15.807941,
25.234737,0.000000,0.000000,15.802561,
25.250935,0.000000,0.000000,15.790575,
25.266632,0.000000,0.000000,15.780960,
25.289942,0.000000,0.000000,15.773058,
25.318947,0.000000,0.000000,15.759966,
25.337922,0.000000,0.000000,15.742602,
25.347248,0.000000,0.000000,15.733683,
25.363329,0.000000,0.000000,15.727853,
25.378685,0.000000,0.000000,15.717609,
25.397353,9.000000,9.000000,15.755017,
25.417913,9.000000,5.378417,15.783551,
25.430764,9.000000,7.410087,15.842153,
25.447868,0.000000,0.000000,15.836702,
25.469525,0.000000,0.000000,15.827586,
25.487778,0.000000,0.000000,15.815199,
25.513347,9.000000,9.000000,15.868739,
25.523678,0.000000,0.000000,15.854545,
25.540177,0.000000,0.000000,15.848257,
25.565205,0.000000,0.000000,15.839148,
25.578180,0.000000,0.000000,15.824122,
25.599977,9.000000,9.000000,15.854490,
25.619149,0.000000,0.000000,15.842443,
25.636565,0.000000,0.000000,15.831007,
25.647534,0.000000,0.000000,15.822085,
25.666107,0.000000,0.000000,15.814935,
25.676530,0.000000,0.000000,15.805882,
25.698516,0.000000,0.000000,15.798863,
25.717021,0.000000,0.000000,15.787914,
25.733000,0.000000,0.000000,15.775537,
25.758924,0.000000,0.000000,15.768810,
25.776644,0.000000,0.000000,15.754603,
25.790802,9.000000,9.000000,15.811552,
25.813902,0.000000,0.000000,15.804149,
25.823709,0.000000,0.000000,15.791484,
25.845399,9.000000,9.000000,15.825533,
25.870683,0.000000,0.000000,15.814109,
25.886517,0.000000,0.000000,15.799715,
25.896416,9.000000,9.000000,15.845193,
25.919195,9.000000,5.401092,15.862693,
25.938903,0.000000,0.000000,15.850815,
25.955093,9.000000,9.000000,15.916176,
25.983738,9.000000,5.418942,15.940065,
25.999826,9.000000,7.411130,16.016775,
26.009683,0.000000,0.000000,16.009776,
26.026577,9.000000,9.000000,16.043165,
26.044979,9.000000,5.450874,16.068713,
26.064940,9.000000,7.413012,16.115710,
26.075581,9.000000,6.341528,16.152317,
26.101394,9.000000,6.937039,16.179381,
26.118887,9.000000,6.615524,16.230054,
26.136678,0.000000,0.000000,16.219574,
26.166206,9.000000,9.000000,16.270540,
26.176118,9.000000,5.508050,16.318903,
26.194712,9.000000,7.420009,16.345893,
26.212094,0.000000,0.000000,16.334057,
26.237779,0.000000,0.000000,16.326052,
26.247788,0.000000,0.000000,16.311677,
26.263658,0.000000,0.000000,16.305425,
26.273450,0.000000,0.000000,16.297042,
26.298329,0.000000,0.000000,16.289820,
26.317773,0.000000,0.000000,16.277358,
26.328161,0.000000,0.000000,16.265633,
26.354848,0.000000,0.000000,16.260038,
26.365516,0.000000,0.000000,16.245450,
26.392768,9.000000,9.000000,16.282548,
26.402066,0.000000,0.000000,16.267844,
26.419372,0.000000,0.000000,16.262002,
26.434774,0.000000,0.000000,16.252938,
26.459892,0.000000,0.000000,16.243232,
26.477415,0.000000,0.000000,16.229914,
26.493637,0.000000,0.000000,16.219390,
26.519015,0.000000,0.000000,16.210708,
26.528817,0.000000,0.000000,16.196639,
26.548555,9.000000,9.000000,16.231158,
26.571330,9.000000,5.498147,16.261406,
26.580850,9.000000,7.416564,16.315359,
26.600874,0.000000,0.000000,16.309185,
26.618973,0.000000,0.000000,16.298569,
26.634574,0.000000,0.000000,16.287688,
26.659715,9.000000,9.000000,16.332295,
26.672917,0.000000,0.000000,16.316049,
26.693511,0.000000,0.000000,16.310360,
26.703846,0.000000,0.000000,16.299011,
26.729091,0.000000,0.000000,16.292349,
26.751472,9.000000,9.000000,16.364956,
26.771015,0.000000,0.000000,16.350132,
26.794688,0.000000,0.000000,16.340970,
26.804942,0.000000,0.000000,16.327479,
26.820548,0.000000,0.000000,16.320875,
26.830695,0.000000,0.000000,16.313129,
26.848392,0.000000,0.000000,16.306363,
26.866258,0.000000,0.000000,16.297143,
26.900093,0.000000,0.000000,16.285177,
26.912716,0.000000,0.000000,16.266363,
26.926747,0.000000,0.000000,16.260665,
26.941778,9.000000,9.000000,16.315810,
26.965688,0.000000,0.000000,16.309582,
26.983931,0.000000,0.000000,16.296076,
26.998511,9.000000,9.000000,16.362856,
27.017629,0.000000,0.000000,16.356135,
27.028708,0.000000,0.000000,16.345999,
27.053273,9.000000,9.000000,16.382287,
27.071626,0.000000,0.000000,16.368718,
27.087959,0.000000,0.000000,16.357497,
27.113577,0.000000,0.000000,16.348798,
27.127452,0.000000,0.000000,16.332167,
27.149638,9.000000,9.000000,16.362774,
27.159271,0.000000,0.000000,16.350235,
27.177673,9.000000,9.000000,16.382963,
27.196047,9.000000,5.536320,16.411070,
27.212292,9.000000,7.418885,16.457642,
27.229134,0.000000,0.000000,16.448211,
27.246271,9.000000,9.000000,16.498085,
27.268965,9.000000,5.565268,16.524530,
27.278300,0.000000,0.000000,16.511468,
27.304062,9.000000,9.000000,16.542535,
27.317609,9.000000,5.576446,16.585450,
27.334901,9.000000,7.424328,16.622846,
27.375268,0.000000,0.000000,16.614485,
27.385558,9.000000,9.000000,16.736052,
27.398867,9.000000,5.625107,16.754345,
27.413848,9.000000,7.424760,16.786049,
27.423209,9.000000,6.474130,16.814035,
27.446740,0.000000,0.000000,16.807856,
27.463757,0.000000,0.000000,16.794270,
27.495039,0.000000,0.000000,16.782555,
27.509971,0.000000,0.000000,16.766788,
27.519568,9.000000,9.000000,16.811914,
27.541925,9.000000,5.644184,16.830003,
27.566028,0.000000,0.000000,16.817694,
27.578774,0.000000,0.000000,16.801883,
27.597605,0.000000,0.000000,16.796076,
27.612093,9.000000,9.000000,16.855606,
27.621892,0.000000,0.000000,16.847813,
27.643907,0.000000,0.000000,16.841296,
27.670546,0.000000,0.000000,16.829227,
27.686973,0.000000,0.000000,16.813129,
27.696502,9.000000,9.000000,16.859081,
27.719871,9.000000,5.656044,16.877367,
27.740709,9.000000,7.427746,16.930210,
27.756149,0.000000,0.000000,16.917246,
27.777733,0.000000,0.000000,16.908880,
27.794594,0.000000,0.000000,16.895601,
27.804566,9.000000,9.000000,16.943583,
27.827476,0.000000,0.000000,16.936998,
27.840932,0.000000,0.000000,16.924593,
27.863223,0.000000,0.000000,16.915790,
27.882628,0.000000,0.000000,16.903597,
27.898060,0.000000,0.000000,16.891764,
27.914733,0.000000,0.000000,16.883155,
27.933028,0.000000,0.000000,16.872845,
27.953053,0.000000,0.000000,16.862761,
27.967023,0.000000,0.000000,16.848519,
27.986198,0.000000,0.000000,16.842783,
28.000441,0.000000,0.000000,16.831832,
28.022048,0.000000,0.000000,16.822034,
28.041054,0.000000,0.000000,16.810757,
28.059859,0.000000,0.000000,16.798867,
28.084602,0.000000,0.000000,16.788679,
28.098765,9.000000,9.000000,16.874589,
28.121464,0.000000,0.000000,16.868601,
28.138145,0.000000,0.000000,16.855112,
28.154213,9.000000,9.000000,16.907489,
28.165026,0.000000,0.000000,16.898893,
28.188246,0.000000,0.000000,16.891524,
28.207246,9.000000,9.000000,16.956654,
28.224394,0.000000,0.000000,16.944552,
28.233797,0.000000,0.000000,16.935426,
28.256256,0.000000,0.000000,16.928561,
28.277657,0.000000,0.000000,16.916759,
28.294284,9.000000,9.000000,16.983884,
28.313123,0.000000,0.000000,16.974668,
28.326449,9.000000,9.000000,17.041511,
28.349621,9.000000,5.701918,17.058409,
28.369323,9.000000,7.432346,17.113272,
28.383449,9.000000,6.538052,17.155781,
28.399913,9.000000,7.012510,17.183627,
28.432555,9.000000,6.770931,17.220541,
28.444401,0.000000,0.000000,17.201537,
28.460188,0.000000,0.000000,17.193701,
28.474874,9.000000,9.000000,17.246456,
28.502392,9.000000,5.753453,17.266808,
28.518302,0.000000,0.000000,17.250730,
28.532434,9.000000,9.000000,17.310331,
28.549817,9.000000,5.769515,17.328286,
28.561365,9.000000,7.440471,17.368233,
28.582936,0.000000,0.000000,17.360387,
28.599883,0.000000,0.000000,17.348155,
28.614641,0.000000,0.000000,17.337474,
28.633321,0.000000,0.000000,17.329105,
28.648589,0.000000,0.000000,17.315180,
28.672971,9.000000,9.000000,17.347452,
28.695440,9.600000,5.778850,17.389113,
28.710303,10.200001,7.445477,17.443737,
28.732622,10.800001,6.599946,17.472033,
28.745685,11.400002,7.038602,17.529122,
28.767905,12.000002,6.825310,17.549514,
28.783809,12.600002,6.938029,17.598233,
28.798771,13.200003,6.890024,17.633388,
28.809436,13.800003,6.921193,17.663460,
28.834212,14.400003,6.911195,17.688900,
28.854255,15.000004,6.921171,17.740283,
28.867703,15.600004,6.926062,17.791298,
28.891484,16.200005,6.933467,17.812582,
28.900891,16.800005,6.933866,17.863472,
28.923457,17.400005,6.943525,17.889198,
28.953115,18.000006,6.943678,17.933607,
28.967748,18.600006,6.952217,18.005631,
28.980685,19.200006,6.961947,18.028638,
28.999255,19.800007,6.961587,18.058697,
29.008848,20.000000,6.967612,18.095929,
29.028664,20.000000,6.971875,18.121357,
29.054927,20.000000,6.974721,18.160411,
29.072640,20.000000,6.980926,18.228510,
29.082867,20.000000,6.991152,18.255541,
29.102828,20.000000,6.991414,18.280424,
29.118848,20.000000,6.996147,18.320651,
29.134604,20.000000,7.001695,18.365745,
29.159740,20.000000,7.007808,18.390009,
29.181708,20.000000,7.009582,18.443538,
29.197068,20.000000,7.019203,18.493937,
29.210139,20.000000,7.024424,18.524233,
29.229245,20.000000,7.027847,18.556991,
29.246543,20.000000,7.032628,18.595205,
29.261639,20.000000,7.037835,18.639779,
29.282305,20.000000,7.044098,18.665493,
29.303508,20.000000,7.046157,18.709664,
29.320782,20.000000,7.053868,18.758453,
29.333179,20.000000,7.059804,18.793328,
29.359191,20.000000,7.063858,18.822610,
29.371592,20.000000,7.067712,18.877838,
29.411805,20.000000,7.076791,18.906925,
29.424779,20.000000,7.078252,19.000054,
29.442470,20.000000,7.095980,19.021275,
29.455919,20.000000,7.091870,19.061905,
29.473666,20.000000,7.101847,19.096228,
29.483495,20.000000,7.103994,19.126879,
29.506810,20.000000,7.109076,19.150297,
29.516543,20.000000,7.111362,19.200093,
29.540071,20.000000,7.120193,19.222836,
29.549686,20.000000,7.120624,19.272015,
29.569115,20.000000,7.130208,19.295899,
29.584739,20.000000,7.130543,19.343851,
29.616796,0.000000,0.000000,19.336130,
29.627028,0.000000,0.000000,19.314655,
29.639011,0.000000,0.000000,19.307464,
29.657932,0.000000,0.000000,19.297228,
29.682335,0.000000,0.000000,19.287246,
29.692476,0.000000,0.000000,19.271405,
29.719729,0.000000,0.000000,19.263647,
29.736624,0.000000,0.000000,19.246419,
29.750277,0.000000,0.000000,19.232912,
29.777415,0.000000,0.000000,19.226201,
29.787846,0.000000,0.000000,19.208490,
29.803481,0.000000,0.000000,19.201042,
29.830545,0.000000,0.000000,19.191190,
29.840272,0.000000,0.000000,19.173482,
29.865180,0.000000,0.000000,19.166006,
29.874956,0.000000,0.000000,19.150614,
29.898016,0.000000,0.000000,19.143434,
29.917730,0.000000,0.000000,19.128449,
29.935059,0.000000,0.000000,19.115601,
29.952304,0.000000,0.000000,19.102037,
29.961603,0.000000,0.000000,19.093376,
29.985964,0.000000,0.000000,19.086510,
30.010061,0.000000,0.000000,19.071219,
30.025315,0.000000,0.000000,19.054930,
30.050889,0.000000,0.000000,19.045574,
30.068291,0.000000,0.000000,19.025815,
30.077818,0.000000,0.000000,19.017539,
30.099499,0.000000,0.000000,19.010458,
30.109097,0.000000,0.000000,18.996920,
30.129428,0.000000,0.000000,18.989865,
30.146099,0.000000,0.000000,18.976748,
30.165414,9.000000,9.000000,19.024853,
30.183511,9.000000,6.200648,19.059141,
30.196040,9.000000,7.517935,19.100973,
30.218374,9.000000,6.910906,19.129142,
30.235191,9.000000,7.199414,19.177976,
30.265439,9.000000,7.074927,19.219411,
30.280818,9.000000,7.140901,19.285766,
30.291536,9.600000,7.123593,19.312847,
30.313832,10.200001,7.136965,19.338442,
30.334204,10.800001,7.135912,19.386254,
30.350467,11.400002,7.145929,19.432589,
30.359565,12.000002,7.150589,19.465008,
30.382304,12.600002,7.154936,19.487647,
30.394428,13.200003,7.157479,19.534434,
30.433171,13.800003,7.165677,19.564178,
30.443324,14.400003,7.167908,19.647068,
30.458146,15.000004,7.183497,19.671001,
30.472152,15.600004,7.181269,19.702994,
30.484015,16.200005,7.188692,19.731819,
30.510674,16.800005,7.191145,19.760969,
30.531414,17.400005,7.195901,19.816417,
30.548071,18.000006,7.204919,19.863749,
30.567940,18.600006,7.210422,19.899512,
30.584517,19.200006,7.215178,19.945146,
30.594189,19.800007,7.222266,19.978438,
30.614121,20.000000,7.225845,20.003110,
30.627925,20.000000,7.229245,20.044589,
30.649220,20.000000,7.236123,20.076683,
30.666810,20.000000,7.239586,20.121109,
30.698260,20.000000,7.247052,20.167301,
30.712602,20.000000,7.253136,20.236099,
30.722149,20.000000,7.264422,20.260702,
30.738311,20.000000,7.264511,20.285064,
30.760222,20.000000,7.269417,20.317137,
30.778212,20.000000,7.273806,20.367743,
30.804473,20.000000,7.282193,20.405200,
30.819377,20.000000,7.286200,20.474783,
30.835331,20.000000,7.298643,20.496193,
30.845522,20.000000,7.297684,20.531067,
30.870099,20.000000,7.305205,20.556124,
30.891229,20.000000,7.307112,20.608483,
30.908864,20.000000,7.316990,20.658397,
30.918173,20.000000,7.323004,20.694227,
30.937958,20.000000,7.327792,20.719065,
30.958525,20.000000,7.330858,20.758593,
30.974508,20.000000,7.337663,20.806567,
30.996841,20.000000,7.344640,20.839326,
31.012603,20.000000,7.348442,20.891637,
31.023432,20.000000,7.357594,20.924166,
31.050033,20.000000,7.360471,20.951498,
31.076390,20.000000,7.364897,21.007844,
31.093243,20.000000,7.374656,21.068128,
31.103023,20.000000,7.383047,21.102841,
31.125978,0.000000,0.000000,21.094544,
31.152639,0.000000,0.000000,21.078795,
31.163130,0.000000,0.000000,21.059626,
31.185177,0.000000,0.000000,21.050960,
31.199800,0.000000,0.000000,21.035758,
31.214697,0.000000,0.000000,21.022772,
31.230616,0.000000,0.000000,21.014167,
31.244007,0.000000,0.000000,21.000770,
31.270560,0.000000,0.000000,20.993315,
31.288232,0.000000,0.000000,20.973896,
31.304532,0.000000,0.000000,20.960210,
31.313996,0.000000,0.000000,20.949515,
31.334853,0.000000,0.000000,20.941404,
31.346432,0.000000,0.000000,20.927645,
31.371354,0.000000,0.000000,20.918181,
31.394142,0.000000,0.000000,20.900762,
31.403403,0.000000,0.000000,20.884902,
31.424187,0.000000,0.000000,20.876437,
31.452035,0.000000,0.000000,20.863377,
31.468457,0.000000,0.000000,20.842241,
31.478084,0.000000,0.000000,20.831459,
31.498238,0.000000,0.000000,20.823370,
31.518031,0.000000,0.000000,20.809727,
31.533397,0.000000,0.000000,20.794845,
31.556796,0.000000,0.000000,20.784745,
31.571781,0.000000,0.000000,20.767353,
31.592295,0.000000,0.000000,20.756760,
31.609094,0.000000,0.000000,20.741883,
31.634352,0.000000,0.000000,20.730525,
31.649165,0.000000,0.000000,20.709989,
31.660865,0.000000,0.000000,20.701627,
31.675443,0.000000,0.000000,20.692845,
31.695695,0.000000,0.000000,20.682857,
31.706458,0.000000,0.000000,20.668936,
31.729400,0.000000,0.000000,20.659674,
31.746669,0.000000,0.000000,20.644412,
31.760624,0.000000,0.000000,20.630509,
31.784605,0.000000,0.000000,20.622518,
31.805056,0.000000,0.000000,20.605621,
31.822896,0.000000,0.000000,20.589951,
31.843023,0.000000,0.000000,20.578402,
31.858769,0.000000,0.000000,20.563525,
31.873348,0.000000,0.000000,20.553170,
31.895462,0.000000,0.000000,20.541311,
31.915851,0.000000,0.000000,20.527146,
31.931653,0.000000,0.000000,20.511795,
31.959047,0.000000,0.000000,20.501726,
31.976196,0.000000,0.000000,20.481234,
31.986138,0.000000,0.000000,20.470208,
32.008538,0.000000,0.000000,20.462201,
32.035084,0.000000,0.000000,20.447128,
32.048323,0.000000,0.000000,20.426060,
32.069373,0.000000,0.000000,20.419331,
32.085666,0.000000,0.000000,20.403267,
32.098128,0.000000,0.000000,20.393214,
32.108839,0.000000,0.000000,20.383781,
32.130866,0.000000,0.000000,20.375939,
32.141367,0.000000,0.000000,20.361421,
32.165804,0.000000,0.000000,20.352162,
32.183718,0.000000,0.000000,20.336083,
32.213163,0.000000,0.000000,20.324277,
32.225801,0.000000,0.000000,20.303126,
32.241186,0.000000,0.000000,20.292550,
32.268240,0.000000,0.000000,20.284160,
32.283148,0.000000,0.000000,20.262340,
32.300543,0.000000,0.000000,20.254570,
32.316169,0.000000,0.000000,20.242136,
32.326777,0.000000,0.000000,20.232080,
32.353675,0.000000,0.000000,20.223601,
32.363317,0.000000,0.000000,20.205939,
32.382413,0.000000,0.000000,20.198401,
32.398943,0.000000,0.000000,20.183263,
32.425268,0.000000,0.000000,20.174170,
32.435365,0.000000,0.000000,20.155906,
32.471606,0.000000,0.000000,20.147829,
32.481757,0.000000,0.000000,20.123885,
32.495127,0.000000,0.000000,20.116168,
32.512017,0.000000,0.000000,20.107175,
32.521626,0.000000,0.000000,20.096164,
32.539295,0.000000,0.000000,20.088296,
32.554530,0.000000,0.000000,20.077234,
32.579958,9.000000,9.000000,20.128013,
32.600953,9.000000,6.478048,20.172044,
32.614467,9.000000,7.589685,20.228865,
32.634758,9.000000,7.116623,20.251294,
32.653707,9.000000,7.326773,20.296229,
32.678423,9.000000,7.244729,20.337416,
32.688450,9.000000,7.288585,20.392733,
32.706698,9.000000,7.280914,20.419604,
32.716475,9.000000,7.289680,20.455442,
32.737376,9.000000,7.293214,20.479168,
32.756779,9.000000,7.296535,20.522321,
32.792101,9.000000,7.303912,20.566334,
32.801881,9.000000,7.309746,20.643738,
32.815100,9.000000,7.323073,20.667538,
32.830532,9.000000,7.322303,20.696178,
32.843256,9.000000,7.328487,20.728080,
32.864728,9.000000,7.332411,20.759211,
32.877124,9.000000,7.337138,20.803702,
32.902467,9.000000,7.344273,20.833578,
32.923729,9.000000,7.347416,20.887803,
32.940812,9.000000,7.357234,20.938499,
32.953838,9.000000,7.363567,20.972458,
32.979672,9.000000,7.367925,21.004839,
32.989433,9.000000,7.372787,21.059345,
33.009090,9.000000,7.382006,21.086491,
33.023654,9.000000,7.383810,21.124323,
33.045026,9.000000,7.390874,21.163505,
33.062767,9.000000,7.396071,21.206928,
33.076465,9.000000,7.402920,21.251939,
33.097999,9.000000,7.409439,21.275561,
33.113869,9.000000,7.411681,21.321949,
33.143061,9.000000,7.420378,21.361518,
33.160163,9.000000,7.425066,21.422729,
33.175894,9.000000,7.435874,21.463252,
33.189886,9.000000,7.439954,21.502580,
33.214719,9.000000,7.446496,21.527165,
33.235492,9.000000,7.449000,21.582019,
33.250797,9.000000,7.459418,21.630410,
33.259692,9.000000,7.465368,21.662363,
33.279606,9.000000,7.469679,21.686140,
33.307136,0.000000,0.000000,21.672387,
33.323571,0.000000,0.000000,21.648073,
33.337406,0.000000,0.000000,21.639233,
33.357465,0.000000,0.000000,21.629096,
33.370837,0.600000,0.600000,21.617002,
33.392660,1.200000,1.200000,21.614027,
33.403246,1.800000,1.800000,21.613432,
33.419835,2.400000,2.400000,21.615871,
33.450202,3.000000,3.000000,21.622909,
33.469933,3.600000,3.600000,21.643713,
33.489432,4.200000,4.200000,21.663304,
33.499869,4.800000,4.800000,21.685081,
33.518212,5.400000,5.400000,21.702406,
33.528603,6.000000,6.000000,21.729134,
33.550829,6.599999,6.599999,21.750514,
33.569452,7.199999,7.199999,21.796518,
33.593036,7.799999,7.601422,21.837118,
33.606850,8.400000,7.453086,21.898606,
33.628348,9.000000,7.523722,21.921144,
33.646462,9.600000,7.501042,21.969084,
33.661750,10.200001,7.519878,22.011677,
33.681361,10.800001,7.521553,22.043675,
33.697108,11.400002,7.527633,22.090506,
33.706704,12.000002,7.535147,22.122563,
33.727568,12.600002,7.539019,22.147910,
33.742815,13.200003,7.542880,22.191419,
33.763543,13.800003,7.550578,22.227818,
33.780841,14.400003,7.555332,22.273203,
33.799767,15.000004,7.563111,22.313891,
33.822327,15.600004,7.568770,22.353954,
33.836003,16.200005,7.575111,22.413323,
33.858349,16.800005,7.585296,22.437208,
33.867795,17.400005,7.586551,22.484984,
33.892487,18.000006,7.596210,22.509344,
33.913735,18.600006,7.597789,22.562433,
33.929963,19.200006,7.608473,22.612573,
33.941280,19.800007,7.615183,22.646326,
33.965349,20.000000,7.619894,22.677257,
33.985496,20.000000,7.624749,22.726573,
34.001247,20.000000,7.633476,22.774338,
34.013742,20.000000,7.640478,22.807072,
34.038179,20.000000,7.644919,22.839140,
34.058808,20.000000,7.650158,22.890761,
34.075410,20.000000,7.659296,22.939628,
34.085073,20.000000,7.666460,22.974911,
34.107414,20.000000,7.671445,22.999516,
34.125023,20.000000,7.674934,23.049062,
34.141795,20.000000,7.684311,23.089997,
34.161690,20.000000,7.689762,23.125515,
34.178989,20.000000,7.695459,23.172649,
34.197579,20.000000,7.703577,23.209609,
34.218057,20.000000,7.708670,23.254183,
34.238600,20.000000,7.716480,23.299805,
34.253055,20.000000,7.723580,23.355025,
34.272728,20.000000,7.733019,23.379830,
34.294824,20.000000,7.735098,23.423803,
34.314427,20.000000,7.743880,23.473002,
34.327445,20.000000,7.751491,23.524580,
34.349684,20.000000,7.760042,23.547486,
34.359978,20.000000,7.762078,23.597312,
34.384198,20.000000,7.772187,23.623267,
34.394681,20.000000,7.774379,23.675757,
34.415063,20.000000,7.785036,23.702976,
34.427631,20.000000,7.787349,23.745838,
34.446638,20.000000,7.795894,23.777828,
34.476799,20.000000,7.799986,23.818054,
34.489856,20.000000,7.807379,23.894027,
34.532043,20.000000,7.821478,23.916282,
34.547976,20.000000,7.821655,24.022198,
34.558418,20.000000,7.844743,24.050129,
34.578116,20.000000,7.843273,24.077309,
34.587577,20.000000,7.849712,24.118330,
34.616504,20.000000,7.856601,24.142148,
34.632679,20.000000,7.859583,24.209052,
34.644442,20.000000,7.873304,24.243190,
34.654739,20.000000,7.876374,24.272566,
34.677406,20.000000,7.881848,24.296803,
34.691555,20.000000,7.885423,24.353302,
34.714436,20.000000,7.896723,24.378684,
34.724554,20.000000,7.898712,24.430646,
34.742324,20.000000,7.909545,24.456578,
34.752415,20.000000,7.911838,24.494336,
34.776205,20.000000,7.919458,24.520935,
34.794302,20.000000,7.922938,24.572606,
34.811604,20.000000,7.933281,24.616050,
34.833075,20.000000,7.939669,24.654372,
34.846529,20.000000,7.946175,24.710960,
34.864727,20.000000,7.956714,24.734463,
34.885145,20.000000,7.958676,24.775895,
34.904414,20.000000,7.967283,24.823392,
34.928425,20.000000,7.975207,24.867362,
34.937739,20.000000,7.982577,24.922387,
34.961837,20.000000,7.992600,24.947189,
34.972340,20.000000,7.995095,24.999804,
34.993836,20.000000,8.006092,25.028251,
35.009811,20.000000,8.009140,25.073945,
35.025426,20.000000,8.018449,25.113745,
35.039019,20.000000,8.024578,25.146381,
35.062398,20.000000,8.030067,25.181499,
35.087915,20.000000,8.036313,25.232674,
35.103480,20.000000,8.045952,25.293664,
35.112921,20.000000,8.056820,25.326707,
35.135650,20.000000,8.061070,25.352054,
35.158042,20.000000,8.065536,25.401906,
35.170982,20.000000,8.075468,25.461850,
35.191002,20.000000,8.086110,25.484000,
35.215389,20.000000,8.088043,25.530963,
35.225100,20.000000,8.098099,25.586775,
35.244423,20.000000,8.107844,25.612604,
35.274744,20.000000,8.110917,25.654622,
35.283939,20.000000,8.119565,25.724289,
35.304492,20.000000,8.132921,25.748538,
35.322339,20.000000,8.134674,25.804696,
35.332282,20.000000,8.146946,25.835549,
35.359256,20.000000,8.150545,25.860559,
35.370350,20.000000,8.155239,25.921521,
35.388277,20.000000,8.167828,25.952502,
35.403217,20.000000,8.171426,25.989865,
35.418634,20.000000,8.178967,26.025843,
35.438798,20.000000,8.185124,26.060832,
35.451798,20.000000,8.191446,26.107499,
35.472333,20.000000,8.200408,26.140236,
35.490619,20.000000,8.205484,26.185823,
35.506496,20.000000,8.214566,26.238278,
35.553457,20.000000,8.224168,26.265230,
35.564608,20.000000,8.227799,26.375611,
35.577811,20.000000,8.252207,26.403452,
35.594450,20.000000,8.252205,26.434996,
35.604722,20.000000,8.259479,26.470919,
35.627776,20.000000,8.265867,26.500623,
35.637349,20.000000,8.271064,26.548758,
35.660243,20.000000,8.280839,26.574646,
35.678006,20.000000,8.284304,26.625320,
35.696400,20.000000,8.295141,26.670017,
35.705992,20.000000,8.302725,26.709864,
35.728442,20.000000,8.310036,26.735992,
35.740446,20.000000,8.314247,26.785070,
35.764481,20.000000,8.324583,26.817830,
35.784759,20.000000,8.329602,26.870301,
35.800588,20.000000,8.340555,26.920995,
35.824037,20.000000,8.349638,26.956028,
35.837755,20.000000,8.355560,27.019665,
35.862543,20.000000,8.368955,27.043417,
35.872471,20.000000,8.371226,27.101701,
35.891245,20.000000,8.384303,27.130014,
35.910155,20.000000,8.387760,27.170609,
35.924853,20.000000,8.396437,27.224280,
35.943427,20.000000,8.406939,27.250507,
35.958224,20.000000,8.410585,27.300908,
35.988423,20.000000,8.421559,27.328707,
36.001784,20.000000,8.425497,27.401343,
36.015911,20.000000,8.441665,27.433834,
36.042464,20.000000,8.445538,27.463971,
36.054195,20.000000,8.451745,27.529390,
36.069670,20.000000,8.465749,27.565718,
36.099147,20.000000,8.471109,27.591716,
36.108853,20.000000,8.476031,27.661798,
36.126136,20.000000,8.491500,27.688454,
36.138275,20.000000,8.494311,27.726145,
36.170057,20.000000,8.502620,27.757978,
36.180194,20.000000,8.508310,27.830163,
36.196393,20.000000,8.524193,27.857400,
36.209721,20.000000,8.527147,27.892914,
36.236451,20.000000,8.534953,27.928223,
36.246285,20.000000,8.541651,27.988305,
36.268174,20.000000,8.554518,28.015502,
36.288131,20.000000,8.558213,28.063996,
36.302627,20.000000,8.569006,28.115129,
36.315988,20.000000,8.578918,28.146087,
36.347828,20.000000,8.584213,28.194125,
36.357545,20.000000,8.594604,28.254544,
36.380109,20.000000,8.606906,28.280961,
36.400473,20.000000,8.610669,28.331911,
36.414292,20.000000,8.622137,28.382848,
36.432393,20.000000,8.632018,28.413922,
36.448749,20.000000,8.637467,28.459573,
36.478350,20.000000,8.647361,28.496660,
36.488574,20.000000,8.654294,28.567885,
36.511656,20.000000,8.670104,28.595772,
36.521563,20.000000,8.673669,28.647630,
36.550122,20.000000,8.685519,28.673821,
36.563156,20.000000,8.689510,28.740489,
36.573235,20.000000,8.704902,28.773022,
36.594509,20.000000,8.709782,28.802542,
36.617264,20.000000,8.716009,28.846608,
36.631037,20.000000,8.725525,28.909908,
36.651556,20.000000,8.739110,28.935532,
36.672531,20.000000,8.742755,28.984883,
36.686408,20.000000,8.754112,29.044501,
36.702918,20.000000,8.766534,29.069344,
36.712020,20.000000,8.770277,29.108051,
36.736329,20.000000,8.779059,29.133613,
36.756240,20.000000,8.783690,29.189364,
36.773181,20.000000,8.796510,29.242673,
36.800878,20.000000,8.807248,29.279441,
36.815653,20.000000,8.814331,29.355094,
36.825916,20.000000,8.831673,29.382534,
36.841793,20.000000,8.835326,29.409073,
36.866611,20.000000,8.841223,29.445881,
36.876036,20.000000,8.849264,29.505179,
36.896001,20.000000,8.862500,29.530981,
36.912142,20.000000,8.866564,29.577046,
36.927700,20.000000,8.877265,29.624038,
36.954925,20.000000,8.887063,29.653811,
36.974291,20.000000,8.892767,29.720459,
36.990559,20.000000,8.908349,29.770079,
37.000814,20.000000,8.918056,29.806774,
37.024932,20.000000,8.925567,29.836513,
37.036874,20.000000,8.931727,29.890616,
37.058890,20.000000,8.944204,29.923400,
37.078793,20.000000,8.950340,29.973605,
37.096152,20.000000,8.961889,30.025514,
37.124480,20.000000,8.973009,30.065180,
37.137663,20.000000,8.981162,30.142994,
37.156482,20.000000,8.999384,30.167706,
37.172949,20.000000,9.002722,30.222932,
37.183885,20.000000,9.016089,30.253312,
37.207287,20.000000,9.021662,30.283063,
37.229367,20.000000,9.028299,30.339059,
37.244285,20.000000,9.041403,30.394587,
37.257114,20.000000,9.053434,30.436537,
37.279953,20.000000,9.062231,30.460435,
37.290478,20.000000,9.066966,30.516376,
37.311210,20.000000,9.080433,30.546578,
37.323702,20.000000,9.086111,30.593083,
37.347747,20.000000,9.097085,30.628026,
37.369936,20.000000,9.104372,30.683704,
37.384547,20.000000,9.117484,30.740714,
37.404676,20.000000,9.130136,30.774226,
37.418509,20.000000,9.136900,30.833651,
37.443214,20.000000,9.151122,30.859343,
37.460787,20.000000,9.155721,30.921505,
37.477011,20.000000,9.170989,30.965806,
37.496818,0.000000,0.000000,30.947405,
37.512838,0.000000,0.000000,30.923085,
37.524330,0.000000,0.000000,30.905567,
37.549511,0.000000,0.000000,30.889323,
37.559157,0.000000,0.000000,30.862134,
37.583980,0.000000,0.000000,30.849516,
37.603208,0.000000,0.000000,30.821225,
37.619631,0.000000,0.000000,30.797221,
37.629570,0.000000,0.000000,30.779440,
37.654201,0.000000,0.000000,30.765809,
37.685979,0.000000,0.000000,30.738622,
37.696522,0.000000,0.000000,30.700641,
37.708918,0.000000,0.000000,30.687791,
37.726765,0.000000,0.000000,30.672687,
37.750427,0.000000,0.000000,30.653040,
37.764566,0.000000,0.000000,30.621368,
37.780607,0.000000,0.000000,30.607941,
37.795147,0.000000,0.000000,30.586239,
37.822795,0.000000,0.000000,30.573144,
37.833047,0.000000,0.000000,30.540507,
37.850031,0.000000,0.000000,30.527498,
38.741997,0.001000,0.001000,30.509569,
38.765201,0.001000,0.001000,29.468980,
38.781297,0.001000,0.001000,29.443529,
38.794884,0.001000,0.001000,29.425290,
38.811867,0.001000,0.001000,29.413496,
38.822470,0.001000,0.001000,29.394983,
38.844763,0.001000,0.001000,29.381318,
38.856379,0.001000,0.001000,29.358758,
38.880137,0.001000,0.001000,29.344256,
38.895337,0.001000,0.001000,29.319615,
38.911881,0.001000,0.001000,29.301095,
38.937524,0.001000,0.001000,29.284830,
38.947561,0.001000,0.001000,29.256650,
38.970478,0.001000,0.001000,29.243059,
38.980463,0.001000,0.001000,29.220608,
39.003333,0.001000,0.001000,29.207039,
39.027864,0.001000,0.001000,29.184463,
39.042816,0.001000,0.001000,29.156985,
39.052430,0.001000,0.001000,29.141633,
39.074560,0.001000,0.001000,29.129769,
39.092131,0.001000,0.001000,29.106592,
39.108813,0.001000,0.001000,29.086819,
39.129880,0.001000,0.001000,29.068945,
39.142414,0.001000,0.001000,29.047044,
39.164770,0.001000,0.001000,29.031766,
39.183838,0.001000,0.001000,29.009039,
39.199547,0.001000,0.001000,28.987241,
39.226552,0.001000,0.001000,28.970878,
39.235924,0.001000,0.001000,28.942241,
39.253678,0.001000,0.001000,28.930566,
39.271856,0.001000,0.001000,28.912682,
39.292702,0.001000,0.001000,28.892824,
39.307054,0.001000,0.001000,28.866648,
39.329994,0.001000,0.001000,28.854367,
39.341011,0.001000,0.001000,28.831032,
39.363665,0.001000,0.001000,28.818050,
39.381798,0.001000,0.001000,28.794695,
39.396951,0.001000,0.001000,28.771496,
39.418214,0.001000,0.001000,28.758810,
39.440804,0.001000,0.001000,28.736111,
39.458244,0.001000,0.001000,28.710343,
39.467743,0.001000,0.001000,28.693636,
39.489852,0.001000,0.001000,28.681872,
39.518240,0.001000,0.001000,28.659231,
39.532610,0.001000,0.001000,28.624621,
39.546136,0.001000,0.001000,28.614174,
39.561750,0.001000,0.001000,28.599134,
39.595407,0.001000,0.001000,28.583620,
39.612012,0.001000,0.001000,28.546322,
39.627743,0.001000,0.001000,28.526443,
39.637198,0.001000,0.001000,28.513504,
39.659120,0.001000,0.001000,28.501115,
39.674195,0.001000,0.001000,28.476378,
39.688308,0.001000,0.001000,28.463737,
39.711345,0.001000,0.001000,28.446961,
39.721650,0.001000,0.001000,28.425011,
39.743030,0.001000,0.001000,28.412265,
39.773357,0.001000,0.001000,28.391864,
39.785100,0.001000,0.001000,28.359315,
39.797621,0.001000,0.001000,28.346574,
39.813596,0.001000,0.001000,28.333275,
39.842615,0.001000,0.001000,28.317997,
39.856629,0.001000,0.001000,28.283654,
39.873588,0.001000,0.001000,28.271550,
39.889443,0.001000,0.001000,28.253387,
39.899168,0.001000,0.001000,28.238364,
39.920450,0.001000,0.001000,28.226113,
39.938063,0.001000,0.001000,28.206149,
39.957008,0.001000,0.001000,28.185479,
39.973658,0.001000,0.001000,28.167290,
39.990486,0.001000,0.001000,28.148966,
40.016190,0.001000,0.001000,28.132875,
40.026053,0.001000,0.001000,28.106740,
40.046446,0.001000,0.001000,28.095125,
40.063489,0.001000,0.001000,28.075329,
40.095195,0.001000,0.001000,28.054327,
40.109728,0.001000,0.001000,28.022398,
40.119802,0.001000,0.001000,28.009726,
40.136255,0.001000,0.001000,27.997876,
40.163528,0.001000,0.001000,27.982625,
40.180883,0.001000,0.001000,27.953173,
40.192858,0.001000,0.001000,27.936558,
40.216946,0.001000,0.001000,27.921535,
40.226966,0.001000,0.001000,27.899196,
40.244886,0.001000,0.001000,27.887662,
40.258845,0.001000,0.001000,27.871060,
40.285402,0.001000,0.001000,27.855110,
40.307328,0.001000,0.001000,27.829362,
40.322083,0.001000,0.001000,27.802711,
40.349973,0.001000,0.001000,27.791335,
40.360428,0.001000,0.001000,27.762972,
40.377734,0.001000,0.001000,27.751626,
40.387557,0.001000,0.001000,27.735016,
40.407008,0.001000,0.001000,27.723808,
40.435456,0.001000,0.001000,27.705352,
40.449126,0.001000,0.001000,27.672443,
40.464923,0.001000,0.001000,27.662557,
40.474432,0.001000,0.001000,27.646678,
40.495250,0.001000,0.001000,27.634590,
40.513430,0.001000,0.001000,27.615788,
40.531789,0.001000,0.001000,27.596444,
40.549450,0.001000,0.001000,27.578512,
40.568883,0.001000,0.001000,27.559690,
40.587322,0.001000,0.001000,27.541557,
40.620969,0.001000,0.001000,27.521683,
40.632793,0.001000,0.001000,27.489030,
40.644873,0.001000,0.001000,27.475639,
40.661603,0.001000,0.001000,27.463503,
40.683919,0.001000,0.001000,27.446748,
40.694064,0.001000,0.001000,27.425350,
40.713471,0.001000,0.001000,27.414411,
40.739670,0.001000,0.001000,27.395947,
40.749917,0.001000,0.001000,27.369494,
40.767110,0.001000,0.001000,27.356928,
40.792312,0.001000,0.001000,27.342196,
40.805912,0.001000,0.001000,27.313834,
40.829541,0.001000,0.001000,27.303341,
40.844152,0.001000,0.001000,27.279827,
40.857415,0.001000,0.001000,27.264738,
40.878489,0.001000,0.001000,27.252386,
40.892184,0.001000,0.001000,27.227443,
40.915965,0.001000,0.001000,27.217417,
40.934784,0.001000,0.001000,27.194206,
40.952657,0.001000,0.001000,27.173775,
40.961989,0.001000,0.001000,27.157802,
40.985756,0.001000,0.001000,27.147288,
41.019098,0.001000,0.001000,27.124681,
41.029620,0.001000,0.001000,27.091273,
41.044121,0.001000,0.001000,27.080725,
41.059404,0.001000,0.001000,27.063988,
41.084242,0.001000,0.001000,27.052160,
41.094478,0.001000,0.001000,27.027869,
41.112267,0.001000,0.001000,27.016340,
41.141267,0.001000,0.001000,27.000219,
41.152155,0.001000,0.001000,26.972042,
41.167738,0.001000,0.001000,26.959890,
41.177274,0.001000,0.001000,26.946124,
41.196246,0.001000,0.001000,26.935419,
41.213083,0.001000,0.001000,26.918113,
41.230110,0.001000,0.001000,26.898442,
41.253936,0.001000,0.001000,26.884260,
41.266412,0.001000,0.001000,26.861771,
41.286500,0.001000,0.001000,26.847831,
41.306092,0.001000,0.001000,26.830102,
41.319987,0.001000,0.001000,26.806375,
41.342386,0.001000,0.001000,26.797404,
41.364067,0.001000,0.001000,26.775484,
41.380512,0.001000,0.001000,26.753267,
41.407652,0.001000,0.001000,26.738562,
41.420704,0.001000,0.001000,26.708758,
41.442641,0.001000,0.001000,26.699396,
41.455800,0.001000,0.001000,26.675095,
41.475207,0.001000,0.001000,26.665211,
41.484968,0.001000,0.001000,26.646884,
41.502878,0.001000,0.001000,26.636165,
41.521977,0.001000,0.001000,26.619496,
41.547878,0.001000,0.001000,26.601687,
41.561757,0.001000,0.001000,26.572941,
41.583302,0.001000,0.001000,26.563518,
41.605483,0.001000,0.001000,26.542429,
41.651926,0.001000,0.001000,26.521346,
41.661829,0.001000,0.001000,26.476800,
41.682798,0.001000,0.001000,26.465936,
41.692647,0.001000,0.001000,26.447437,
41.711607,0.001000,0.001000,26.437097,
41.720945,0.001000,0.001000,26.420044,
41.737596,0.001000,0.001000,26.408594,
41.746765,0.001000,0.001000,26.395384,
41.767428,0.001000,0.001000,26.385452,
41.782337,0.001000,0.001000,26.362777,
41.796292,0.001000,0.001000,26.352515,
41.811440,0.001000,0.001000,26.338344,
41.823637,0.001000,0.001000,26.325046,
41.853511,0.001000,0.001000,26.312374,
41.862469,0.001000,0.001000,26.285121,
41.886759,0.001000,0.001000,26.275259,
41.905410,0.001000,0.001000,26.253009,
41.921773,0.001000,0.001000,26.234104,
41.932961,0.001000,0.001000,26.220512,
41.955651,0.001000,0.001000,26.208682,
41.980008,0.001000,0.001000,26.187930,
41.993526,0.001000,0.001000,26.162430,
42.014562,0.001000,0.001000,26.152551,
42.023772,0.001000,0.001000,26.132949,
42.048933,0.001000,0.001000,26.122761,
42.064832,0.001000,0.001000,26.099931,
42.080827,0.001000,0.001000,26.084608,
42.100101,0.001000,0.001000,26.070545,
42.113692,0.001000,0.001000,26.048879,
42.135969,0.001000,0.001000,26.039695,
42.149236,0.001000,0.001000,26.018992,
42.168561,0.001000,0.001000,26.005513,
42.185399,0.001000,0.001000,25.988500,
42.213428,0.001000,0.001000,25.968548,
42.227448,0.001000,0.001000,25.943132,
42.250599,0.001000,0.001000,25.933381,
42.270111,0.001000,0.001000,25.911430,
42.280693,0.001000,0.001000,25.893818,
42.298975,0.001000,0.001000,25.882546,
42.315383,0.001000,0.001000,25.866426,
42.328349,0.001000,0.001000,25.848817,
42.350954,0.001000,0.001000,25.839551,
42.367314,0.001000,0.001000,25.818881,
42.388979,0.001000,0.001000,25.802606,
42.413983,0.001000,0.001000,25.783303,
42.428017,0.001000,0.001000,25.756749,
42.444413,0.001000,0.001000,25.746979,
42.458342,0.001000,0.001000,25.729057,
42.481864,0.001000,0.001000,25.719230,
42.500171,0.001000,0.001000,25.697875,
42.513021,0.001000,0.001000,25.677880,
42.536221,0.001000,0.001000,25.668979,
42.546015,0.001000,0.001000,25.647914,
42.565056,0.001000,0.001000,25.637543,
42.586835,0.001000,0.001000,25.621397,
42.616975,0.001000,0.001000,25.601378,
42.627350,0.001000,0.001000,25.573695,
42.655582,0.001000,0.001000,25.563545,
42.670745,0.001000,0.001000,25.534836,
42.681322,0.001000,0.001000,25.524531,
42.695759,0.001000,0.001000,25.514268,
42.714322,0.001000,0.001000,25.501896,
42.730451,0.001000,0.001000,25.483963,
42.753263,0.001000,0.001000,25.469945,
42.766626,0.001000,0.001000,25.446081,
42.788737,0.001000,0.001000,25.437222,
42.802829,0.001000,0.001000,25.416758,
42.818667,0.001000,0.001000,25.403511,
42.838957,0.001000,0.001000,25.390143,
42.853352,0.001000,0.001000,25.371799,
42.871569,0.001000,0.001000,25.356430,
42.889427,0.001000,0.001000,25.341997,
42.909742,0.001000,0.001000,25.324561,
42.936827,0.001000,0.001000,25.307565,
42.948466,0.001000,0.001000,25.283066,
42.969019,0.001000,0.001000,25.270637,
42.978745,0.001000,0.001000,25.254367,
43.002692,0.001000,0.001000,25.244174,
43.032711,0.001000,0.001000,25.223921,
43.043091,0.001000,0.001000,25.197068,
43.055671,0.001000,0.001000,25.186570,
43.070755,0.001000,0.001000,25.172710,
43.097041,0.001000,0.001000,25.162706,
43.111447,0.001000,0.001000,25.135814,
43.126816,0.001000,0.001000,25.125822,
43.143430,0.001000,0.001000,25.111534,
43.170746,0.001000,0.001000,25.097461,
43.188664,0.001000,0.001000,25.069592,
43.198014,0.001000,0.001000,25.057316,
43.215863,0.001000,0.001000,25.047323,
43.236854,0.001000,0.001000,25.033109,
43.248524,0.001000,0.001000,25.014582,
43.270678,0.001000,0.001000,25.003029,
43.303824,0.001000,0.001000,24.984254,
43.313994,0.001000,0.001000,24.954718,
43.330039,0.001000,0.001000,24.944894,
43.343482,0.001000,0.001000,24.928968,
43.365825,0.001000,0.001000,24.919506,
43.393472,0.001000,0.001000,24.900009,
43.404336,0.001000,0.001000,24.875346,
43.415820,0.001000,0.001000,24.864877,
43.476413,0.001000,0.001000,24.854897,
