Time(s),Set Current,Actual Current,Velocity of Vehicle (mph),Speed,0.248573,0.001000,0.001000,0.000000,0.000000
0.276281,0.001000,0.001000,0.000000,0.000000
0.310277,0.001000,0.001000,0.000000,0.000000
0.350523,0.001000,0.001000,0.000000,0.000000
0.396301,0.001000,0.001000,0.000000,0.000000
0.417415,0.001000,0.001000,0.000000,0.000000
0.450601,0.001000,0.001000,0.000000,0.000000
0.472753,0.001000,0.001000,0.000000,0.000000
0.493753,0.001000,0.001000,0.000000,0.000000
0.518911,0.001000,0.001000,0.000000,0.000000
0.539063,0.001000,0.001000,0.000000,0.000000
0.556741,0.001000,0.001000,0.000000,0.000000
0.576169,0.001000,0.001000,0.000000,0.000000
0.597095,0.001000,0.001000,0.000000,0.000000
0.615391,0.001000,0.001000,0.000000,0.000000
0.640711,0.001000,0.001000,0.000000,0.000000
0.664528,0.001000,0.001000,0.000000,0.000000
0.684538,0.001000,0.001000,0.000000,0.000000
0.708000,0.001000,0.001000,0.000000,0.000000
0.732103,0.001000,0.001000,0.000000,0.000000
0.750012,0.001000,0.001000,0.000000,0.000000
0.769913,0.001000,0.001000,0.000000,0.000000
0.787378,0.001000,0.001000,0.000000,0.000000
0.806924,0.001000,0.001000,0.000000,0.000000
0.827366,0.001000,0.001000,0.000000,0.000000
0.847088,0.001000,0.001000,0.000000,0.000000
0.867583,0.001000,0.001000,0.000000,0.000000
0.890881,0.001000,0.001000,0.000000,0.000000
0.914071,0.001000,0.000000,0.000000,0.000000
**Microcontroller Awake! Current Speed: 0.629235 MPH **
0.938488,0.001000,0.000000,0.000000,0.629235
0.955864,0.001000,0.001000,0.000000,0.629235
0.978913,0.001000,0.001000,0.000000,0.629235
1.008600,0.001000,0.001000,0.000000,0.629235
1.039518,0.001000,0.001000,0.000000,0.629235
1.059292,0.001000,0.001000,0.000000,0.629235
1.088710,0.001000,0.001000,0.000000,0.629235
1.136432,0.001000,0.001000,0.000000,0.629235
1.180186,0.001000,0.001000,0.000000,0.629235
1.213280,0.001000,0.001000,0.000000,0.629235
1.251403,0.001000,0.001000,0.000000,0.629235
1.290573,0.001000,0.001000,0.000000,0.629235
1.331304,0.001000,0.001000,0.000000,0.629235
1.373474,0.001000,0.001000,0.000000,0.629235
1.419738,0.001000,0.001000,0.000000,0.629235
1.451201,0.001000,0.001000,0.000000,0.629235
1.501320,0.001000,0.001000,0.000000,0.629235
1.538735,0.001000,0.001000,0.000000,0.629235
1.577659,0.001000,0.001000,0.000000,0.629235
1.615953,0.001000,0.001000,0.000000,0.629235
1.655058,0.001000,0.001000,0.000000,0.629235
1.691422,0.001000,0.001000,0.000000,0.629235
1.735850,0.001000,0.001000,0.000000,0.629235
1.774253,0.001000,0.001000,0.000000,0.629235
1.812053,0.001000,0.001000,0.000000,0.629235
1.854769,0.001000,0.001000,0.000000,0.629235
1.904545,0.001000,0.001000,0.000000,0.629235
1.941654,0.001000,0.001000,0.000000,0.629235
1.980203,0.001000,0.001000,0.000000,0.629235
2.016430,0.001000,0.001000,0.000000,0.629235
2.054375,0.001000,0.001000,0.000000,0.629235
2.093205,0.001000,0.001000,0.000000,0.629235
2.137435,0.001000,0.001000,0.000000,0.629235
2.176152,0.001000,0.001000,0.000000,0.629235
2.213145,0.001000,0.001000,0.000000,0.629235
2.256229,0.001000,0.001000,0.000000,0.629235
2.291182,0.001000,0.001000,0.000000,0.629235
2.338689,0.001000,0.001000,0.000000,0.629235
2.376179,0.001000,0.001000,0.000000,0.629235
2.413287,0.001000,0.001000,0.000000,0.629235
2.451346,0.001000,0.001000,0.000000,0.629235
2.490048,0.001000,0.001000,0.000000,0.629235
2.529042,0.001000,0.001000,0.000000,0.629235
2.571436,0.001000,0.001000,0.000000,0.629235
2.610528,0.001000,0.001000,0.000000,0.629235
2.652350,0.001000,0.001000,0.000000,0.629235
2.697832,0.001000,0.001000,0.000000,0.629235
2.739048,0.001000,0.001000,0.000000,0.629235
2.774587,0.001000,0.001000,0.000000,0.629235
2.809970,0.001000,0.001000,0.000000,0.629235
2.857610,0.001000,0.001000,0.000000,0.629235
2.896808,0.001000,0.001000,0.000000,0.629235
2.931526,0.001000,0.001000,0.000000,0.629235
2.975908,0.001000,0.001000,0.000000,0.629235
3.012859,0.001000,0.001000,0.000000,0.629235
3.052299,0.001000,0.001000,0.000000,0.629235
3.096508,0.001000,0.001000,0.000000,0.629235
3.133154,0.001000,0.001000,0.000000,0.629235
3.175045,0.001000,0.001000,0.000000,0.629235
3.210282,0.001000,0.001000,0.000000,0.629235
3.252218,0.001000,0.001000,0.000000,0.629235
3.291284,0.001000,0.001000,0.000000,0.629235
3.336262,0.001000,0.001000,0.000000,0.629235
3.374734,0.001000,0.001000,0.000000,0.629235
3.411383,0.001000,0.001000,0.000000,0.629235
3.453435,0.001000,0.001000,0.000000,0.629235
3.497329,0.001000,0.001000,0.000000,0.629235
3.534600,0.001000,0.001000,0.000000,0.629235
3.574766,0.001000,0.001000,0.000000,0.629235
3.611345,0.001000,0.001000,0.000000,0.629235
3.657268,0.001000,0.001000,0.000000,0.629235
3.695084,0.001000,0.001000,0.000000,0.629235
3.731753,0.001000,0.001000,0.000000,0.629235
3.775500,0.001000,0.001000,0.000000,0.629235
3.810996,0.001000,0.001000,0.000000,0.629235
3.855380,0.601000,0.601000,0.000000,0.629235
3.891623,1.201000,1.201000,0.006603,0.629235
3.932430,1.801000,1.801000,0.020727,0.629235
3.973838,2.401000,2.401000,0.046491,0.629235
4.016895,3.001000,3.001000,0.082517,0.629235
4.056981,3.601000,3.601000,0.130360,0.629235
4.091616,4.201000,4.201000,0.184232,0.629235
4.133317,4.801000,4.801000,0.239581,0.629235
4.173832,5.401000,5.401000,0.315470,0.629235
4.210687,6.000999,5.063273,0.383868,0.629235
4.255131,6.600999,5.407699,0.452487,0.629235
4.290488,7.200999,5.077334,0.526892,0.629235
4.331440,7.800999,5.414077,0.591854,0.629235
4.373794,8.400999,5.092118,0.661946,0.629235
4.416477,9.000999,5.418726,0.739433,0.629235
4.454103,9.601000,5.109890,0.812672,0.629235
4.488606,10.201000,5.422802,0.881276,0.629235
4.534094,10.801001,5.127390,0.940636,0.629235
4.571988,11.401001,5.424032,1.024103,0.629235
4.610638,12.001001,5.147835,1.089626,0.629235
4.656233,12.601002,5.425553,1.160768,0.629235
4.691965,13.201002,5.167074,1.239687,0.629235
4.735154,13.801003,5.428563,1.305534,0.629235
4.776267,14.401003,5.186119,1.380469,0.629235
4.817867,15.001003,5.430578,1.456190,0.629235
4.852666,15.601004,5.207037,1.528724,0.629235
4.894184,16.201004,5.432036,1.592645,0.629235
4.934566,16.801004,5.226348,1.665778,0.629235
4.974582,17.401005,5.433562,1.740330,0.629235
5.017113,18.001005,5.247310,1.810515,0.629235
5.064176,18.601006,5.434795,1.894838,0.629235
5.101537,19.201006,5.269599,1.972236,0.629235
5.135962,19.801006,5.437445,2.041140,0.629235
5.174970,20.000000,5.289316,2.102374,0.629235
5.212782,20.000000,5.438047,2.175119,0.629235
5.254433,20.000000,5.309105,2.241697,0.629235
5.297477,20.000000,5.440086,2.318526,0.629235
5.331451,20.000000,5.328986,2.395443,0.629235
5.375926,20.000000,5.444342,2.458100,0.629235
5.415497,20.000000,5.346238,2.538529,0.629235
5.453092,20.000000,5.449618,2.611550,0.629235
5.494551,20.000000,5.364689,2.679652,0.629235
5.529961,20.000000,5.453629,2.756054,0.629235
5.663983,20.000000,5.382989,2.819773,0.629235
5.687509,20.000000,5.457773,3.066880,0.629235
5.711848,20.000000,5.426562,3.110253,0.629235
5.733128,20.000000,5.461675,3.155855,0.629235
5.760021,20.000000,5.436572,3.193776,0.629235
5.781254,20.000000,5.465221,3.245244,0.629235
5.814694,20.000000,5.446988,3.282735,0.629235
5.852636,20.000000,5.469274,3.343883,0.629235
5.896443,20.000000,5.458376,3.413847,0.629235
5.931672,20.000000,5.478925,3.494802,0.629235
5.975109,20.000000,5.472729,3.559829,0.629235
6.010180,20.000000,5.488263,3.640401,0.629235
6.052948,20.000000,5.486629,3.706225,0.629235
6.093551,20.000000,5.498188,3.785941,0.629235
6.130453,20.000000,5.500072,3.860391,0.629235
6.459391,20.000000,5.509828,3.928395,0.629235
6.480819,20.000000,5.511593,4.540732,0.629235
6.504385,20.000000,5.604318,4.580383,0.629235
6.527289,20.000000,5.529565,4.624389,0.629235
6.548923,20.000000,5.601550,4.670092,0.629235
6.578234,20.000000,5.546019,4.719700,0.629235
6.600510,20.000000,5.601991,4.764038,0.629235
6.627232,20.000000,5.560340,4.805038,0.629235
6.649267,20.000000,5.602817,4.857473,0.629235
6.669422,20.000000,5.574251,4.897102,0.629235
6.688271,20.000000,5.605112,4.934538,0.629235
6.709252,20.000000,5.584336,4.973915,0.629235
6.732057,20.000000,5.608391,5.012677,0.629235
6.751245,20.000000,5.593753,5.052628,0.629235
6.772233,20.000000,5.612585,5.089359,0.629235
6.808797,20.000000,5.602171,5.133349,0.629235
6.832951,20.000000,5.617990,5.197776,0.629235
6.862772,20.000000,5.614553,5.242982,0.629235
6.899634,20.000000,5.624582,5.299545,0.629235
6.932504,20.000000,5.624911,5.369083,0.629235
6.982186,20.000000,5.635559,5.431535,0.629235
7.020427,20.000000,5.636342,5.525663,0.629235
7.056523,20.000000,5.650501,5.598845,0.629235
7.102748,20.000000,5.650082,5.683328,0.629235
7.139154,20.000000,5.663772,5.754889,0.629235
7.173563,20.000000,5.663580,5.824031,0.629235
7.213949,20.000000,5.674683,5.889848,0.629235
7.256087,20.000000,5.675822,5.966650,0.629235
7.295434,20.000000,5.687049,6.047421,0.629235
7.330688,20.000000,5.690528,6.123135,0.629235
7.376270,20.000000,5.699675,6.189810,0.629235
7.413054,20.000000,5.702710,6.277445,0.629235
7.456214,20.000000,5.714163,6.347970,0.629235
7.491540,20.000000,5.715979,6.430479,0.629235
7.532590,20.000000,5.727662,6.498430,0.629235
7.574291,20.000000,5.728952,6.577355,0.629235
7.617192,20.000000,5.740530,6.657453,0.629235
7.654808,20.000000,5.743927,6.739993,0.629235
7.698241,20.000000,5.754408,6.812644,0.629235
7.736400,20.000000,5.757581,6.897080,0.629235
7.770874,20.000000,5.768595,6.970632,0.629235
7.810435,20.000000,5.771558,7.036904,0.629235
7.853438,20.000000,5.779859,7.113330,0.629235
7.891566,20.000000,5.785532,7.196859,0.629235
7.930021,20.000000,5.794489,7.270333,0.629235
7.973620,20.000000,5.799229,7.345105,0.629235
8.013791,20.000000,5.807567,7.429870,0.629235
8.056513,20.000000,5.814694,7.507774,0.629235
8.096612,20.000000,5.821703,7.591037,0.629235
8.145217,20.000000,5.829708,7.681714,0.629235
8.180947,20.000000,5.838170,7.763798,0.629235
8.218079,20.000000,5.844913,7.833648,0.629235
8.252525,20.000000,5.851040,7.906122,0.629235
8.289765,20.000000,5.858102,7.973292,0.629235
8.333654,20.000000,5.863594,8.046257,0.629235
8.375428,20.000000,5.871279,8.132099,0.629235
8.418671,20.000000,5.879404,8.214101,0.629235
8.453241,20.000000,5.886596,8.298940,0.629235
8.495549,20.000000,5.895008,8.366621,0.629235
8.530693,20.000000,5.899694,8.449855,0.629235
8.570004,20.000000,5.909823,8.519227,0.629235
8.614519,20.000000,5.913540,8.596391,0.629235
8.653887,20.000000,5.923457,8.684277,0.629235
8.694382,20.000000,5.930467,8.761852,0.629235
8.735647,20.000000,5.938012,8.841748,0.629235
8.769375,20.000000,5.945569,8.923088,0.629235
8.814714,20.000000,5.953391,8.990059,0.629235
8.851537,20.000000,5.958659,9.079687,0.629235
8.895957,20.000000,5.969636,9.152948,0.629235
8.932333,20.000000,5.973663,9.240761,0.629235
8.973391,20.000000,5.985322,9.312880,0.629235
9.014429,20.000000,5.988734,9.396503,0.629235
9.059375,20.000000,6.000202,9.475838,0.629235
9.092762,20.000000,6.005045,9.565769,0.629235
9.136173,20.000000,6.016573,9.632330,0.629235
9.173603,20.000000,6.019315,9.718081,0.629235
9.215406,0.000000,0.000000,9.702579,0.629235
9.254609,0.000000,0.000000,9.685208,0.629235
9.290519,0.000000,0.000000,9.668949,0.629235
9.329301,0.000000,0.000000,9.654147,0.629235
9.370537,0.000000,0.000000,9.638137,0.629235
9.418517,0.000000,0.000000,9.621243,0.629235
9.452582,0.000000,0.000000,9.601480,0.629235
9.494793,0.000000,0.000000,9.587458,0.629235
9.535517,0.000000,0.000000,9.570094,0.629235
9.569502,0.000000,0.000000,9.553374,0.629235
9.613977,0.000000,0.000000,9.539365,0.629235
9.651885,0.000000,0.000000,9.521132,0.629235
9.692704,0.000000,0.000000,9.505595,0.629235
9.735294,0.000000,0.000000,9.488684,0.629235
9.770102,0.000000,0.000000,9.471226,0.629235
9.812085,0.000000,0.000000,9.457065,0.629235
9.854878,0.000000,0.000000,9.439952,0.629235
9.892607,0.000000,0.000000,9.422446,0.629235
9.933653,0.000000,0.000000,9.406960,0.629235
9.973550,0.000000,0.000000,9.390221,0.629235
10.014370,0.000000,0.000000,9.373965,0.629235
10.051177,0.000000,0.000000,9.357336,0.629235
10.093714,0.000000,0.000000,9.342285,0.629235
10.133974,0.000000,0.000000,9.319368,0.629235
10.173404,0.000000,0.000000,9.308488,0.629235
10.213831,0.000000,0.000000,9.292542,0.629235
10.252787,0.000000,0.000000,9.276119,0.629235
10.295939,0.000000,0.000000,9.260311,0.629235
10.333845,0.000000,0.000000,9.242744,0.629235
10.369487,0.000000,0.000000,9.227381,0.629235
10.413725,0.000000,0.000000,9.212933,0.629235
10.447124,0.000000,0.000000,9.195024,0.629235
10.494827,0.000000,0.000000,9.181130,0.629235
10.531023,0.000000,0.000000,9.162158,0.629235
10.573599,0.000000,0.000000,9.147520,0.629235
10.615046,0.000000,0.000000,9.130345,0.629235
10.648431,0.000000,0.000000,9.113623,0.629235
10.694472,0.000000,0.000000,9.100074,0.629235
10.733692,0.000000,0.000000,9.081480,0.629235
10.773437,9.000000,9.000000,9.206775,0.629235
10.811659,9.000000,3.731799,9.249722,0.629235
10.854476,9.000000,7.649302,9.351582,0.629235
10.889649,0.000000,0.000000,9.334246,0.629235
10.934759,0.000000,0.000000,9.319892,0.629235
10.973886,0.000000,0.000000,9.301566,0.629235
11.014139,0.000000,0.000000,9.285648,0.629235
11.049975,0.000000,0.000000,9.269291,0.629235
11.093762,0.000000,0.000000,9.254728,0.629235
11.134873,0.000000,0.000000,9.236810,0.629235
11.175954,0.000000,0.000000,9.220224,0.629235
11.208955,0.000000,0.000000,9.203527,0.629235
11.252748,0.000000,0.000000,9.190113,0.629235
11.294759,0.000000,0.000000,9.172492,0.629235
11.330041,0.000000,0.000000,9.155570,0.629235
11.369547,0.000000,0.000000,9.141210,0.629235
11.413018,0.000000,0.000000,9.125329,0.629235
11.452702,0.000000,0.000000,9.107768,0.629235
11.493394,0.000000,0.000000,9.091746,0.629235
11.530659,0.000000,0.000000,9.075298,0.629235
11.574313,9.000000,9.000000,9.193991,0.629235
11.609294,9.000000,3.728584,9.241685,0.629235
11.652933,9.000000,7.650849,9.333942,0.629235
11.688486,9.000000,4.761082,9.399109,0.629235
11.734337,9.000000,6.905896,9.482176,0.629235
11.772118,0.000000,0.000000,9.463344,0.629235
11.814586,0.000000,0.000000,9.447839,0.629235
11.850894,0.000000,0.000000,9.430556,0.629235
11.892170,0.000000,0.000000,9.415681,0.629235
11.932925,0.000000,0.000000,9.398747,0.629235
11.974254,0.000000,0.000000,9.382146,0.629235
12.011037,0.000000,0.000000,9.365275,0.629235
12.053830,0.000000,0.000000,9.350294,0.629235
12.099173,0.000000,0.000000,9.332870,0.629235
12.135030,0.000000,0.000000,9.314291,0.629235
12.170619,0.000000,0.000000,9.299817,0.629235
12.210412,0.000000,0.000000,9.285275,0.629235
12.252642,0.000000,0.000000,9.269137,0.629235
12.293258,0.000000,0.000000,9.252054,0.629235
12.334745,0.000000,0.000000,9.235459,0.629235
12.371408,0.000000,0.000000,9.218697,0.629235
12.411548,0.000000,0.000000,9.203831,0.629235
12.454410,0.000000,0.000000,9.187615,0.629235
12.490299,0.000000,0.000000,9.170054,0.629235
12.534654,0.000000,0.000000,9.155695,0.629235
12.569596,0.000000,0.000000,9.137763,0.629235
12.613705,0.000000,0.000000,9.123677,0.629235
12.649882,0.000000,0.000000,9.105886,0.629235
12.693259,0.000000,0.000000,9.091262,0.629235
12.734967,0.000000,0.000000,9.073711,0.629235
12.769769,9.000000,9.000000,9.206143,0.629235
12.814181,9.000000,3.731640,9.244266,0.629235
12.858085,9.000000,7.648851,9.361160,0.629235
12.893289,0.000000,0.000000,9.343276,0.629235
12.935059,0.000000,0.000000,9.328896,0.629235
12.972198,0.000000,0.000000,9.311921,0.629235
13.011035,0.000000,0.000000,9.296750,0.629235
13.051482,0.000000,0.000000,9.280954,0.629235
13.093690,0.000000,0.000000,9.264539,0.629235
13.141209,0.000000,0.000000,9.246923,0.629235
13.177427,0.000000,0.000000,9.228147,0.629235
13.213034,0.000000,0.000000,9.213176,0.629235
13.248976,0.000000,0.000000,9.198985,0.629235
13.292914,0.000000,0.000000,9.184470,0.629235
13.334343,0.000000,0.000000,9.166629,0.629235
13.375077,0.000000,0.000000,9.149917,0.629235
13.416164,0.000000,0.000000,9.133431,0.629235
13.450574,0.000000,0.000000,9.116727,0.629235
13.491608,0.000000,0.000000,9.102857,0.629235
13.533813,0.000000,0.000000,9.086442,0.629235
13.574437,9.000000,9.000000,9.220750,0.629235
13.609419,9.000000,3.735313,9.265083,0.629235
13.653617,9.000000,7.648299,9.358331,0.629235
13.695836,9.000000,4.768178,9.424172,0.629235
13.729517,0.000000,0.000000,9.406955,0.629235
13.772244,0.000000,0.000000,9.393154,0.629235
13.811757,0.000000,0.000000,9.375580,0.629235
13.848979,0.000000,0.000000,9.359670,0.629235
13.896161,0.000000,0.000000,9.344465,0.629235
13.935445,0.000000,0.000000,9.325208,0.629235
13.969675,0.000000,0.000000,9.309112,0.629235
14.010873,0.000000,0.000000,9.295332,0.629235
14.055927,0.000000,0.000000,9.278575,0.629235
14.090911,0.000000,0.000000,9.260302,0.629235
14.139504,0.000000,0.000000,9.246016,0.629235
14.179438,0.000000,0.000000,9.226271,0.629235
14.213837,0.000000,0.000000,9.210055,0.629235
14.252657,0.000000,0.000000,9.196223,0.629235
14.295118,0.000000,0.000000,9.180477,0.629235
14.338466,0.000000,0.000000,9.163297,0.629235
14.378916,0.000000,0.000000,9.145756,0.629235
14.413916,0.000000,0.000000,9.129401,0.629235
14.453409,0.000000,0.000000,9.115279,0.629235
14.491324,0.000000,0.000000,9.099305,0.629235
14.528814,0.000000,0.000000,9.084030,0.629235
14.569981,9.000000,9.000000,9.203823,0.629235
14.614546,9.000000,3.731056,9.248437,0.629235
14.650689,9.000000,7.649719,9.366345,0.629235
14.694914,9.000000,4.768843,9.420408,0.629235
14.731201,0.000000,0.000000,9.402366,0.629235
14.773060,0.000000,0.000000,9.387458,0.629235
14.814320,0.000000,0.000000,9.370463,0.629235
14.852051,0.000000,0.000000,9.353632,0.629235
14.890945,0.000000,0.000000,9.338190,0.629235
14.934955,0.000000,0.000000,9.322376,0.629235
14.972745,0.000000,0.000000,9.304328,0.629235
15.012309,0.000000,0.000000,9.289090,0.629235
15.055240,0.000000,0.000000,9.272998,0.629235
15.089190,0.000000,0.000000,9.255575,0.629235
15.140595,0.000000,0.000000,9.241766,0.629235
15.174764,0.000000,0.000000,9.220939,0.629235
15.211124,0.000000,0.000000,9.207085,0.629235
15.254141,0.000000,0.000000,9.192395,0.629235
15.288908,0.000000,0.000000,9.174915,0.629235
15.331213,0.000000,0.000000,9.160900,0.629235
15.374534,0.000000,0.000000,9.143754,0.629235
15.414704,0.000000,0.000000,9.126236,0.629235
15.449132,0.000000,0.000000,9.110055,0.629235
15.493799,0.000000,0.000000,9.096099,0.629235
15.534270,0.000000,0.000000,9.077950,0.629235
15.580942,9.000000,9.000000,9.205635,0.629235
15.616389,9.000000,3.731512,9.256245,0.629235
15.652043,9.000000,7.650195,9.350016,0.629235
15.690274,0.000000,0.000000,9.335465,0.629235
15.731503,0.000000,0.000000,9.319893,0.629235
15.770786,0.000000,0.000000,9.303114,0.629235
15.813258,0.000000,0.000000,9.287102,0.629235
15.848450,0.000000,0.000000,9.269814,0.629235
15.893764,0.000000,0.000000,9.255564,0.629235
15.930738,0.000000,0.000000,9.237174,0.629235
15.975262,0.000000,0.000000,9.222162,0.629235
16.014743,0.000000,0.000000,9.204033,0.629235
16.054359,0.000000,0.000000,9.188005,0.629235
16.089362,0.000000,0.000000,9.172117,0.629235
16.130012,0.000000,0.000000,9.157921,0.629235
16.171484,0.000000,0.000000,9.139547,0.629235
16.214639,0.000000,0.000000,9.124746,0.629235
16.252217,0.000000,0.000000,9.107355,0.629235
16.293865,0.000000,0.000000,9.092155,0.629235
16.331844,0.000000,0.000000,9.075351,0.629235
16.372021,9.000000,9.000000,9.196548,0.629235
16.408941,9.000000,3.729227,9.240062,0.629235
16.451951,9.000000,7.650203,9.338492,0.629235
16.489679,9.000000,4.762532,9.403251,0.629235
16.534437,9.000000,6.905377,9.490598,0.629235
16.574096,0.000000,0.000000,9.472252,0.629235
16.616095,0.000000,0.000000,9.455972,0.629235
16.649681,0.000000,0.000000,9.438804,0.629235
16.693859,0.000000,0.000000,9.425104,0.629235
16.732612,0.000000,0.000000,9.407023,0.629235
16.774258,0.000000,0.000000,9.391218,0.629235
16.813738,0.000000,0.000000,9.374190,0.629235
16.852168,0.000000,0.000000,9.358084,0.629235
16.893362,0.000000,0.000000,9.342432,0.629235
16.932278,0.000000,0.000000,9.325566,0.629235
16.975142,0.000000,0.000000,9.309789,0.629235
17.019347,0.000000,0.000000,9.292267,0.629235
17.052007,0.000000,0.000000,9.274355,0.629235
17.096014,0.000000,0.000000,9.261125,0.629235
17.136837,0.000000,0.000000,9.242956,0.629235
17.187988,0.000000,0.000000,9.226516,0.629235
17.224497,0.000000,0.000000,9.205962,0.629235
17.259381,0.000000,0.000000,9.191147,0.629235
17.291559,0.000000,0.000000,9.176917,0.629235
17.330370,0.000000,0.000000,9.164020,0.629235
17.373729,0.000000,0.000000,9.148318,0.629235
17.413586,0.000000,0.000000,9.130763,0.629235
17.457033,0.000000,0.000000,9.114617,0.629235
17.491110,0.000000,0.000000,9.097063,0.629235
17.532027,0.000000,0.000000,9.083342,0.629235
17.573915,9.000000,9.000000,9.213885,0.629235
17.614383,9.000000,3.733586,9.259201,0.629235
17.647863,9.000000,7.648965,9.366206,0.629235
17.691062,0.000000,0.000000,9.352537,0.629235
17.729483,0.000000,0.000000,9.334923,0.629235
17.773442,0.000000,0.000000,9.319292,0.629235
17.813670,0.000000,0.000000,9.301371,0.629235
17.854556,0.000000,0.000000,9.284995,0.629235
17.894054,0.000000,0.000000,9.268420,0.629235
17.934243,0.000000,0.000000,9.252383,0.629235
17.975279,0.000000,0.000000,9.236098,0.629235
18.011230,0.000000,0.000000,9.219384,0.629235
18.049616,0.000000,0.000000,9.204819,0.629235
18.090411,0.000000,0.000000,9.189296,0.629235
18.130840,0.000000,0.000000,9.172502,0.629235
18.168924,0.000000,0.000000,9.156403,0.629235
18.210881,0.000000,0.000000,9.141033,0.629235
18.254635,0.000000,0.000000,9.124044,0.629235
18.291538,0.000000,0.000000,9.106451,0.629235
18.335475,0.000000,0.000000,9.091518,0.629235
18.374590,0.000000,0.000000,9.073814,0.629235
18.410519,9.000000,9.000000,9.198550,0.629235
18.449428,9.000000,3.729730,9.237573,0.629235
18.496371,9.000000,7.649570,9.340806,0.629235
18.529886,9.000000,4.763495,9.410884,0.629235
18.575574,9.000000,6.905684,9.489635,0.629235
18.611037,0.000000,0.000000,9.470808,0.629235
18.653680,0.000000,0.000000,9.456380,0.629235
18.695906,0.000000,0.000000,9.438770,0.629235
18.735185,0.000000,0.000000,9.421663,0.629235
18.769848,0.000000,0.000000,9.405489,0.629235
18.812221,0.000000,0.000000,9.391468,0.629235
18.854864,0.600000,0.600000,9.384302,0.629235
18.893389,1.200000,1.200000,9.387338,0.629235
18.930865,1.800000,1.800000,9.399377,0.629235
18.976269,2.400000,2.400000,9.419912,0.629235
19.009482,3.000000,3.000000,9.455708,0.629235
19.051548,3.600000,3.600000,9.490178,0.629235
19.093523,4.200000,4.200000,9.543010,0.629235
19.137701,4.800000,4.800000,9.606415,0.629235
19.174979,5.400000,5.400000,9.683241,0.629235
19.226160,6.000000,6.000000,9.781631,0.629235
19.254214,6.599999,6.056457,9.860613,0.629235
19.292076,7.199999,6.028794,9.916145,0.629235
19.333718,7.799999,6.058190,9.991291,0.629235
19.376088,8.400000,6.049658,10.074599,0.629235
19.408749,9.000000,6.069890,10.159683,0.629235
19.451818,9.600000,6.069782,10.225050,0.629235
19.493442,10.200001,6.080945,10.311229,0.629235
19.534078,10.800001,6.087613,10.395174,0.629235
19.571100,11.400002,6.097144,10.476380,0.629235
19.613108,12.000002,6.104215,10.550870,0.629235
19.650932,12.600002,6.111918,10.635416,0.629235
19.693490,13.200003,6.120924,10.711468,0.629235
19.735458,13.800003,6.127600,10.797803,0.629235
19.770887,14.400003,6.137703,10.882381,0.629235
19.815525,15.000004,6.145152,10.953932,0.629235
19.852827,15.600004,6.152253,11.043987,0.629235
19.895634,16.200005,6.162805,11.119398,0.629235
19.931627,16.800005,6.168494,11.205673,0.629235
19.973666,17.400005,6.179442,11.278879,0.629235
20.011605,18.000006,6.184561,11.364146,0.629235
20.054099,18.600006,6.195789,11.440941,0.629235
20.096750,19.200006,6.201420,11.527527,0.629235
20.134837,19.800007,6.212591,11.614141,0.629235
20.174099,20.000000,6.220052,11.691804,0.629235
20.210447,20.000000,6.228509,11.771546,0.629235
20.260053,20.000000,6.236692,11.846555,0.629235
20.291867,20.000000,6.244271,11.947234,0.629235
20.331499,20.000000,6.256765,12.011936,0.629235
20.374670,20.000000,6.259753,12.092496,0.629235
20.411947,20.000000,6.271858,12.180853,0.629235
20.458737,20.000000,6.279326,12.257062,0.629235
20.496195,20.000000,6.287770,12.353172,0.629235
20.535284,20.000000,6.299102,12.430050,0.629235
20.571328,20.000000,6.305211,12.509684,0.629235
20.610147,20.000000,6.315253,12.584046,0.629235
20.652184,20.000000,6.321842,12.663866,0.629235
20.691274,20.000000,6.331668,12.749961,0.629235
20.731075,20.000000,6.340550,12.830483,0.629235
20.773986,20.000000,6.349097,12.912403,0.629235
20.815217,20.000000,6.358146,13.000959,0.629235
20.850096,20.000000,6.368093,13.085752,0.629235
20.891799,20.000000,6.376846,13.158035,0.629235
20.934218,20.000000,6.384172,13.243937,0.629235
20.971990,20.000000,6.394862,13.331775,0.629235
21.013830,20.000000,6.403822,13.410252,0.629235
21.051631,20.000000,6.412241,13.496470,0.629235
21.097059,20.000000,6.422423,13.575050,0.629235
21.129366,20.000000,6.430181,13.669308,0.629235
21.174199,20.000000,6.442300,13.736658,0.629235
21.236533,20.000000,6.446932,13.829371,0.629235
21.260585,20.000000,6.460778,13.958660,0.629235
21.295140,20.000000,6.475620,14.011477,0.629235
21.328679,20.000000,6.476122,14.082020,0.629235
21.376987,20.000000,6.488581,14.151290,0.629235
21.414120,20.000000,6.493582,14.251893,0.629235
21.454343,20.000000,6.508811,14.329713,0.629235
21.493560,20.000000,6.513798,14.413728,0.629235
21.534465,20.000000,6.526098,14.495578,0.629235
21.569082,20.000000,6.533676,14.580716,0.629235
21.612902,20.000000,6.544709,14.653303,0.629235
21.652973,20.000000,6.551444,14.745106,0.629235
21.693894,20.000000,6.564271,14.829158,0.629235
21.735850,20.000000,6.572144,14.915324,0.629235
21.769401,20.000000,6.583355,15.003632,0.629235
21.810346,20.000000,6.593059,15.073664,0.629235
21.851448,20.000000,6.600324,15.160086,0.629235
21.893095,20.000000,6.612056,15.246411,0.629235
21.935925,20.000000,6.621241,15.334639,0.629235
21.968173,20.000000,6.632291,15.424600,0.629235
22.014742,20.000000,6.642645,15.492699,0.629235
22.048696,20.000000,6.649392,15.590849,0.629235
22.090051,20.000000,6.663800,15.662640,0.629235
22.130240,20.000000,6.669035,15.750153,0.629235
22.173604,20.000000,6.682398,15.835375,0.629235
22.215240,20.000000,6.690827,15.927062,0.629235
22.265611,20.000000,6.703267,16.026854,0.629235
22.301182,20.000000,6.715053,16.122370,0.629235
22.335414,20.000000,6.726465,16.197849,0.629235
22.374082,20.000000,6.734379,16.270798,0.629235
22.409529,20.000000,6.743772,16.352902,0.629235
22.453156,20.000000,6.754119,16.428916,0.629235
22.494508,20.000000,6.762844,16.521157,0.629235
22.533105,20.000000,6.775554,16.609337,0.629235
22.574716,20.000000,6.785404,16.691773,0.629235
22.608143,20.000000,6.795753,16.780716,0.629235
22.654451,20.000000,6.807119,16.852569,0.629235
22.694295,20.000000,6.814748,16.951266,0.629235
22.734717,20.000000,6.829503,17.036412,0.629235
22.771595,20.000000,6.837983,17.122967,0.629235
22.808516,20.000000,6.850076,17.202286,0.629235
22.849358,20.000000,6.858950,17.281567,0.629235
22.893939,20.000000,6.869535,17.368847,0.629235
22.931249,20.000000,6.880813,17.465227,0.629235
22.970955,20.000000,6.893537,17.544988,0.629235
23.014549,20.000000,6.902384,17.630485,0.629235
23.054555,20.000000,6.914362,17.724346,0.629235
23.089533,20.000000,6.926417,17.810557,0.629235
23.132950,20.000000,6.937016,17.886194,0.629235
23.169583,20.000000,6.946351,17.980105,0.629235
23.213140,20.000000,6.959907,18.059312,0.629235
23.253622,20.000000,6.968564,18.153129,0.629235
23.298258,20.000000,6.982542,18.240891,0.629235
23.331571,20.000000,6.992775,18.337742,0.629235
23.374157,20.000000,7.006680,18.409681,0.629235
23.414235,20.000000,7.013982,18.502117,0.629235
23.452876,20.000000,7.028550,18.589037,0.629235
23.493918,20.000000,7.038583,18.672987,0.629235
23.534491,20.000000,7.050270,18.762253,0.629235
23.569019,20.000000,7.062264,18.850583,0.629235
23.612758,20.000000,7.073987,18.925631,0.629235
23.647832,20.000000,7.083271,19.021011,0.629235
23.692892,20.000000,7.097773,19.097766,0.629235
23.730574,20.000000,7.106199,19.196453,0.629235
23.769623,20.000000,7.121863,19.278382,0.629235
23.810682,20.000000,7.130903,19.363467,0.629235
23.849143,20.000000,7.143685,19.453347,0.629235
23.887403,20.000000,7.155758,19.538351,0.629235
23.931598,20.000000,7.167242,19.621630,0.629235
23.968389,20.000000,7.178703,19.718573,0.629235
24.012972,20.000000,7.192970,19.799196,0.629235
24.056008,20.000000,7.202766,19.897153,0.629235
24.092887,20.000000,7.218102,19.991702,0.629235
24.136393,20.000000,7.230360,20.073566,0.629235
24.172925,20.000000,7.241487,20.168760,0.629235
24.215991,20.000000,7.255861,20.249416,0.629235
24.253666,20.000000,7.265938,20.344423,0.629235
24.306033,20.000000,7.280849,20.428146,0.629235
24.341674,20.000000,7.291445,20.543484,0.629235
24.374422,20.000000,7.310394,20.622556,0.629235
24.414276,20.000000,7.318472,20.694528,0.629235
24.448583,20.000000,7.329765,20.783316,0.629235
24.490916,20.000000,7.343185,20.859306,0.629235
24.530132,20.000000,7.353149,20.952795,0.629235
24.569378,20.000000,7.368199,21.040220,0.629235
24.614878,20.000000,7.379958,21.127593,0.629235
24.648134,20.000000,7.393127,21.229103,0.629235
24.690179,20.000000,7.408700,21.302602,0.629235
24.730651,20.000000,7.417578,21.395999,0.629235
24.770224,20.000000,7.433341,21.487271,0.629235
24.810331,20.000000,7.445957,21.574342,0.629235
24.847447,20.000000,7.459029,21.664237,0.629235
24.890125,20.000000,7.472571,21.746879,0.629235
24.930009,20.000000,7.484480,21.842694,0.629235
24.973284,20.000000,7.499844,21.932069,0.629235
25.013683,20.000000,7.512584,22.028816,0.629235
25.052241,20.000000,7.527958,22.119383,0.629235
25.089954,20.000000,7.541096,22.205509,0.629235
25.129889,20.000000,7.554224,22.290429,0.629235
25.170797,20.000000,7.567165,22.380284,0.629235
25.214399,20.000000,7.581281,22.472691,0.629235
25.252009,20.000000,7.595565,22.570466,0.629235
25.289526,20.000000,7.611000,22.655289,0.629235
25.331774,20.000000,7.623336,22.739769,0.629235
25.368668,20.000000,7.636802,22.835737,0.629235
25.410133,20.000000,7.652369,22.918721,0.629235
25.452349,20.000000,7.664477,23.012987,0.629235
25.487047,20.000000,7.680309,23.108032,0.629235
25.530681,20.000000,7.695052,23.186790,0.629235
25.570256,0.001000,0.001000,23.151528,0.629235
25.608412,0.001000,0.001000,23.119503,0.629235
25.652948,0.001000,0.001000,23.088619,0.629235
25.692801,0.001000,0.001000,23.052746,0.629235
25.733494,0.001000,0.001000,23.020459,0.629235
25.772407,0.001000,0.001000,22.987888,0.629235
25.815971,0.001000,0.001000,22.956663,0.629235
25.848678,0.001000,0.001000,22.921829,0.629235
25.889742,0.001000,0.001000,22.895679,0.629235
25.931793,0.001000,0.001000,22.862973,0.629235
25.971905,0.001000,0.001000,22.829418,0.629235
26.009415,0.001000,0.001000,22.797430,0.629235
26.052700,0.001000,0.001000,22.767559,0.629235
26.092024,0.001000,0.001000,22.733112,0.629235
26.133550,0.001000,0.001000,22.702142,0.629235
26.173837,0.001000,0.001000,22.669241,0.629235
26.209168,0.001000,0.001000,22.637624,0.629235
26.253905,0.001000,0.001000,22.609613,0.629235
26.290627,0.001000,0.001000,22.574560,0.629235
26.336671,0.001000,0.001000,22.545737,0.629235
26.369951,0.001000,0.001000,22.509670,0.629235
26.410008,0.001000,0.001000,22.483612,0.629235
26.452531,0.001000,0.001000,22.452099,0.629235
26.488206,0.001000,0.001000,22.418874,0.629235
26.533125,0.001000,0.001000,22.391267,0.629235
26.571502,0.001000,0.001000,22.356324,0.629235
26.609735,0.001000,0.001000,22.326529,0.629235
26.648440,0.001000,0.001000,22.296789,0.629235
26.694230,0.001000,0.001000,22.266916,0.629235
26.731420,0.001000,0.001000,22.231523,0.629235
26.769476,0.001000,0.001000,22.202811,0.629235
26.813123,0.001000,0.001000,22.173533,0.629235
26.852652,0.001000,0.001000,22.139990,0.629235
26.891624,0.001000,0.001000,22.109551,0.629235
26.930730,0.001000,0.001000,22.079630,0.629235
26.974187,0.001000,0.001000,22.049697,0.629235
27.015845,0.001000,0.001000,22.016520,0.629235
27.047516,0.001000,0.001000,21.984778,0.629235
27.091748,0.001000,0.001000,21.960629,0.629235
27.131463,0.001000,0.001000,21.926961,0.629235
27.172706,0.001000,0.001000,21.896824,0.629235
27.208374,0.001000,0.001000,21.865414,0.629235
27.254449,0.001000,0.001000,21.838551,0.629235
27.290057,0.001000,0.001000,21.803762,0.629235
27.333517,0.001000,0.001000,21.776691,0.629235
27.367891,0.001000,0.001000,21.744049,0.629235
27.411959,0.001000,0.001000,21.718235,0.629235
27.450013,0.001000,0.001000,21.685131,0.629235
27.494812,0.001000,0.001000,21.656411,0.629235
27.531859,0.001000,0.001000,21.622940,0.629235
27.573433,0.001000,0.001000,21.595257,0.629235
27.614179,0.001000,0.001000,21.564254,0.629235
27.652715,0.001000,0.001000,21.533894,0.629235
27.692470,0.001000,0.001000,21.505150,0.629235
27.734185,0.001000,0.001000,21.475455,0.629235
27.769549,0.001000,0.001000,21.444713,0.629235
27.812791,0.001000,0.001000,21.418565,0.629235
27.851195,0.001000,0.001000,21.386449,0.629235
27.890160,0.001000,0.001000,21.358070,0.629235
27.929127,0.001000,0.001000,21.329403,0.629235
27.971557,0.001000,0.001000,21.300777,0.629235
28.014490,0.001000,0.001000,21.269490,0.629235
28.055279,0.001000,0.001000,21.238012,0.629235
28.097170,0.001000,0.001000,21.208022,0.629235
28.128588,0.001000,0.001000,21.177427,0.629235
28.170853,0.001000,0.001000,21.154272,0.629235
28.213086,0.001000,0.001000,21.123661,0.629235
28.253047,0.001000,0.001000,21.092953,0.629235
28.296421,0.001000,0.001000,21.063809,0.629235
28.345289,0.001000,0.001000,21.026782,0.629235
28.382220,0.001000,0.001000,20.996706,0.629235
28.419404,0.001000,0.001000,20.970080,0.629235
28.455063,0.001000,0.001000,20.943017,0.629235
28.494408,0.001000,0.001000,20.917496,0.629235
28.532064,0.001000,0.001000,20.889223,0.629235
28.575460,0.001000,0.001000,20.862148,0.629235
28.609800,0.001000,0.001000,20.830787,0.629235
28.652030,0.001000,0.001000,20.805871,0.629235
28.693212,0.001000,0.001000,20.776005,0.629235
28.737587,0.001000,0.001000,20.746487,0.629235
28.770257,0.001000,0.001000,20.714841,0.629235
28.811873,0.001000,0.001000,20.691539,0.629235
28.851719,0.001000,0.001000,20.661911,0.629235
28.891593,0.001000,0.001000,20.633573,0.629235
28.931400,0.001000,0.001000,20.605161,0.629235
28.973139,0.001000,0.001000,20.576311,0.629235
29.011520,0.001000,0.001000,20.547415,0.629235
29.051530,0.001000,0.001000,20.520382,0.629235
29.093667,0.001000,0.001000,20.491992,0.629235
29.136284,0.001000,0.001000,20.462207,0.629235
29.170302,0.001000,0.001000,20.432371,0.629235
29.207877,0.001000,0.001000,20.408460,0.629235
29.253613,0.001000,0.001000,20.382124,0.629235
29.292540,0.001000,0.001000,20.350029,0.629235
29.336479,0.001000,0.001000,20.322542,0.629235
29.372731,0.001000,0.001000,20.292004,0.629235
29.408131,0.001000,0.001000,20.266819,0.629235
29.450501,0.001000,0.001000,20.242099,0.629235
29.492415,0.001000,0.001000,20.212248,0.629235
29.529559,0.001000,0.001000,20.183415,0.629235
29.573859,0.001000,0.001000,20.157715,0.629235
29.608031,0.001000,0.001000,20.127045,0.629235
29.652049,0.001000,0.001000,20.103443,0.629235
29.694931,0.001000,0.001000,20.072987,0.629235
29.727192,0.001000,0.001000,20.043442,0.629235
29.774555,0.001000,0.001000,20.020690,0.629235
29.815649,0.001000,0.001000,19.988584,0.629235
29.856827,0.001000,0.001000,19.960350,0.629235
29.890259,0.001000,0.001000,19.932132,0.629235
29.933018,0.001000,0.001000,19.909268,0.629235
29.973865,0.001000,0.001000,19.880066,0.629235
30.015230,0.001000,0.001000,19.852181,0.629235
30.048852,0.001000,0.001000,19.823995,0.629235
30.091226,0.001000,0.001000,19.800891,0.629235
30.132167,0.001000,0.001000,19.772246,0.629235
30.175288,0.001000,0.001000,19.744371,0.629235
30.210888,0.001000,0.001000,19.715240,0.629235
30.252615,0.001000,0.001000,19.691067,0.629235
30.296864,0.001000,0.001000,19.662899,0.629235
30.330884,0.001000,0.001000,19.633024,0.629235
30.368168,0.001000,0.001000,19.609877,0.629235
30.413021,0.001000,0.001000,19.584985,0.629235
30.456515,0.001000,0.001000,19.554845,0.629235
30.492023,0.001000,0.001000,19.525640,0.629235
30.533862,0.001000,0.001000,19.501749,0.629235
30.571985,0.001000,0.001000,19.473862,0.629235
30.611968,0.001000,0.001000,19.448223,0.629235
30.651594,0.001000,0.001000,19.421619,0.629235
30.692421,0.001000,0.001000,19.395212,0.629235
30.731154,0.001000,0.001000,19.367848,0.629235
30.771152,0.001000,0.001000,19.342255,0.629235
30.814602,0.001000,0.001000,19.315652,0.629235
30.852417,0.001000,0.001000,19.286913,0.629235
30.892372,0.001000,0.001000,19.261911,0.629235
30.933054,0.001000,0.001000,19.235366,0.629235
30.971770,0.001000,0.001000,19.208615,0.629235
31.012261,0.001000,0.001000,19.182995,0.629235
31.050127,0.001000,0.001000,19.156402,0.629235
31.090954,0.001000,0.001000,19.131493,0.629235
31.133010,0.001000,0.001000,19.104672,0.629235
31.175686,0.001000,0.001000,19.077133,0.629235
31.216325,0.001000,0.001000,19.049020,0.629235
31.248654,0.001000,0.001000,19.022487,0.629235
31.295118,0.001000,0.001000,19.001425,0.629235
31.334436,0.001000,0.001000,18.971174,0.629235
31.377012,0.001000,0.001000,18.945628,0.629235
31.419138,0.001000,0.001000,18.917703,0.629235
31.454285,0.001000,0.001000,18.890512,0.629235
31.491692,0.001000,0.001000,18.867449,0.629235
31.529796,0.001000,0.001000,18.843181,0.629235
31.571850,0.001000,0.001000,18.818860,0.629235
31.613907,0.001000,0.001000,18.791634,0.629235
31.651748,0.001000,0.001000,18.764586,0.629235
31.691844,0.001000,0.001000,18.740170,0.629235
31.733405,0.001000,0.001000,18.714333,0.629235
31.771955,0.001000,0.001000,18.687649,0.629235
31.812851,0.001000,0.001000,18.662823,0.629235
31.855376,0.001000,0.001000,18.636358,0.629235
31.891448,0.001000,0.001000,18.609469,0.629235
31.930518,0.001000,0.001000,18.586465,0.629235
31.971226,0.001000,0.001000,18.561419,0.629235
32.011712,0.001000,0.001000,18.535544,0.629235
32.050585,0.001000,0.001000,18.509838,0.629235
32.092128,0.001000,0.001000,18.485153,0.629235
32.135849,0.001000,0.001000,18.458681,0.629235
32.168413,0.001000,0.001000,18.431024,0.629235
32.213052,0.001000,0.001000,18.410376,0.629235
32.252238,0.001000,0.001000,18.382174,0.629235
32.291699,0.001000,0.001000,18.357378,0.629235
32.332053,0.001000,0.001000,18.332520,0.629235
32.378596,0.001000,0.001000,18.307033,0.629235
32.414883,0.001000,0.001000,18.277625,0.629235
32.451622,0.001000,0.001000,18.255040,0.629235
32.496108,0.001000,0.001000,18.231685,0.629235
32.529138,0.001000,0.001000,18.204069,0.629235
32.572457,0.001000,0.001000,18.183441,0.629235
32.611256,0.001000,0.001000,18.156384,0.629235
32.653543,0.001000,0.001000,18.132204,0.629235
32.694191,0.001000,0.001000,18.105764,0.629235
32.738536,0.001000,0.001000,18.080509,0.629235
32.779197,0.001000,0.001000,18.052913,0.629235
32.813385,0.001000,0.001000,18.027694,0.629235
32.854355,0.001000,0.001000,18.006465,0.629235
32.891673,0.001000,0.001000,17.981104,0.629235
32.931795,0.001000,0.001000,17.957961,0.629235
32.969427,0.001000,0.001000,17.933288,0.629235
33.013452,0.001000,0.001000,17.910040,0.629235
33.057762,0.001000,0.001000,17.882937,0.629235
33.094661,0.001000,0.001000,17.855688,0.629235
33.129835,0.001000,0.001000,17.832716,0.629235
33.172913,0.001000,0.001000,17.811421,0.629235
33.214573,0.001000,0.001000,17.784960,0.629235
33.252674,0.001000,0.001000,17.759434,0.629235
33.290365,0.001000,0.001000,17.735792,0.629235
33.331513,0.001000,0.001000,17.713153,0.629235
33.373942,0.001000,0.001000,17.688067,0.629235
33.412272,0.001000,0.001000,17.662245,0.629235
33.453602,0.001000,0.001000,17.638920,0.629235
33.489765,0.001000,0.001000,17.613789,0.629235
33.532432,0.001000,0.001000,17.591898,0.629235
33.575545,0.001000,0.001000,17.566000,0.629235
33.614054,0.001000,0.001000,17.539866,0.629235
33.647776,0.001000,0.001000,17.516410,0.629235
33.691792,0.001000,0.001000,17.496315,0.629235
33.729632,0.001000,0.001000,17.469747,0.629235
33.770259,0.001000,0.001000,17.446957,0.629235
33.813519,0.001000,0.001000,17.422501,0.629235
33.848552,0.001000,0.001000,17.396493,0.629235
33.891186,0.001000,0.001000,17.375499,0.629235
33.931150,0.001000,0.001000,17.349937,0.629235
33.971848,0.001000,0.001000,17.326084,0.629235
34.011187,0.001000,0.001000,17.301698,0.629235
34.051314,0.001000,0.001000,17.278290,0.629235
34.092077,0.001000,0.001000,17.254345,0.629235
34.133862,0.001000,0.001000,17.229952,0.629235
34.169454,0.001000,0.001000,17.205154,0.629235
34.213232,0.001000,0.001000,17.183974,0.629235
34.252364,0.001000,0.001000,17.158076,0.629235
34.291144,0.001000,0.001000,17.134917,0.629235
34.328763,0.001000,0.001000,17.111925,0.629235
34.373433,0.001000,0.001000,17.089708,0.629235
34.419619,0.001000,0.001000,17.063218,0.629235
34.457707,0.001000,0.001000,17.036101,0.629235
34.491426,0.001000,0.001000,17.013688,0.629235
34.529819,0.001000,0.001000,16.993880,0.629235
34.568361,0.001000,0.001000,16.971297,0.629235
34.611101,0.001000,0.001000,16.948708,0.629235
34.655024,0.001000,0.001000,16.923640,0.629235
34.695540,0.001000,0.001000,16.897831,0.629235
34.728594,0.001000,0.001000,16.874205,0.629235
34.769768,0.001000,0.001000,16.854639,0.629235
34.812409,0.001000,0.001000,16.830893,0.629235
34.854773,0.001000,0.001000,16.806082,0.629235
34.894441,0.001000,0.001000,16.781330,0.629235
34.928207,0.001000,0.001000,16.758168,0.629235
34.971081,0.001000,0.001000,16.738436,0.629235
35.016409,0.001000,0.001000,16.713863,0.629235
35.058562,0.001000,0.001000,16.687650,0.629235
35.093446,0.001000,0.001000,16.663220,0.629235
35.129912,0.001000,0.001000,16.643077,0.629235
35.174164,0.001000,0.001000,16.622049,0.629235
35.216341,0.001000,0.001000,16.596589,0.629235
35.249102,0.001000,0.001000,16.572300,0.629235
35.292740,0.001000,0.001000,16.553357,0.629235
35.327567,0.001000,0.001000,16.528303,0.629235
35.369940,0.001000,0.001000,16.508094,0.629235
35.419281,0.001000,0.001000,16.484131,0.629235
35.460054,0.001000,0.001000,16.455932,0.629235
35.493720,0.001000,0.001000,16.432571,0.629235
35.534889,0.001000,0.001000,16.413003,0.629235
35.574300,0.001000,0.001000,16.389888,0.629235
35.612728,0.001000,0.001000,16.367521,0.629235
35.649208,0.001000,0.001000,16.345533,0.629235
35.689697,0.001000,0.001000,16.324888,0.629235
35.730474,0.001000,0.001000,16.301967,0.629235
35.769632,0.001000,0.001000,16.278816,0.629235
35.806737,0.001000,0.001000,16.256684,0.629235
35.851915,0.001000,0.001000,16.235671,0.629235
35.887724,0.001000,0.001000,16.210207,0.629235
35.928530,0.001000,0.001000,16.189676,0.629235
35.968854,0.001000,0.001000,16.167016,0.629235
36.009219,0.001000,0.001000,16.144149,0.629235
36.054363,0.001000,0.001000,16.121423,0.629235
36.087193,0.001000,0.001000,16.096200,0.629235
36.129684,0.001000,0.001000,16.077740,0.629235
36.167281,0.001000,0.001000,16.053972,0.629235
36.209438,0.001000,0.001000,16.032872,0.629235
36.252636,0.001000,0.001000,16.009215,0.629235
36.298477,0.001000,0.001000,15.985244,0.629235
36.332527,0.001000,0.001000,15.959708,0.629235
36.369736,0.001000,0.001000,15.940741,0.629235
36.411384,0.001000,0.001000,15.919978,0.629235
36.451997,0.001000,0.001000,15.895269,0.629235
36.491418,0.001000,0.001000,15.874322,0.629235
36.530432,0.001000,0.001000,15.852474,0.629235
36.572562,0.001000,0.001000,15.830792,0.629235
36.610811,0.001000,0.001000,15.807560,0.629235
36.647443,0.001000,0.001000,15.786430,0.629235
36.689108,0.001000,0.001000,15.766158,0.629235
36.731086,0.001000,0.001000,15.743245,0.629235
36.774394,0.001000,0.001000,15.720026,0.629235
36.811507,0.001000,0.001000,15.696183,0.629235
36.850040,0.001000,0.001000,15.675725,0.629235
36.891800,0.001000,0.001000,15.654725,0.629235
36.928924,0.001000,0.001000,15.631809,0.629235
36.971076,0.001000,0.001000,15.611450,0.629235
37.011748,0.001000,0.001000,15.588459,0.629235
37.052238,0.001000,0.001000,15.566203,0.629235
37.091852,0.001000,0.001000,15.544102,0.629235
37.127376,0.001000,0.001000,15.522549,0.629235
37.171053,0.001000,0.001000,15.502833,0.629235
37.206754,0.001000,0.001000,15.479342,0.629235
37.252741,0.001000,0.001000,15.459987,0.629235
37.293457,0.001000,0.001000,15.434959,0.629235
37.340961,0.001000,0.001000,15.411826,0.629235
37.377874,0.001000,0.001000,15.387163,0.629235
37.410257,0.001000,0.001000,15.367177,0.629235
37.453227,0.001000,0.001000,15.349248,0.629235
37.493822,0.001000,0.001000,15.326523,0.629235
37.536078,0.001000,0.001000,15.304585,0.629235
37.569266,0.001000,0.001000,15.281865,0.629235
37.611020,0.001000,0.001000,15.263921,0.629235
37.651611,0.001000,0.001000,15.241601,0.629235
37.691342,0.001000,0.001000,15.219821,0.629235
37.730125,0.001000,0.001000,15.198469,0.629235
37.771654,0.001000,0.001000,15.177722,0.629235
37.808875,0.001000,0.001000,15.155454,0.629235
37.851098,0.001000,0.001000,15.135586,0.629235
37.890651,0.001000,0.001000,15.113015,0.629235
37.933669,0.001000,0.001000,15.091636,0.629235
37.967589,0.001000,0.001000,15.069012,0.629235
38.012503,0.001000,0.001000,15.050997,0.629235
38.052860,0.001000,0.001000,15.027120,0.629235
38.092592,0.001000,0.001000,15.005656,0.629235
38.133147,0.001000,0.001000,14.984434,0.629235
38.172132,0.001000,0.001000,14.963127,0.629235
38.207565,0.001000,0.001000,14.942483,0.629235
38.249903,0.001000,0.001000,14.923683,0.629235
38.290949,0.001000,0.001000,14.901360,0.629235
38.327724,0.001000,0.001000,14.879655,0.629235
38.371570,0.001000,0.001000,14.860349,0.629235
38.421276,0.001000,0.001000,14.837211,0.629235
38.458674,0.001000,0.001000,14.810683,0.629235
38.492692,0.001000,0.001000,14.791361,0.629235
38.528849,0.001000,0.001000,14.773493,0.629235
38.571764,0.001000,0.001000,14.754645,0.629235
38.606841,0.001000,0.001000,14.732110,0.629235
38.652361,0.001000,0.001000,14.713757,0.629235
38.688090,0.001000,0.001000,14.690032,0.629235
38.730389,0.001000,0.001000,14.671346,0.629235
38.767900,0.001000,0.001000,14.649321,0.629235
38.810708,0.001000,0.001000,14.629714,0.629235
38.855560,0.001000,0.001000,14.607432,0.629235
38.887788,0.001000,0.001000,14.584152,0.629235
38.927671,0.001000,0.001000,14.567372,0.629235
38.968583,0.001000,0.001000,14.546587,0.629235
39.010200,0.001000,0.001000,14.525413,0.629235
39.054383,0.001000,0.001000,14.503853,0.629235
39.091317,0.001000,0.001000,14.481075,0.629235
39.130053,0.001000,0.001000,14.461846,0.629235
39.169866,0.001000,0.001000,14.441988,0.629235
39.214896,0.001000,0.001000,14.421461,0.629235
39.246187,0.001000,0.001000,14.398282,0.629235
39.290334,0.001000,0.001000,14.382216,0.629235
39.331554,0.001000,0.001000,14.359471,0.629235
39.374048,0.001000,0.001000,14.338321,0.629235
39.406382,0.001000,0.001000,14.316530,0.629235
39.452848,0.001000,0.001000,14.293687,0.629235
39.496536,0.001000,0.001000,14.276000,0.629235
39.531654,0.001000,0.001000,14.253821,0.629235
39.567873,0.001000,0.001000,14.235919,0.629235
39.612430,0.001000,0.001000,14.217406,0.629235
39.654669,0.001000,0.001000,14.194570,0.629235
39.692111,0.001000,0.001000,14.173214,0.629235
39.738599,0.001000,0.001000,14.153908,0.629235
39.775969,0.001000,0.001000,14.130265,0.629235
39.815110,0.001000,0.001000,14.111123,0.629235
39.851050,0.001000,0.001000,14.091531,0.629235
39.890379,0.001000,0.001000,14.073334,0.629235
39.931803,0.001000,0.001000,14.053016,0.629235
39.968465,0.001000,0.001000,14.032519,0.629235
40.012909,0.001000,0.001000,14.014058,0.629235
40.050433,0.001000,0.001000,13.991563,0.629235
40.094689,0.001000,0.001000,13.972398,0.629235
40.133926,0.001000,0.001000,13.950189,0.629235
40.168274,0.001000,0.001000,13.930645,0.629235
40.211677,0.001000,0.001000,13.913303,0.629235
40.253499,0.001000,0.001000,13.891592,0.629235
40.293657,0.001000,0.001000,13.870562,0.629235
40.328758,0.001000,0.001000,13.850507,0.629235
40.371203,0.001000,0.001000,13.832736,0.629235
40.410124,0.001000,0.001000,13.811722,0.629235
40.462430,0.001000,0.001000,13.791835,0.629235
40.535812,0.001000,0.001000,13.765820,0.629235
40.556982,0.001000,0.001000,13.729480,0.629235
40.575011,0.001000,0.001000,13.718983,0.629235
40.613103,0.001000,0.001000,13.709756,0.629235
40.651497,0.001000,0.001000,13.691115,0.629235
40.688565,0.001000,0.001000,13.672074,0.629235
40.727009,0.001000,0.001000,13.653642,0.629235
40.768883,0.001000,0.001000,13.634531,0.629235
40.813454,0.001000,0.001000,13.613922,0.629235
40.852858,0.001000,0.001000,13.591846,0.629235
40.891537,0.001000,0.001000,13.572363,0.629235
40.933012,0.001000,0.001000,13.553245,0.629235
40.971604,0.001000,0.001000,13.532805,0.629235
41.011920,0.001000,0.001000,13.513685,0.629235
41.050591,0.001000,0.001000,13.493960,0.629235
41.092007,0.001000,0.001000,13.474911,0.629235
41.132715,0.001000,0.001000,13.454552,0.629235
41.171557,0.001000,0.001000,13.434620,0.629235
41.210188,0.001000,0.001000,13.415503,0.629235
41.248467,0.001000,0.001000,13.396549,0.629235
41.290871,0.001000,0.001000,13.377846,0.629235
41.331784,0.001000,0.001000,13.357131,0.629235
41.375673,0.001000,0.001000,13.337084,0.629235
41.411209,0.001000,0.001000,13.315683,0.629235
41.450145,0.001000,0.001000,13.298363,0.629235
41.490760,0.001000,0.001000,13.279336,0.629235
41.530580,0.001000,0.001000,13.259628,0.629235
41.571623,0.001000,0.001000,13.240249,0.629235
41.609729,0.001000,0.001000,13.220340,0.629235
41.652967,0.001000,0.001000,13.201737,0.629235
41.688412,0.001000,0.001000,13.180862,0.629235
41.732168,0.001000,0.001000,13.163567,0.629235
41.774800,0.001000,0.001000,13.142497,0.629235
41.810573,0.001000,0.001000,13.121930,0.629235
41.851279,0.001000,0.001000,13.104548,0.629235
41.891895,0.001000,0.001000,13.084938,0.629235
41.931541,0.001000,0.001000,13.065062,0.629235
41.971888,0.001000,0.001000,13.046271,0.629235
42.013704,0.001000,0.001000,13.026819,0.629235
42.057120,0.001000,0.001000,13.006805,0.629235
42.093854,0.001000,0.001000,12.985923,0.629235
42.132196,0.001000,0.001000,12.968253,0.629235
42.174502,0.001000,0.001000,12.949867,0.629235
42.211573,0.001000,0.001000,12.929618,0.629235
42.251436,0.001000,0.001000,12.911790,0.629235
42.293631,0.001000,0.001000,12.892837,0.629235
42.333775,0.001000,0.001000,12.872574,0.629235
42.368175,0.001000,0.001000,12.853546,0.629235
42.410658,0.001000,0.001000,12.837131,0.629235
42.449530,0.001000,0.001000,12.816897,0.629235
42.492725,0.001000,0.001000,12.798055,0.629235
42.528646,0.001000,0.001000,12.777753,0.629235
42.571827,0.001000,0.001000,12.760823,0.629235
42.608060,0.001000,0.001000,12.740295,0.629235
42.652142,0.001000,0.001000,12.723114,0.629235
42.692059,0.001000,0.001000,12.702213,0.629235
42.728569,0.001000,0.001000,12.683306,0.629235
42.771021,0.001000,0.001000,12.666059,0.629235
42.812099,0.001000,0.001000,12.645977,0.629235
42.852523,0.001000,0.001000,12.626599,0.629235
42.890751,0.001000,0.001000,12.607544,0.629235
42.934952,0.001000,0.001000,12.589529,0.629235
42.968166,0.001000,0.001000,12.568750,0.629235
43.009072,0.001000,0.001000,12.553108,0.629235
43.048640,0.001000,0.001000,12.533764,0.629235
43.091669,0.001000,0.001000,12.515286,0.629235
43.135432,0.001000,0.001000,12.495108,0.629235
43.168806,0.001000,0.001000,12.474640,0.629235
43.214759,0.001000,0.001000,12.458966,0.629235
43.249959,0.001000,0.001000,12.437478,0.629235
43.290517,0.001000,0.001000,12.421037,0.629235
43.334239,0.001000,0.001000,12.402074,0.629235
43.373886,0.001000,0.001000,12.381682,0.629235
43.413741,0.001000,0.001000,12.363180,0.629235
43.451539,0.001000,0.001000,12.344669,0.629235
43.496921,0.001000,0.001000,12.325863,0.629235
43.530179,0.001000,0.001000,12.305920,0.629235
43.568077,0.001000,0.001000,12.290513,0.629235
43.610242,0.001000,0.001000,12.272934,0.629235
43.650763,0.001000,0.001000,12.253256,0.629235
43.693494,0.001000,0.001000,12.234594,0.629235
43.713542,0.001000,0.000000,12.214745,0.629235
43.730265,0.001000,0.000000,12.205493,0.629235
44.854150,0.001000,0.000000,12.197624,0.629235
45.877989,0.001000,0.000000,11.677779,0.629235
46.901679,0.001000,0.000000,11.215548,0.629235
47.925575,0.001000,0.000000,10.763422,0.629235
48.949755,0.001000,0.000000,10.320035,0.629235
49.974529,0.001000,0.000000,9.885293,0.629235
50.998463,0.001000,0.000000,9.458236,0.629235
52.023347,0.001000,0.000000,9.039078,0.629235
53.046819,0.001000,0.000000,8.626752,0.629235
54.071536,0.001000,0.000000,8.221508,0.629235
55.095221,0.001000,0.000000,7.822198,0.629235
56.119807,0.001000,0.000000,7.429080,0.629235
57.144221,0.001000,0.000000,7.041164,0.629235
58.167456,0.001000,0.000000,6.658516,0.629235
59.191060,0.001000,0.000000,6.281031,0.629235
60.215344,0.001000,0.000000,5.907914,0.629235
61.239690,0.001000,0.000000,5.538781,0.629235
62.263109,0.001000,0.000000,5.173437,0.629235
63.288267,0.001000,0.000000,4.811963,0.629235
64.311853,0.001000,0.000000,4.453253,0.629235
65.336593,0.001000,0.000000,4.098052,0.629235
66.357503,0.001000,0.000000,3.745390,0.629235
67.380442,0.001000,0.000000,3.396657,0.629235
68.405151,0.001000,0.000000,3.049355,0.629235
69.429570,0.001000,0.000000,2.703350,0.629235
70.454595,0.001000,0.000000,2.359534,0.629235
71.478786,0.001000,0.000000,2.017048,0.629235
72.503008,0.001000,0.000000,1.675961,0.629235
73.528071,0.001000,0.000000,1.336303,0.629235
74.551729,0.001000,0.000000,0.997403,0.629235
75.575111,0.001000,0.000000,0.659489,0.629235
76.599536,0.001000,0.000000,0.322260,0.629235
77.622810,0.001000,0.000000,0.000000,0.629235
78.646859,0.001000,0.000000,0.000000,0.629235
79.671160,0.001000,0.000000,0.000000,0.629235
80.694427,0.001000,0.000000,0.000000,0.629235
81.718354,0.001000,0.000000,0.000000,0.629235
82.741745,0.001000,0.000000,0.000000,0.629235
83.765794,0.001000,0.000000,0.000000,0.629235
84.790142,0.001000,0.000000,0.000000,0.629235
85.814362,0.001000,0.000000,0.000000,0.629235
86.838051,0.001000,0.000000,0.000000,0.629235
87.862664,0.001000,0.000000,0.000000,0.629235
89.207427,0.001000,0.000000,0.000000,0.629235
90.231472,0.001000,0.000000,0.000000,0.629235
91.262786,0.001000,0.000000,0.000000,0.629235
92.285459,0.001000,0.000000,0.000000,0.629235
93.310796,0.001000,0.000000,0.000000,0.629235
94.333975,0.001000,0.000000,0.000000,0.629235
95.358077,0.001000,0.000000,0.000000,0.629235
96.381951,0.001000,0.000000,0.000000,0.629235
97.406112,0.001000,0.000000,0.000000,0.629235
98.430059,0.001000,0.000000,0.000000,0.629235
99.453469,0.001000,0.000000,0.000000,0.629235
100.477532,0.001000,0.000000,0.000000,0.629235
101.531721,0.001000,0.000000,0.000000,0.629235
