Time(s),Set Current,Actual Current,Velocity of Vehicle (mph),,0.074458,0.000000,
0.169346,0.000000,
0.264217,0.000000,
0.360294,0.000000,
0.467143,0.000000,
0.561410,0.000000,
0.653972,0.000000,
0.743762,0.000000,
0.834002,0.000000,
0.925965,0.000000,
1.016727,0.000000,
1.108073,0.000000,
1.201467,0.000000,
1.292426,0.000000,
1.382838,0.000000,
1.475296,0.000000,
1.568664,0.000000,
1.660216,0.000000,
1.751510,0.000000,
1.845077,0.000000,
1.934847,0.000000,
2.023730,0.000000,
2.115441,0.000000,
2.205464,0.000000,
2.294524,0.000000,
2.383535,0.000000,
2.474064,0.000000,
2.563525,0.000000,
2.652131,0.000000,
2.741300,0.000000,
2.829968,0.000000,
2.918052,0.000000,
3.007954,0.000000,
3.096943,0.000000,
3.185645,0.000000,
3.274209,0.000000,
3.363694,0.000000,
3.452548,0.000000,
3.540847,0.000000,
3.629550,0.000000,
3.718509,0.000000,
3.807808,0.000000,
3.896459,0.000000,
3.986677,0.000000,
4.076551,0.000000,
4.165193,0.000000,
4.253064,0.000000,
4.341965,0.000000,
4.431237,0.000000,
4.519424,0.000000,
4.608787,0.000000,
4.697130,0.000000,
4.786138,0.000000,
4.876550,0.000000,
4.964939,0.000000,
5.053661,0.000000,
5.141868,0.000000,
5.230093,0.000000,
5.318506,0.000000,
5.406887,0.013324,
5.501264,0.047898,
5.589398,0.107185,
5.677861,0.183867,
5.766159,0.281845,
5.855002,0.401038,
5.943676,0.542723,
6.031611,0.704338,
6.124590,0.854975,
6.213814,1.027263,
6.302521,1.179819,
6.391802,1.342949,
6.480590,1.498616,
6.568940,1.662049,
6.658353,1.817120,
6.747991,1.982591,
6.836351,2.140919,
6.926447,2.304886,
7.015649,2.465454,
7.104202,2.631096,
7.192653,2.789776,
7.281736,2.955117,
7.370241,3.115476,
7.458406,3.280200,
7.547281,3.440864,
7.637969,3.607346,
7.726163,3.773252,
7.815042,3.742872,
7.906096,3.712748,
7.994298,3.681636,
8.082049,3.651496,
8.170149,3.621529,
8.258419,3.591579,
8.348470,3.561381,
8.438243,3.530796,
8.527425,3.500108,
8.618307,3.469896,
8.707839,3.439064,
8.795940,3.408602,
8.884660,3.378687,
8.972770,3.348564,
9.060582,3.318711,
9.172457,3.288778,
9.272853,3.251029,
9.376201,3.217028,
9.464276,3.182063,
9.570687,3.152257,
9.676458,3.116132,
9.764263,3.080570,
9.870692,3.050903,
9.971574,3.014932,
10.076449,2.980734,
10.164785,2.945521,
10.272634,2.915825,
10.361600,2.879153,
10.473575,2.849507,
10.561891,2.811909,
10.672848,2.782139,
10.776621,2.744866,
10.865400,2.710056,
10.972947,2.680243,
11.073925,3.032472,
11.161812,3.086049,
11.270954,3.351970,
11.359060,3.436125,
11.466769,3.684578,
11.574655,3.647844,
11.663052,3.610863,
11.770557,3.580921,
11.874402,3.544289,
11.963809,3.508928,
12.073146,3.478537,
12.161323,3.441295,
12.265799,3.411390,
12.368662,3.375914,
12.473134,3.341004,
12.561943,3.305369,
12.672192,3.275229,
12.777283,3.238112,
12.866089,3.202543,
12.974245,3.172456,
13.062304,3.135918,
13.172876,3.106140,
13.260818,3.068791,
13.376040,3.038997,
13.464083,3.000202,
13.569855,2.970490,
13.673692,2.934875,
13.763080,2.899677,
13.870457,2.869562,
13.973145,2.833547,
14.075166,2.799091,
14.163944,2.764777,
14.271560,2.756228,
14.375606,2.771637,
14.463776,2.811469,
14.575259,2.866527,
14.664534,2.962599,
14.770349,3.060662,
14.874981,3.202625,
14.963312,3.367568,
15.070466,3.528530,
15.174067,3.729372,
15.262706,3.919365,
15.373307,4.086384,
15.461535,4.290011,
15.570105,4.456698,
15.675274,4.658579,
15.763496,4.857465,
15.868901,5.022844,
15.973449,4.985800,
16.061680,4.949072,
16.172421,4.918054,
16.273452,4.878969,
16.372328,4.843725,
16.477232,4.809210,
16.565176,4.772529,
16.673553,4.741747,
16.761579,4.703890,
16.870752,4.673137,
16.973295,4.635066,
17.074077,4.599341,
17.162051,4.564284,
17.269051,4.533493,
17.371440,4.496486,
17.476993,4.460897,
17.565023,4.424337,
17.673728,4.393822,
17.761882,4.356063,
17.873107,4.325602,
17.961415,4.287173,
18.070617,4.256639,
18.175843,4.245087,
18.263751,4.259184,
18.363412,4.292027,
18.465689,4.353078,
18.564893,4.440303,
18.669298,4.548531,
18.773445,4.687255,
18.861660,4.850846,
18.969435,5.009911,
19.076420,5.220610,
19.164398,5.417071,
19.273470,5.588407,
19.374956,5.791588,
19.462925,5.988340,
19.572503,6.154264,
19.674477,6.114488,
19.763975,6.077385,
19.870751,6.045093,
19.958282,6.006474,
20.067110,5.974786,
20.170298,5.935517,
20.258389,5.898206,
20.368414,5.866260,
20.457264,5.826622,
20.566585,5.794992,
20.672774,5.755714,
20.761243,5.717566,
20.870827,5.685778,
20.973306,5.646600,
21.073772,5.609996,
21.161643,5.574108,
21.271815,5.542488,
21.361388,5.503300,
21.466416,5.471504,
21.564945,5.434090,
21.670034,5.399075,
21.775339,5.361731,
21.863716,5.324254,
21.973241,5.292926,
22.061150,5.254246,
22.170792,5.223104,
22.274432,5.184327,
22.362865,5.147670,
22.470867,5.116488,
22.572240,5.078465,
22.673760,5.042752,
22.761532,5.007008,
22.870289,4.976156,
22.958344,4.937908,
23.065341,4.906986,
23.170306,4.869237,
23.258880,4.832561,
23.369669,4.801646,
23.470723,5.161861,
23.569092,5.236011,
23.675071,5.517199,
23.763155,5.630388,
23.869504,5.598876,
23.958069,5.560833,
24.065349,5.529226,
24.169738,5.491015,
24.272242,5.453850,
24.360468,5.417324,
24.457781,5.386023,
24.560293,5.351444,
24.665226,5.314893,
24.768389,5.277879,
24.873575,5.241365,
24.961915,5.204090,
25.070564,5.172879,
25.173649,5.134567,
25.262962,5.098196,
25.372320,5.066718,
25.460557,5.028187,
25.566837,4.996965,
25.668780,4.959799,
25.775495,4.923993,
25.863579,4.886521,
25.973560,4.855660,
26.061246,4.817105,
26.169694,5.101627,
26.271865,5.180236,
26.361507,5.475172,
26.466772,5.570688,
26.567656,5.533254,
26.655565,5.497274,
26.766112,5.465943,
26.872847,5.426502,
26.960931,5.388662,
27.060757,5.357342,
27.167315,5.321957,
27.271024,5.284176,
27.373248,5.247426,
27.461701,5.211176,
27.565746,5.179973,
27.669910,5.143250,
27.772735,5.106497,
27.860636,5.070237,
27.971814,5.039295,
28.059699,5.000146,
28.169943,4.969246,
28.270966,4.930430,
28.358938,4.895059,
28.471095,4.864228,
28.559246,4.824906,
28.668647,4.794077,
28.775554,5.149000,
28.863770,5.227096,
28.973919,5.481276,
29.062607,5.598641,
29.169589,5.566704,
29.257405,5.528829,
29.367803,5.497521,
29.472831,5.458189,
29.561424,5.420622,
29.670850,5.389225,
29.758722,5.350432,
29.869522,5.319274,
29.972982,5.279997,
30.060947,5.243364,
30.167584,5.212219,
30.273672,5.174423,
30.361605,5.137068,
30.470164,5.105986,
30.569857,5.067748,
30.672172,5.032665,
30.761847,4.996632,
30.867748,4.965123,
30.956053,4.927931,
31.064922,4.896928,
31.170389,4.858802,
31.259232,4.821746,
31.367718,4.790591,
31.456078,5.142111,
31.567970,5.206403,
31.673775,5.528720,
31.761964,5.641727,
31.869770,5.609950,
31.973041,5.571610,
32.060966,5.534624,
32.169282,5.503427,
32.257393,5.464861,
32.365552,5.433470,
32.468810,5.394837,
32.572720,5.358345,
32.661288,5.321315,
32.769492,5.290070,
32.858026,5.251478,
32.965587,5.220409,
33.071088,5.182375,
33.158581,5.145120,
33.271732,5.114145,
33.359630,5.074323,
33.469037,5.043321,
33.573046,5.002192,
33.661167,4.968308,
33.770523,4.937307,
33.858375,4.898971,
33.966140,4.868158,
34.070887,4.830385,
34.159038,5.170522,
34.266589,5.235528,
34.370590,5.544505,
34.458389,5.655378,
34.568764,5.623959,
34.657134,5.584493,
34.766539,5.552932,
34.855614,5.513755,
34.963808,5.482134,
35.062767,5.443624,
35.165741,5.408438,
35.266947,5.371822,
35.371276,5.335899,
35.459325,5.298887,
35.568405,5.267733,
35.670792,5.229042,
35.758828,5.192873,
35.866295,5.161779,
35.970069,5.123858,
36.058182,5.087245,
36.167942,5.056081,
36.256389,5.017559,
36.367093,4.986349,
36.467865,4.947504,
36.570364,4.912136,
36.658424,4.876193,
36.767019,4.845348,
36.871153,5.197733,
36.959246,5.274430,
37.065170,5.527138,
37.168111,5.640601,
37.271875,5.908174,
37.359812,5.870750,
37.467529,5.839103,
37.570649,5.800369,
37.658593,5.763323,
37.770538,5.731719,
37.858393,5.691566,
37.965178,5.660081,
38.070752,5.621580,
38.159114,5.584153,
38.266971,5.552632,
38.368908,5.513978,
38.471942,5.477821,
38.560629,5.441126,
38.669410,5.409594,
38.771207,5.370920,
38.859121,5.334794,
38.970143,5.303341,
39.058077,5.264266,
39.167006,5.233034,
39.255518,5.194410,
39.366560,5.163046,
39.472265,5.124049,
39.560888,5.086815,
39.669517,5.055586,
39.757322,5.017373,
39.867099,4.986493,
39.970734,4.947902,
40.059411,4.911528,
40.166159,4.880403,
40.270512,4.842879,
40.358579,4.806425,
40.467901,5.093333,
40.573769,5.172259,
40.661929,5.477842,
40.769562,5.571600,
40.857465,5.851785,
40.965940,5.820117,
41.071165,5.780841,
41.159478,5.743236,
41.268765,5.711418,
41.356499,5.672539,
41.465045,5.641104,
41.569465,5.602299,
41.657511,5.564946,
41.764225,5.533469,
41.866694,5.495495,
41.969322,5.458907,
42.057386,5.422452,
42.165924,5.391045,
42.254634,5.352395,
42.365354,5.321146,
42.466162,5.281633,
42.567458,5.246169,
42.655718,5.210333,
42.764808,5.179177,
42.869564,5.140605,
42.958092,5.103657,
43.066506,5.072374,
43.170428,5.034288,
43.259649,4.997592,
43.368151,4.966342,
43.470772,4.928240,
43.558896,4.892226,
43.667143,4.861266,
43.755414,4.823405,
43.868178,4.792457,
43.969490,5.158418,
44.057538,5.232340,
44.168788,5.487640,
44.257069,5.605722,
44.365925,5.574124,
44.468735,5.535343,
44.556593,5.498681,
44.664501,5.467401,
44.767705,5.428981,
44.870723,5.392294,
44.959003,5.355569,
45.067646,5.324270,
45.156464,5.285831,
45.263370,5.254267,
45.365810,5.216535,
45.468459,5.180056,
45.557212,5.144067,
45.670149,5.112751,
45.757983,5.072905,
45.858124,5.041876,
45.964840,5.006760,
46.068277,4.969231,
46.157607,4.932639,
46.264640,4.901499,
46.364513,4.863980,
46.469739,4.828918,
46.558550,4.792078,
46.662441,5.079893,
46.764153,5.155013,
46.862083,5.448425,
46.962977,5.552087,
47.066070,5.516109,
47.154406,5.479363,
47.263939,5.447794,
47.370756,5.408909,
47.458833,5.370957,
47.568215,5.339710,
47.656346,5.300922,
47.766088,5.269682,
47.853912,5.230824,
47.961873,5.199602,
48.067921,5.161621,
48.169885,5.124076,
48.258188,5.088083,
48.362181,5.057074,
48.465661,5.020464,
48.565117,4.984062,
48.668867,4.949119,
48.756718,4.912721,
48.866696,4.881901,
48.969224,4.843361,
49.058873,4.807243,
49.163452,5.096649,
49.266786,5.172480,
49.355008,5.471314,
49.462185,5.564576,
49.570522,5.844381,
49.659612,5.805430,
49.764976,5.773401,
49.865370,5.735565,
49.967423,5.699598,
50.055727,5.663023,
50.163682,5.631444,
50.266482,5.592848,
50.354408,5.556091,
50.464726,5.524711,
50.568985,5.485417,
50.657437,5.448288,
50.765598,5.416728,
50.854038,5.378178,
50.968885,5.346858,
51.058056,5.306196,
51.164298,5.274428,
51.270990,5.237009,
51.367370,5.199232,
51.455465,5.165171,
51.565162,5.134027,
51.670263,5.095394,
51.758756,5.058199,
51.868067,5.027147,
51.957671,4.988655,
52.064233,4.957218,
52.168293,4.919812,
52.270512,4.883292,
52.359412,4.847278,
52.464592,4.816282,
52.569261,4.779543,
52.658023,5.119375,
52.767495,5.183942,
52.855816,5.500061,
52.962576,5.594003,
53.065388,5.871788,
53.170202,5.834783,
53.258512,5.797033,
53.363899,5.765292,
53.465655,5.727491,
53.567171,5.691016,
53.655243,5.654643,
53.762698,5.623116,
53.866271,5.584619,
53.969804,5.547696,
54.057857,5.510817,
54.168262,5.479250,
54.256960,5.440088,
54.367099,5.408464,
54.467501,5.369413,
54.555665,5.333811,
54.665436,5.302163,
54.755492,5.263386,
54.860974,5.231740,
54.965263,5.194180,
55.053989,5.157567,
55.163456,5.126165,
55.263993,5.087549,
55.366453,5.052218,
55.455276,5.016158,
55.563811,4.984638,
55.668603,4.946732,
55.756893,4.909916,
55.866399,4.878963,
55.954487,4.840612,
56.064653,4.809678,
56.170570,5.166300,
56.259199,5.243738,
56.349258,5.499891,
56.464172,5.595827,
56.567455,5.895843,
56.655767,5.858722,
56.762779,5.827005,
56.866862,5.788540,
56.955396,5.751012,
57.049728,5.719358,
57.155521,5.685586,
57.257447,5.647653,
57.361083,5.611047,
57.466545,5.573932,
57.554582,5.536555,
57.665687,5.505185,
57.754097,5.465561,
57.863942,5.434064,
57.965710,5.394994,
58.067438,5.358888,
58.155704,5.322788,
58.265174,5.291489,
58.354465,5.252629,
58.463531,5.221116,
58.566405,5.182520,
58.654885,5.146188,
58.762259,5.114830,
58.865875,5.077060,
58.954564,5.040426,
59.064452,5.009367,
59.153221,4.970754,
59.260561,4.939560,
59.365994,4.901912,
59.454430,4.864855,
59.562675,4.833875,
59.666459,4.796034,
59.765542,5.132522,
59.853874,5.204717,
59.960818,5.459304,
60.064029,5.573997,
60.166561,5.537473,
60.255360,5.500610,
60.360550,5.469276,
60.466446,5.431787,
60.554522,5.394217,
60.660080,5.362899,
60.766894,5.325452,
60.855467,5.287553,
60.960506,5.256132,
61.065903,5.219021,
61.154075,5.181771,
61.262899,5.150514,
61.367523,5.112162,
61.455621,5.075323,
61.564655,5.044303,
61.653721,5.005869,
61.761364,4.974553,
61.863387,4.936706,
61.968824,4.900780,
62.057759,4.863774,
62.166710,4.832825,
62.255169,4.794605,
62.367571,5.081287,
62.456894,5.163031,
62.562143,5.419058,
62.666524,5.531161,
62.755155,5.802571,
62.862676,5.770885,
62.965250,5.732293,
63.066434,5.695271,
63.156287,5.659008,
63.265545,5.627095,
63.368908,5.587977,
63.457081,5.551129,
63.564283,5.519659,
63.667565,5.481471,
63.757012,5.444590,
63.863051,5.412879,
63.966732,5.375161,
64.055084,5.338258,
64.162654,5.307029,
64.268707,5.268922,
64.356884,5.231374,
64.466378,5.200156,
64.554180,5.161515,
64.662399,5.130352,
64.764762,5.092317,
64.852648,5.056219,
64.963815,5.025275,
65.051887,4.986182,
65.161731,4.955242,
65.265449,4.916678,
65.355020,4.880138,
65.462523,4.848884,
65.564451,4.811148,
65.652726,4.775529,
65.761194,5.063707,
65.864422,5.141778,
65.952762,5.438960,
66.063417,5.532555,
66.151224,5.820782,
66.250528,5.789140,
66.351447,5.753451,
66.455303,5.717309,
66.560920,5.680114,
66.649687,5.642217,
66.758563,5.610418,
66.861970,5.571500,
66.964364,5.534476,
67.053439,5.498158,
67.160939,5.466437,
67.266707,5.428157,
67.355667,5.390525,
67.463422,5.358836,
67.567583,5.320744,
67.655711,5.283813,
67.760917,5.252542,
67.866054,5.214979,
67.954257,5.178190,
68.060954,5.147033,
68.163373,5.109379,
68.251580,5.073267,
68.363651,5.042125,
68.452366,5.002591,
68.559580,4.971567,
68.665016,4.933855,
68.753595,4.896696,
68.864587,4.865713,
68.953116,4.826904,
69.059498,4.795780,
69.163948,5.140137,
69.264611,5.216101,
69.354379,5.506515,
69.460593,5.601988,
69.548897,5.879271,
69.658474,5.847508,
69.763243,5.808102,
69.851166,5.770463,
69.958228,5.738913,
70.061688,5.700507,
70.150172,5.663450,
70.259219,5.631479,
70.358422,5.592783,
70.462381,5.557333,
70.550872,5.520107,
70.660116,5.488701,
70.765056,5.449804,
70.853305,5.412455,
70.967098,5.380964,
71.055100,5.340655,
71.165876,5.309312,
71.254898,5.269962,
71.363236,5.238666,
71.466747,5.200081,
71.555577,5.163636,
71.664540,5.132362,
71.754143,5.093953,
71.858516,5.062379,
71.961259,5.025619,
72.064049,4.989291,
72.154170,4.953378,
72.247766,4.921317,
72.360805,4.888857,
72.463855,4.849241,
72.552862,4.813087,
72.658947,4.781997,
72.762906,5.127331,
72.851377,5.203034,
72.963141,5.457039,
73.064737,5.575874,
73.153615,5.841706,
73.259714,5.809784,
73.363602,5.771826,
73.451994,5.734470,
73.562301,5.702771,
73.665224,5.663300,
73.753147,5.626471,
73.861256,5.595010,
73.949371,5.556432,
74.059762,5.524873,
74.161207,5.485620,
74.259751,5.449452,
74.361525,5.414420,
74.449668,5.378255,
74.560009,5.346966,
74.665064,5.307689,
74.754480,5.270430,
74.861952,5.238885,
74.963905,5.200749,
75.052041,5.164842,
75.165888,5.133759,
75.254200,5.093544,
75.364794,5.062420,
75.452746,5.023509,
75.559905,4.992297,
75.664669,4.954917,
75.763679,4.918049,
75.851807,4.883396,
75.960295,4.852296,
76.065236,4.814482,
76.155062,4.777553,
76.262724,5.067311,
76.351355,5.145158,
76.461718,5.401552,
76.550433,5.517819,
76.660977,5.750077,
76.749129,5.710605,
76.858758,5.679001,
76.961979,5.639759,
77.065076,5.602827,
77.153643,5.565926,
77.260280,5.534187,
77.349792,5.496132,
77.459711,5.464400,
77.560917,5.425297,
77.663193,5.389361,
77.752463,5.353048,
77.858439,5.321358,
77.961735,5.283737,
78.050124,5.247210,
78.159345,5.215921,
78.262839,5.177272,
78.365556,5.140642,
78.453700,5.104517,
78.561438,5.073445,
78.661805,5.035354,
78.749872,5.000089,
78.859581,4.969138,
78.964022,4.930539,
79.053880,4.893812,
79.163328,4.862531,
79.251724,4.824145,
79.360076,4.793233,
79.463523,5.145146,
79.564955,5.221006,
79.653360,5.512323,
79.768937,5.606546,
79.856925,5.906863,
79.962830,5.875142,
80.051150,5.837008,
80.159555,5.805154,
80.261001,5.766217,
80.349260,5.729869,
80.457475,5.698225,
80.563500,5.659461,
80.651872,5.621501,
80.756663,5.589906,
80.857153,5.552476,
80.960193,5.516657,
81.048112,5.479903,
81.157871,5.448617,
81.263676,5.409526,
81.352898,5.371944,
81.456485,5.340256,
81.560358,5.303529,
81.648476,5.266653,
81.757769,5.235232,
81.865062,5.196880,
81.953712,5.158930,
82.064329,5.127636,
82.152426,5.088649,
82.259276,5.057572,
82.363692,5.019881,
82.451914,4.983247,
82.562868,4.952219,
82.651625,4.913259,
82.756468,4.882127,
82.863033,4.845366,
82.951491,4.808095,
83.061532,4.776995,
83.150398,5.133157,
83.255658,5.198096,
83.358882,5.502276,
83.463616,5.611686,
83.552053,5.884485,
83.661547,5.852361,
83.763874,5.813287,
83.852376,5.776319,
83.958615,5.744592,
84.063676,5.706603,
84.152125,5.668965,
84.260340,5.637270,
84.348416,5.598584,
84.457764,5.567054,
84.562599,5.527960,
84.663536,5.490571,
84.751386,5.454700,
84.859245,5.423489,
84.947969,5.384975,
85.060048,5.353639,
85.148260,5.313885,
85.258672,5.282623,
85.364271,5.243487,
85.452218,5.206141,
85.562123,5.174949,
85.651480,5.136190,
85.760485,5.104725,
85.863408,5.066300,
85.951658,5.030049,
86.058933,4.998860,
86.158989,4.961102,
86.262674,4.926107,
86.351199,4.889632,
86.462918,4.858727,
86.551358,4.819536,
86.657713,4.788578,
86.761370,5.133118,
86.862882,5.208713,
86.951168,5.501192,
87.060364,5.596077,
87.150365,5.878277,
87.256608,5.845861,
87.359475,5.807574,
87.453155,5.770564,
87.556231,5.737025,
87.660184,5.699890,
87.762666,5.662809,
87.851154,5.626022,
87.959198,5.594491,
88.061704,5.555903,
88.150388,5.519046,
88.259750,5.487748,
88.364206,5.448765,
88.452299,5.411601,
88.561174,5.380008,
88.649174,5.341608,
88.755257,5.310293,
88.861502,5.272839,
88.949576,5.235207,
89.059513,5.204018,
89.159566,5.165128,
89.248043,5.129855,
89.355553,5.098683,
89.460919,5.060796,
89.549793,5.023452,
89.656722,4.992372,
89.760170,4.954785,
89.848356,4.918500,
89.959295,4.887526,
90.047534,4.848691,
90.156964,4.817754,
90.258578,4.779471,
90.362375,5.109462,
90.451026,5.185161,
90.559855,5.440760,
90.658080,5.555882,
90.762145,5.811509,
90.850408,5.774137,
90.959543,5.742232,
91.048369,5.703262,
91.156738,5.671446,
91.261847,5.632522,
91.349857,5.595088,
91.457162,5.563633,
91.559568,5.525334,
91.647769,5.488856,
91.758537,5.457374,
91.861492,5.418005,
91.950068,5.381342,
92.057328,5.349713,
92.161162,5.311793,
92.249435,5.275055,
92.358133,5.243762,
92.462162,5.205357,
92.551062,5.168620,
92.658849,5.137229,
92.759440,5.099190,
92.847775,5.063711,
92.958463,5.032636,
93.062111,4.993492,
93.150048,4.957245,
93.261171,4.926366,
93.349126,4.887374,
93.456498,4.856549,
93.561521,4.818766,
93.660983,4.782146,
93.762348,5.104910,
93.851105,5.178412,
93.960562,5.434811,
94.048792,5.550572,
94.156444,5.780949,
94.244760,5.742325,
94.357180,5.710609,
94.463530,5.670350,
94.551804,5.632162,
94.657915,5.600562,
94.746297,5.562798,
94.855868,5.531217,
94.961260,5.492098,
95.049403,5.454548,
95.156168,5.423182,
95.260813,5.385285,
95.349690,5.348150,
95.458053,5.316532,
95.546453,5.278155,
95.652934,5.246853,
95.752399,5.209233,
95.855813,5.174078,
95.960189,5.137548,
96.048253,5.100732,
96.157160,5.069678,
96.261069,5.031226,
96.350996,4.994632,
96.457080,4.963168,
96.559775,4.925826,
96.648349,4.889816,
96.755979,4.858768,
96.858966,4.821138,
96.947607,4.784960,
97.056526,5.071703,
97.158064,5.150576,
97.260099,5.443151,
97.349034,5.551916,
97.458847,5.781762,
97.561892,5.742136,
97.650094,5.705294,
97.756736,5.673723,
97.861714,5.635568,
97.949767,5.598040,
98.059035,5.566445,
98.159447,5.527470,
98.248133,5.491736,
98.357743,5.460134,
98.460539,5.421107,
98.548707,5.384626,
98.656260,5.353015,
98.754290,5.315019,
98.860188,5.280313,
98.951850,5.242563,
99.056621,5.210282,
99.155911,5.173187,
99.245135,5.138296,
99.355626,5.106782,
99.444968,5.067717,
99.551678,5.036353,
99.653962,4.998820,
99.758639,4.962857,
99.860467,4.926177,
99.949483,4.890473,
100.055721,4.859218,
100.157694,4.822041,
100.246797,4.786242,
100.354835,5.074474,
100.458243,5.152644,
100.546648,5.451124,
100.656101,5.544682,
100.761659,5.830109,
100.850951,5.792160,
100.957914,5.760069,
101.057322,5.721646,
101.160056,5.685973,
101.248360,5.649238,
101.360627,5.617592,
101.448777,5.577549,
101.555366,5.545922,
101.658948,5.507752,
101.747639,5.471106,
101.851917,5.439534,
101.953177,5.402209,
102.054767,5.366487,
102.160844,5.330418,
102.250028,5.292818,
102.357707,5.261193,
102.446390,5.223083,
102.552355,5.191759,
102.656672,5.154232,
102.745242,5.117480,
102.862179,5.086112,
102.949936,5.045063,
103.058640,5.013896,
103.146981,4.975930,
103.252295,4.944642,
103.356002,4.907903,
103.444294,4.871482,
103.554875,4.840601,
103.642842,4.801875,
103.754670,5.088651,
103.843145,5.169665,
103.953792,5.423493,
104.058060,5.540475,
104.146253,5.813196,
104.254225,5.781397,
104.359440,5.742580,
104.448600,5.704899,
104.557408,5.673090,
104.645350,5.634165,
104.753658,5.602676,
104.858244,5.563873,
104.946609,5.526631,
105.054440,5.495184,
105.154953,5.456598,
105.258083,5.420889,
105.346503,5.384267,
105.453566,5.352894,
105.553880,5.314947,
105.641854,5.279366,
105.751125,5.248202,
105.858218,5.209314,
105.946381,5.171703,
106.056247,5.140552,
106.159661,5.101801,
106.249176,5.065350,
106.354374,5.033755,
106.458916,4.996662,
106.549887,4.959862,
106.657087,4.928114,
106.759166,4.890474,
106.848554,4.854438,
106.956882,4.823384,
107.059075,4.785442,
107.147439,5.117379,
107.256185,5.182046,
107.344430,5.493623,
107.453487,5.587402,
107.558516,5.871911,
107.646711,5.834150,
107.755870,5.802423,
107.844415,5.763075,
107.952656,5.731352,
108.058237,5.692601,
108.146551,5.654741,
108.255745,5.623160,
108.344132,5.584096,
108.452181,5.552526,
108.557268,5.514027,
108.645385,5.476584,
108.757586,5.445191,
108.845794,5.405261,
108.954097,5.373897,
109.058279,5.335296,
109.147119,5.298562,
109.257584,5.267093,
109.345508,5.227958,
109.454102,5.196797,
109.558369,5.158307,
109.646234,5.121690,
109.752920,5.090675,
109.854476,5.053106,
109.958373,5.017330,
110.048054,4.980629,
110.154285,4.948954,
110.258737,4.911917,
110.347566,4.875325,
110.463036,4.844177,
110.551804,4.803734,
110.639923,5.091338,
110.752037,5.155405,
110.855279,5.478978,
110.943300,5.588295,
111.054063,5.817990,
111.141656,5.778204,
111.251222,5.746686,
111.353616,5.707405,
111.441493,5.670768,
111.554872,5.639133,
111.658179,5.598598,
111.747276,5.561842,
111.856071,5.530023,
111.944377,5.491096,
112.049252,5.459646,
112.155846,5.422445,
112.244171,5.384552,
112.355818,5.353217,
112.456304,5.313588,
112.545067,5.277895,
112.650241,5.246532,
112.751646,5.209190,
112.856203,5.173399,
112.957993,5.136568,
113.047588,5.100409,
113.152051,5.068925,
113.256806,5.032231,
113.345896,4.995411,
113.452828,4.964121,
113.558617,4.926536,
113.646795,4.889444,
113.756783,4.858391,
113.845678,4.819805,
113.954720,4.788872,
114.043335,5.144663,
114.150094,5.208871,
114.253067,5.516845,
114.358013,5.626626,
114.446059,5.899639,
114.552269,5.867743,
114.640198,5.829661,
114.750868,5.797839,
114.854764,5.758036,
114.942711,5.720954,
115.051292,5.689413,
115.154915,5.650567,
115.244985,5.613363,
115.351194,5.581157,
115.455256,5.543380,
115.543760,5.506241,
115.652956,5.474692,
115.757003,5.435788,
115.845022,5.398831,
115.955985,5.367391,
116.046070,5.328164,
116.152510,5.296264,
116.253832,5.258315,
116.357386,5.222500,
116.446129,5.186056,
116.554003,5.154598,
116.657504,5.116632,
116.745434,5.080140,
116.851364,5.049131,
116.939247,5.011876,
117.049893,4.980757,
117.158022,4.942011,
117.245984,4.904014,
117.352641,4.872928,
117.455596,4.835872,
117.543690,4.799828,
117.650642,5.085841,
117.755878,5.163262,
117.844277,5.468195,
117.952082,5.561725,
118.056655,5.842179,
118.144987,5.804500,
118.253125,5.772633,
118.356856,5.733945,
118.446076,5.696784,
118.553964,5.664813,
118.654339,5.626118,
118.755785,5.590182,
118.844100,5.554039,
118.951217,5.522582,
119.056234,5.484380,
119.144359,5.446985,
119.252843,5.415633,
119.355542,5.377060,
119.457064,5.340619,
119.545376,5.304529,
119.650600,5.273333,
119.755837,5.236036,
119.845747,5.198749,
119.954060,5.167050,
120.056083,5.128796,
120.144346,5.092786,
120.251315,5.061596,
120.356364,5.024023,
120.444714,4.987106,
120.555175,4.956009,
120.644234,4.916951,
120.749559,4.885980,
120.852612,4.848963,
120.940716,4.813010,
121.049615,4.782162,
121.148690,5.135213,
121.249883,5.207559,
121.350964,5.499065,
121.455235,5.606770,
121.557171,5.878382,
121.645096,5.841635,
121.751121,5.810062,
121.855613,5.771751,
121.943896,5.734453,
122.053366,5.702535,
122.141951,5.663584,
122.242375,5.631817,
122.345356,5.595857,
122.450176,5.559107,
122.538264,5.521751,
122.650872,5.490358,
122.755814,5.450215,
122.843563,5.412908,
122.952780,5.381747,
123.041236,5.342880,
123.149187,5.311497,
123.254024,5.273259,
123.342228,5.236148,
123.452388,5.204960,
123.555426,5.166059,
123.643857,5.129544,
123.753557,5.098392,
123.856227,5.059808,
123.944635,5.023527,
124.052337,4.992515,
124.154429,4.954675,
124.257559,4.918754,
124.345764,4.882660,
124.452763,4.851781,
124.541251,4.814165,
124.652052,4.783238,
124.755971,4.771061,
124.857076,4.784569,
124.946783,4.822020,
125.058171,4.790827,
125.146388,4.751971,
125.254810,4.721177,
125.343852,4.683068,
125.454898,4.652342,
125.543176,4.613672,
125.654238,4.582699,
125.747843,4.544293,
125.851916,4.511729,
125.956386,4.475718,
126.045216,4.439343,
126.152989,4.408660,
126.251602,4.371334,
126.354748,4.337269,
126.442911,4.301687,
126.553933,4.271243,
126.642042,4.232938,
126.734570,4.202448,
126.846843,4.170623,
126.951950,4.132015,
127.055149,4.095690,
127.145219,4.060050,
127.250736,4.029392,
127.356126,3.993172,
127.444642,3.956920,
127.552918,3.926687,
127.656477,3.889509,
127.744696,3.854136,
127.853123,3.823957,
127.941188,3.786881,
128.047734,3.756797,
128.151810,3.720445,
128.239729,3.684894,
128.350247,3.654884,
128.455188,3.617286,
128.544671,3.581279,
128.651814,3.551099,
128.757655,3.514616,
128.845396,3.478650,
128.938152,3.448694,
129.050372,3.417384,
129.138832,3.379375,
129.253466,3.349271,
129.342117,3.310361,
129.448794,3.280476,
129.554811,3.244307,
129.643635,3.208553,
129.754515,3.178404,
129.843659,3.141084,
129.952507,3.110799,
130.040718,3.074167,
130.150606,3.044507,
130.254405,3.007422,
130.357389,2.972337,
130.446403,2.937585,
130.552046,2.907862,
130.640200,2.872320,
130.750198,2.842725,
130.853170,2.805746,
130.955074,2.770913,
131.043511,2.736976,
131.150959,2.707308,
131.252995,2.671177,
131.341233,2.637060,
131.448839,2.628619,
131.549399,2.644103,
131.652123,2.682703,
131.754619,2.746920,
131.843461,2.835399,
131.949193,2.933328,
132.052494,3.074744,
132.141209,3.237944,
132.248580,3.400253,
132.351076,3.599908,
132.439483,3.787628,
132.549473,3.953354,
132.637673,4.156378,
132.748016,4.323655,
132.850439,4.528522,
132.957081,4.720631,
133.047880,4.921084,
133.152849,5.092266,
133.241133,5.290079,
133.346881,5.457987,
133.451580,5.657806,
133.552875,5.857723,
133.640984,6.050640,
133.753144,6.220782,
133.852646,6.434418,
133.953835,6.626327,
134.041957,6.820505,
134.152199,6.991837,
134.240769,7.204674,
134.347654,7.376211,
134.447577,7.584038,
134.550859,7.778935,
134.655583,7.980256,
134.743742,8.185674,
134.836159,8.358631,
134.944488,8.540791,
135.050369,8.754058,
135.138352,8.962812,
135.248558,9.136935,
135.351708,9.356282,
135.440465,9.560943,
135.547970,9.737724,
135.653397,9.952481,
135.743589,10.166060,
135.854496,10.345166,
135.942809,10.298084,
136.048361,10.260686,
136.151163,10.216004,
136.239477,10.172534,
136.351261,10.135314,
136.440559,10.088039,
136.549279,10.050688,
136.653394,10.005055,
136.741336,9.961450,
136.849890,9.924682,
136.937920,9.879351,
137.045847,9.842688,
137.145329,9.797710,
137.249480,9.756193,
137.349219,9.713309,
137.452357,9.671933,
137.541575,9.629104,
137.649127,9.592704,
137.738179,9.548276,
137.846169,9.511763,
137.951851,9.467544,
138.039993,9.424237,
138.148430,9.388228,
138.236585,9.343988,
138.345837,9.307961,
138.451160,9.263649,
138.539362,9.220880,
138.644974,9.185064,
138.745058,9.142363,
138.848049,9.101957,
138.936071,9.060392,
139.047780,9.024932,
139.153448,8.979779,
139.241591,8.937592,
139.350295,8.902051,
139.438018,8.858790,
139.549054,8.823607,
139.637667,8.779217,
139.745418,8.743972,
139.845742,8.701302,
139.950610,8.661337,
140.039548,8.619820,
140.145837,8.605943,
140.249776,8.614836,
140.348315,8.648500,
140.453105,8.703782,
140.543326,8.788432,
140.650572,8.881302,
140.739108,9.018903,
140.848228,9.152842,
140.949509,9.344295,
141.052956,9.545585,
141.141699,9.751093,
141.248088,9.929274,
141.348819,10.141499,
141.451129,10.343629,
141.538689,10.548878,
141.645081,10.725351,
141.745847,10.939757,
141.850330,11.143622,
141.938125,11.355391,
142.048053,11.534186,
142.151133,11.757204,
142.239034,11.967555,
142.348355,12.147128,
142.450492,12.371188,
142.554020,12.580547,
142.642239,12.793953,
142.752091,12.975294,
142.841660,13.202102,
142.953198,13.388355,
143.041041,13.618510,
143.149183,13.801117,
143.250870,14.025883,
143.338887,14.238215,
143.447261,14.422269,
143.551173,14.648799,
143.639349,14.867048,
143.746771,15.052242,
143.852514,15.278421,
143.941547,15.503515,
144.051011,15.689814,
144.139453,15.921729,
144.251504,16.109586,
144.340067,16.348661,
144.450691,16.536219,
144.550982,16.772633,
144.639895,16.987323,
144.748467,17.178451,
144.851242,17.410941,
144.940685,17.631905,
145.048177,17.824837,
145.149654,18.057152,
145.249994,18.276430,
145.354329,18.496228,
145.443296,18.720784,
145.549032,18.914714,
145.637839,19.146904,
145.747511,19.340023,
145.852585,19.580310,
145.940688,19.810104,
146.048557,20.004390,
146.150368,20.241783,
146.238329,20.466316,
146.350191,20.661032,
146.440051,20.581158,
146.547891,20.517722,
146.651760,20.828970,
146.739965,21.030468,
146.848499,21.236783,
146.952378,21.157150,
147.040795,21.081343,
147.150688,21.016492,
147.239111,20.937376,
147.349532,20.873456,
147.450558,20.794011,
147.538825,20.721603,
147.644753,20.658608,
147.747115,20.583372,
147.849486,20.510745,
147.937664,20.438532,
148.046988,20.375926,
148.149551,20.299816,
148.237770,20.227984,
148.347779,20.166761,
148.450516,20.090435,
148.539218,20.019189,
148.650631,19.958244,
148.738775,19.882097,
148.851426,19.821799,
148.939501,19.745074,
149.046408,19.685308,
149.148617,19.612863,
149.250463,19.544126,
149.340683,19.475119,
149.450615,19.415177,
149.538579,19.342136,
149.649425,19.283554,
149.737792,19.210001,
149.844404,19.151933,
149.949466,19.081852,
150.037652,19.012900,
150.144406,18.955385,
150.247842,18.885906,
150.346879,18.818745,
150.447239,18.754733,
150.550882,18.689972,
150.652238,18.623521,
150.740961,18.558243,
150.850541,18.501973,
150.939419,18.432426,
151.051031,18.376104,
151.140116,18.305043,
151.247012,18.249499,
151.349726,18.182394,
151.437955,18.118195,
151.543828,18.063176,
151.649491,17.997416,
151.737814,17.931790,
151.844042,17.877416,
151.950472,17.811897,
152.040351,17.746625,
152.145156,17.691776,
152.251015,17.627952,
152.339498,17.563616,
152.447733,17.509829,
152.549694,17.444730,
152.638859,17.383349,
152.748238,17.329336,
152.836908,17.263978,
152.945559,17.211488,
153.050704,17.146971,
153.138841,17.084602,
153.245996,17.032085,
153.348716,16.969433,
153.438329,16.909025,
153.541621,16.856649,
153.648842,16.796363,
153.750717,16.734020,
153.840813,16.674517,
153.944681,16.622794,
154.046811,16.562919,
154.150228,16.504150,
154.238364,16.444925,
154.344263,16.394464,
154.447419,16.334122,
154.535960,16.275321,
154.646984,16.225386,
154.734699,16.162680,
154.842671,16.113227,
154.946455,16.052634,
155.050383,15.994368,
155.152094,15.936400,
155.240348,15.879825,
155.346823,15.830807,
155.450999,15.771898,
155.539606,15.714060,
155.631378,15.665334,
155.742824,15.615239,
155.847874,15.554230,
155.949558,15.496751,
156.038800,15.441474,
156.146904,15.414237,
156.235072,15.407492,
156.342986,15.423122,
156.447557,15.468288,
156.549892,15.536391,
156.638445,15.627585,
156.749508,15.727630,
156.837666,15.879332,
156.949217,16.020875,
157.037202,16.225433,
157.147737,16.407681,
157.249795,16.646861,
157.337976,16.863248,
157.446391,17.052964,
157.549551,17.285175,
157.637575,17.506830,
157.750907,17.696432,
157.840392,17.940588,
157.946667,18.134244,
158.049151,18.364726,
158.137377,18.587145,
158.245344,18.778672,
158.350426,19.013870,
158.439796,18.945130,
158.546430,18.887004,
158.650839,18.817949,
158.740054,18.750423,
158.850159,18.692848,
158.940918,18.648281,
159.045966,18.633677,
159.135568,18.641937,
159.244120,18.670482,
159.350062,18.730619,
159.437747,18.814771,
159.542556,18.905388,
159.644881,19.038130,
159.750841,19.192239,
159.840156,19.376356,
159.946881,19.551695,
160.034647,19.787036,
160.144676,19.979594,
160.249571,19.903541,
160.338964,19.831529,
160.444126,19.771043,
160.545927,19.699870,
160.647069,19.630981,
160.735308,19.562790,
160.845092,19.503232,
160.933132,19.429745,
161.041107,19.370953,
161.142737,19.299206,
161.246388,19.231901,
161.349913,19.163411,
161.438007,19.095240,
161.547365,19.037324,
161.635665,18.966010,
161.743643,18.907992,
161.847599,18.838388,
161.935711,18.771089,
162.045869,19.031030,
162.146679,19.231959,
162.247733,19.469273,
162.335771,19.682965,
162.445235,19.623353,
162.546818,19.549411,
162.648433,19.480784,
162.736550,19.413406,
162.845516,19.354259,
162.934058,19.281929,
163.045422,19.223454,
163.134199,19.149563,
163.243745,19.091669,
163.346743,19.019530,
163.450064,18.952518,
163.539524,18.885240,
163.644926,18.827141,
163.733326,18.758745,
163.842366,18.701824,
163.946058,19.022510,
164.034671,19.211931,
164.146360,19.420967,
164.250227,19.656156,
164.338434,19.585968,
164.447353,19.526187,
164.535660,19.453509,
164.646155,19.394160,
164.736643,19.320669,
164.846300,19.260812,
164.934999,19.187995,
165.041803,19.129846,
165.148380,19.059427,
165.237174,18.989370,
165.340082,18.931995,
165.442545,18.865060,
165.551461,18.798436,
165.639662,18.728274,
165.729083,18.987976,
165.840271,19.150889,
165.944526,19.412524,
166.033249,19.632963,
166.143141,19.572940,
166.248229,19.499195,
166.337495,19.428794,
166.443785,19.369256,
166.531667,19.298541,
166.640975,19.240136,
166.744486,19.167914,
166.847469,19.099934,
166.935391,19.032282,
167.047936,18.974693,
167.136024,18.901457,
167.246567,18.844299,
167.334503,18.772784,
167.446410,18.715902,
167.534463,19.045513,
167.647387,19.206310,
167.735469,19.471681,
167.844290,19.658284,
167.932160,19.584766,
168.040861,19.525639,
168.141631,19.452698,
168.245456,19.385353,
168.333307,19.316220,
168.440843,19.257689,
168.545815,19.186883,
168.647107,19.117552,
168.735082,19.051132,
168.845092,18.993654,
168.932845,18.921885,
169.043643,18.864811,
169.147606,18.792991,
169.235501,18.725927,
169.342310,18.985520,
169.443903,19.180289,
169.546277,19.419199,
169.634367,19.635690,
169.743034,19.576094,
169.847525,19.503199,
169.935761,19.433209,
170.042050,19.374285,
170.146241,19.303537,
170.234638,19.234517,
170.344200,19.175778,
170.432684,19.103711,
170.542243,19.045757,
170.646180,18.974171,
170.735682,18.906339,
170.838994,18.848218,
170.945174,18.781388,
171.032946,19.094287,
171.143313,19.255630,
171.247157,19.513899,
171.335408,19.734357,
171.443120,19.674524,
171.548845,19.601770,
171.636998,19.530604,
171.747089,19.471445,
171.836218,19.397651,
171.943593,19.338389,
172.031918,19.266897,
172.145466,19.208662,
172.238169,19.133636,
172.342065,19.072662,
172.446949,19.004709,
172.535053,18.936275,
172.644717,18.878984,
172.732713,18.807874,
172.840863,18.750833,
172.944561,19.069363,
173.032945,19.259038,
173.128628,19.467634,
173.235851,19.670056,
173.340326,19.597521,
173.445832,19.527604,
173.533868,19.456814,
173.641220,19.397869,
173.742719,19.326277,
173.844465,19.258946,
173.947414,19.191307,
174.035246,19.123881,
174.141190,19.066164,
174.243066,18.996745,
174.345854,18.929965,
174.434356,18.863322,
174.545161,18.806057,
174.646541,18.734433,
174.735245,19.035289,
174.842019,19.195549,
174.945846,19.446636,
175.036190,19.667427,
175.142980,19.606493,
175.246479,19.534581,
175.335059,19.465142,
175.441574,19.405906,
175.529751,19.335051,
175.641541,19.276400,
175.730347,19.202435,
175.842139,19.143875,
175.930487,19.070395,
176.039567,19.012508,
176.144645,18.941226,
176.232393,18.872960,
176.342817,18.815849,
176.431062,18.744687,
176.540572,19.005174,
176.628879,19.204748,
176.738621,19.412811,
176.843016,19.646858,
176.931028,19.577113,
177.038822,19.517881,
177.141811,19.445498,
177.247072,19.376844,
177.335087,19.306766,
177.445205,19.248463,
177.534077,19.175626,
177.642199,19.117106,
177.745382,19.046096,
177.834205,18.978472,
177.940829,18.920567,
178.042517,18.851227,
178.131425,18.785248,
178.239452,18.728052,
178.343326,19.047108,
178.431800,19.236168,
178.539413,19.444817,
178.640835,19.673383,
178.745471,19.605256,
178.845522,19.534762,
178.934445,19.467640,
179.042180,19.408132,
179.142474,19.336126,
179.231019,19.269558,
179.338201,19.210736,
179.442290,19.140415,
179.543204,19.071953,
179.631665,19.005561,
179.739362,18.947985,
179.840973,18.877917,
179.929316,18.812148,
180.041175,18.755007,
180.143093,19.085079,
180.232091,19.271301,
180.340701,19.482387,
180.445460,19.711177,
180.534195,19.640370,
180.643923,19.580269,
180.731880,19.506739,
180.840474,19.447484,
180.944224,19.375260,
181.032413,19.306168,
181.142606,19.247682,
181.245171,19.174710,
181.334283,19.107083,
181.441364,19.048456,
181.547123,18.978761,
181.635799,18.909833,
181.744403,18.852132,
181.832454,18.781889,
181.940467,18.724735,
182.042986,19.042817,
182.132243,19.229967,
182.241273,19.439960,
182.345865,19.669994,
182.436768,19.598977,
182.542078,19.537863,
182.642828,19.467441,
182.744301,19.399931,
182.845400,19.332398,
182.933445,19.265304,
183.043024,19.207011,
183.131388,19.134640,
183.240506,19.076698,
183.345090,19.005041,
183.433039,18.936876,
183.539267,18.879633,
183.639147,18.810610,
183.740891,18.746056,
183.845209,19.045402,
183.945600,19.236070,
184.034104,19.472576,
184.139210,19.659397,
184.241647,19.588333,
184.342658,19.519484,
184.444968,19.451736,
184.545595,19.383254,
184.633423,19.316364,
184.742518,19.258157,
184.830679,19.186024,
184.936948,19.127907,
185.039000,19.058082,
185.141103,18.991036,
185.243684,18.924712,
185.344971,18.858033,
185.433165,18.792382,
185.543008,18.735452,
185.631571,19.059956,
185.740582,19.221509,
185.842320,19.477824,
185.945386,19.694882,
186.037158,19.925186,
186.142109,19.862015,
186.245039,19.790225,
186.336371,19.719744,
186.443670,19.658446,
186.534968,19.585974,
186.644137,19.524704,
186.734437,19.451751,
186.839345,19.391599,
186.943241,19.321815,
187.032587,19.252731,
187.139595,19.193838,
187.241962,19.123279,
187.331190,19.055782,
187.438645,18.997750,
187.537560,18.927563,
187.636811,18.863228,
187.742988,18.798933,
187.846545,18.730216,
187.935654,19.036827,
188.041452,19.198185,
188.149055,19.446757,
188.237789,19.674671,
188.327203,19.614674,
188.440724,19.554372,
188.544733,19.477724,
188.633265,19.408547,
188.738958,19.349552,
188.844642,19.279292,
188.932878,19.209347,
189.040326,19.151157,
189.142385,19.080408,
189.244214,19.013505,
189.345763,18.947010,
189.435329,18.880979,
189.540990,18.822902,
189.642790,18.754502,
189.743953,19.054754,
189.831949,19.239241,
189.939914,19.446389,
190.043635,19.675050,
190.133261,19.605004,
190.237037,19.544638,
190.339068,19.474989,
190.439276,19.406766,
190.540030,19.339839,
190.640710,19.273038,
190.742281,19.206300,
190.831412,19.139014,
190.935536,19.080566,
191.036156,19.012367,
191.137731,18.946693,
191.242500,18.880817,
191.342210,18.812913,
191.431409,18.747929,
191.539063,19.011160,
191.644384,19.205947,
191.732650,19.453781,
191.841103,19.640603,
191.929529,19.567315,
192.037396,19.507523,
192.140194,19.435695,
192.243377,19.366874,
192.332014,19.298301,
192.440743,19.239551,
192.528945,19.167811,
192.636874,19.109747,
192.740689,19.038921,
192.843601,18.971037,
192.932492,18.903902,
193.039810,18.845992,
193.143898,18.776773,
193.233061,19.083936,
193.342868,19.246781,
193.430984,19.504937,
193.540991,19.691641,
193.629080,19.617182,
193.734357,19.557690,
193.833795,19.486958,
193.940998,19.420190,
194.029318,19.348993,
194.137119,19.290156,
194.239204,19.218840,
194.338461,19.151135,
194.438564,19.086215,
194.540680,19.020528,
194.643336,18.953864,
194.732539,18.886687,
194.840801,18.829223,
194.942723,18.758965,
195.032472,19.060048,
195.136712,19.223039,
195.239981,19.468953,
195.343200,19.687294,
195.443357,19.617505,
195.531661,19.550028,
195.641076,19.490546,
195.729516,19.417469,
195.839923,19.358488,
195.928346,19.285102,
196.041589,19.226207,
196.129825,19.151673,
196.236504,19.093361,
196.342165,19.023649,
196.444109,18.954579,
196.532480,18.888298,
196.644838,18.830931,
196.733224,18.758311,
196.838214,19.020288,
196.940981,19.210947,
197.030505,19.453120,
197.139158,19.642606,
197.242023,19.569084,
197.330171,19.500230,
197.438670,19.441115,
197.542741,19.368710,
197.632612,19.299224,
197.739119,19.239867,
197.842663,19.169521,
197.931275,19.101253,
198.041619,19.043130,
198.129934,18.970966,
198.238469,18.913347,
198.343565,18.842958,
198.431326,18.774959,
198.524072,18.717950,
198.636119,18.989986,
198.743152,19.194541,
198.831225,19.445711,
198.939786,19.633009,
199.027964,19.874112,
199.138223,19.813947,
199.241439,19.738809,
199.329587,19.668814,
199.437495,19.609060,
199.541526,19.536549,
199.631444,19.466500,
199.736915,19.406642,
199.841199,19.336252,
199.929363,19.267058,
200.040208,19.208640,
200.128450,19.135578,
200.238191,19.077584,
200.341722,19.005653,
200.430019,18.938095,
200.539495,18.880620,
200.640016,18.809649,
200.728025,18.744727,
200.834192,19.004473,
200.940189,19.198083,
201.028460,19.448192,
201.137559,19.634528,
201.241399,19.560941,
201.329448,19.491228,
201.439997,19.432241,
201.528516,19.358262,
201.638776,19.299621,
201.726921,19.226489,
201.835742,19.168142,
201.940784,19.096239,
202.029040,19.027749,
202.136228,18.969937,
202.241008,18.900163,
202.340212,18.831923,
202.429479,18.767596,
202.541348,19.029725,
202.629701,19.233370,
202.739641,19.441019,
202.842652,19.673566,
202.931792,19.603642,
203.038803,19.543728,
203.142084,19.472062,
203.230559,19.402901,
203.336888,19.343952,
203.424898,19.273366,
203.534190,19.214868,
203.625375,19.142928,
203.736551,19.082490,
203.824778,19.010033,
203.936452,18.952513,
204.042728,18.879715,
204.130950,18.810936,
204.239097,18.753925,
204.327553,19.073580,
204.435738,19.234998,
204.539528,19.489453,
204.627646,19.709285,
204.735807,19.649621,
204.839823,19.576612,
204.927822,19.506600,
205.034435,19.447692,
205.131933,19.376374,
205.237551,19.311426,
205.340814,19.241094,
205.429569,19.172998,
205.537610,19.114860,
205.638775,19.043820,
205.727005,18.977723,
205.835461,18.920219,
205.940495,18.849672,
206.029921,18.781725,
206.136109,19.047087,
206.240450,19.239821,
206.328714,19.485376,
206.433146,19.672627,
206.533936,19.602150,
206.634258,19.534200,
206.722307,19.466853,
206.835782,19.407665,
206.925269,19.332033,
207.035173,19.272685,
207.137405,19.200069,
207.237452,19.132570,
207.339848,19.066856,
207.428902,18.999978,
207.539069,18.941930,
207.640871,18.870222,
207.729252,18.804237,
207.838712,18.747158,
207.927784,19.071380,
208.035613,19.233345,
208.137950,19.487325,
208.241370,19.703888,
208.330786,19.633910,
208.436036,19.573620,
208.540558,19.502825,
208.629135,19.432697,
208.724092,19.373609,
208.834300,19.310160,
208.939177,19.237306,
209.027360,19.168049,
209.135465,19.110042,
209.239233,19.039125,
209.329328,18.970865,
209.436700,18.912500,
209.540011,18.842777,
209.629068,18.775803,
209.723910,18.718058,
209.829392,18.997969,
209.933940,19.189078,
210.022060,19.435120,
210.130319,19.621308,
210.233224,19.548111,
210.334443,19.479103,
210.438628,19.411462,
210.528887,19.341469,
210.637880,19.281984,
210.727270,19.209744,
210.833804,19.150863,
210.938545,19.080788,
211.026800,19.012027,
211.131734,18.954323,
211.238770,18.886066,
211.326704,18.816662,
211.434795,18.759752,
211.522748,19.078053,
211.634550,19.238793,
211.739457,19.501935,
211.827496,19.723835,
211.935197,19.664024,
212.042083,19.591363,
212.131185,19.519401,
212.237072,19.459296,
212.325301,19.388880,
212.432881,19.330163,
212.538592,19.258619,
212.627713,19.188653,
212.734135,19.130039,
212.838004,19.060161,
212.926109,18.992157,
213.033803,18.934688,
213.137029,18.864575,
213.225427,18.797370,
213.335352,18.740484,
213.423425,19.064146,
213.533317,19.225172,
213.637939,19.484021,
213.726387,19.705364,
213.833226,19.645295,
213.935546,19.573484,
214.041581,19.504110,
214.131144,19.433501,
214.234231,19.373850,
214.336021,19.305254,
214.424002,19.237739,
214.535549,19.179165,
214.623800,19.106063,
214.732427,19.048226,
214.834907,18.977137,
214.923492,18.909969,
215.034903,18.852782,
215.137613,18.780671,
215.226794,18.714413,
215.330848,18.977912,
215.436505,19.168821,
215.525319,19.415568,
215.631047,19.603716,
215.738810,19.532161,
215.826679,19.460325,
215.934082,19.401570,
216.034867,19.329825,
216.138760,19.263113,
216.227168,19.194215,
216.337449,19.136059,
216.425894,19.063567,
216.535309,19.005590,
216.638458,18.934220,
216.726302,18.867215,
216.836156,18.810069,
216.924111,18.739254,
217.031569,18.998809,
217.134342,19.194877,
217.239394,19.436312,
217.327581,19.658722,
217.437796,19.855464,
217.526400,19.779948,
217.634183,19.720008,
217.721854,19.647096,
217.835324,19.587376,
217.938662,19.511503,
218.026647,19.442266,
218.134955,19.383317,
218.237775,19.311152,
218.325759,19.243207,
218.436294,19.184911,
218.524579,19.111940,
218.633479,19.054174,
218.737794,18.982682,
218.831968,18.911243,
218.937685,18.853764,
219.025915,18.785221,
219.131999,18.728369,
219.236127,19.042627,
219.339827,19.232744,
219.430966,19.477949,
219.538332,19.669233,
219.626653,19.596640,
219.734196,19.537264,
219.839371,19.464988,
219.928439,19.394846,
220.040978,19.335171,
220.128920,19.260674,
220.236801,19.202123,
220.325092,19.131295,
220.432635,19.073390,
220.538512,19.002927,
220.626705,18.933864,
220.736504,18.876110,
220.824703,18.805357,
220.934388,18.748274,
221.038530,19.072058,
221.126929,19.262374,
221.234059,19.469877,
221.336060,19.697089,
221.424513,19.627940,
221.531151,19.568422,
221.634555,19.496756,
221.737058,19.427612,
221.825109,19.359264,
221.932322,19.300599,
222.034309,19.229569,
222.122444,19.162234,
222.234627,19.104124,
222.323647,19.030415,
222.432823,18.972007,
222.538121,18.901302,
222.627492,18.832763,
222.735569,18.774981,
222.838054,19.095947,
222.926362,19.281813,
223.032672,19.489680,
223.137423,19.418497,
223.225397,19.348772,
223.333118,19.290275,
223.436859,19.218940,
223.527236,19.149857,
223.633679,19.090959,
223.721828,19.021187,
223.833506,18.962862,
223.938915,18.890805,
224.026937,18.822424,
224.137775,18.765490,
224.226750,19.094405,
224.332816,19.256415,
224.437013,19.504919,
224.526850,19.726489,
224.631335,19.665529,
224.736167,19.595214,
224.825612,19.524449,
224.931776,19.464674,
225.037127,19.393474,
225.125121,19.323526,
225.234980,19.264880,
225.337808,19.192406,
225.426187,19.124367,
225.531833,19.066373,
225.639006,18.997047,
225.727152,18.927513,
225.835151,18.870142,
225.938353,18.800134,
226.027341,18.733455,
226.133366,18.996485,
226.238293,19.190645,
226.326420,19.435744,
226.433495,19.622401,
226.535649,19.550291,
226.623679,19.481624,
226.731076,19.422682,
226.837967,19.350566,
226.925982,19.280082,
227.032790,19.221487,
227.121061,19.151140,
227.235127,19.092804,
227.323468,19.018285,
227.435256,18.960671,
227.536119,18.887750,
227.624751,18.822370,
227.732533,18.765103,
227.835666,19.083083,
227.924656,19.271477,
228.035079,19.480972,
228.123417,19.715227,
228.234018,19.655375,
228.323581,19.580887,
228.432861,19.520287,
228.534767,19.447307,
228.636987,19.378958,
228.725841,19.311256,
228.830300,19.252267,
228.933853,19.183226,
229.033183,19.114911,
229.137770,19.049773,
229.225825,18.981369,
229.336734,18.923508,
229.424840,18.851808,
229.533491,18.794549,
229.635698,18.724666,
229.738096,19.026143,
229.826404,19.212822,
229.935092,19.420736,
230.023427,19.650642,
230.133305,19.590923,
230.221405,19.516997,
230.335789,19.457965,
230.436551,19.381517,
230.537606,19.314339,
230.625662,19.247323,
230.736063,19.189059,
230.824666,19.116091,
230.932129,19.058278,
231.036543,18.987921,
231.125164,18.919533,
231.234918,18.862232,
231.324458,18.790842,
231.431861,18.732990,
231.535188,19.048473,
231.623424,19.237057,
231.732147,19.444854,
231.833351,19.674816,
231.935417,19.606373,
232.023732,19.537588,
232.123207,19.478344,
232.227662,19.411854,
232.329222,19.342000,
232.433301,19.274758,
232.521386,19.205784,
232.630380,19.147711,
232.736124,19.076010,
232.824301,19.006779,
232.933102,18.948767,
233.021207,18.878325,
233.130845,18.820623,
233.230284,18.750367,
233.333537,19.044348,
233.436805,19.232501,
233.526070,19.475839,
233.632370,19.665195,
233.720221,19.593589,
233.834071,19.534325,
233.922035,19.458042,
234.028202,19.399118,
234.131839,19.328542,
234.237035,19.259797,
234.325220,19.190107,
234.435906,19.131543,
234.523981,19.059338,
234.630078,19.001654,
234.733207,18.932246,
234.834099,18.865320,
234.922394,18.799984,
235.029836,18.742709,
235.131890,19.061129,
235.236582,19.245879,
235.325695,19.492527,
235.433011,19.681256,
235.536254,19.608698,
235.624764,19.538969,
235.732700,19.479402,
235.821360,19.407123,
235.932037,19.348386,
236.035233,19.274904,
236.123445,19.206342,
236.236189,19.148247,
236.324525,19.074241,
236.435006,19.016332,
236.536051,18.944122,
236.625893,18.878187,
236.732480,18.820185,
236.820535,18.751305,
236.930251,19.011218,
237.036035,19.212235,
237.123990,19.459985,
237.219801,19.646080,
237.324304,19.581424,
237.426513,19.511134,
237.529799,19.442649,
237.633582,19.373160,
237.734170,19.304588,
237.822331,19.237885,
237.928056,19.179587,
238.029966,19.109799,
238.137366,19.042987,
238.225541,18.972847,
238.334417,18.915332,
238.422390,18.844540,
238.529820,18.787710,
238.634137,19.104727,
238.722084,19.295440,
238.833461,19.502512,
238.936449,19.427893,
239.024599,19.359207,
239.133177,19.299529,
239.221645,19.228585,
239.329270,19.170253,
239.430851,19.099394,
239.535359,19.032639,
239.624147,18.964367,
239.733526,18.906595,
239.821681,18.835558,
239.933770,18.778411,
240.022684,19.108671,
240.133484,19.271809,
240.222406,19.533584,
240.332832,19.474473,
240.421058,19.400475,
240.530398,19.341560,
240.618650,19.269159,
240.728316,19.210752,
240.832869,19.138434,
240.932262,19.069714,
241.034337,19.004442,
241.122696,18.937724,
241.231976,18.880086,
241.334972,18.809573,
241.422599,19.113096,
241.532873,19.273481,
241.621350,19.532755,
241.729837,19.473436,
241.818102,19.400848,
241.927482,19.342035,
242.035388,19.269095,
242.123783,19.197920,
242.234988,19.139568,
242.323806,19.066522,
242.430189,19.008372,
242.529001,18.938841,
242.631226,18.874294,
242.729723,18.808337,
242.832815,19.098593,
242.921690,19.287059,
243.029773,19.497123,
243.129772,19.424363,
243.230825,19.358276,
243.336009,19.290970,
243.424619,19.221135,
243.533356,19.162926,
243.621990,19.091082,
243.731524,19.033268,
243.819740,18.961627,
243.928763,18.903989,
244.027054,18.833244,
244.129080,18.769748,
244.232049,19.070451,
244.334727,19.258519,
244.422856,19.500226,
244.531305,19.687807,
244.633512,19.614586,
244.723636,19.545758,
244.827621,19.485376,
244.933095,19.415646,
245.021548,19.345353,
245.130613,19.286682,
245.232485,19.214378,
245.321136,19.146911,
245.430136,19.088856,
245.530810,19.017290,
245.634461,18.951631,
245.722517,18.884207,
245.832084,18.826625,
245.920221,18.756176,
246.029209,19.016827,
246.132601,19.215071,
246.233223,19.458366,
246.321372,19.671505,
246.428960,19.611299,
246.529548,19.539488,
246.632782,19.471917,
246.733637,19.402469,
246.822424,19.335560,
246.931878,19.276725,
247.019647,19.204091,
247.126927,19.146341,
247.229020,19.075416,
247.330406,19.008435,
247.436808,18.942758,
247.525129,18.873421,
247.616977,18.816227,
247.729484,18.756771,
247.830507,19.089908,
247.919646,19.275053,
248.027155,19.482816,
248.130446,19.410902,
248.218199,19.341998,
248.330209,19.283742,
248.418702,19.209390,
248.529904,19.150963,
248.619555,19.077947,
248.727551,19.018755,
248.815685,18.948728,
248.926664,18.891375,
249.030410,18.819321,
249.134581,18.752221,
249.223282,19.060674,
249.328581,19.221732,
249.417282,19.470041,
249.527633,19.658490,
249.631092,19.584243,
249.731789,19.514623,
249.820240,19.447206,
249.928570,19.387970,
250.028127,19.315856,
250.129405,19.249922,
250.229968,19.182950,
250.330050,19.116568,
250.418305,19.050881,
250.529866,18.993156,
250.632457,18.920416,
250.720843,18.853761,
250.829724,18.796448,
250.917767,18.726242,
251.030167,18.987846,
251.131907,19.191467,
251.219802,19.430954,
251.327643,19.617207,
251.429020,19.544523,
251.532113,19.476466,
251.620650,19.407333,
251.730430,19.348596,
251.818931,19.275640,
251.925956,19.217029,
252.029844,19.146335,
252.117670,19.078094,
252.227641,19.020534,
252.332793,18.948538,
252.421739,18.879928,
252.527435,18.822537,
252.627785,19.134420,
252.730862,19.317881,
252.824599,19.560345,
252.931574,19.497267,
253.032273,19.425582,
253.120648,19.358505,
253.230192,19.299581,
253.318502,19.227025,
253.429494,19.168589,
253.517368,19.095784,
253.626856,19.038122,
253.730063,18.966495,
253.818285,18.899222,
253.928234,18.842016,
254.029406,18.770767,
254.132754,19.068845,
254.221017,19.257710,
254.329555,19.465709,
254.432903,19.695376,
254.521256,19.625064,
254.631388,19.565991,
254.719674,19.491995,
254.828280,19.432454,
254.928508,19.360213,
255.030645,19.293695,
255.118703,19.226018,
255.229663,19.167723,
255.318807,19.094598,
255.425799,19.036369,
255.525586,18.966402,
255.627905,18.901412,
255.716474,18.834436,
255.824792,18.777679,
255.929910,18.707635,
256.017906,19.017192,
256.128082,19.178015,
256.216902,19.436610,
256.327315,19.624830,
256.429989,19.550361,
256.518004,19.481494,
256.626819,19.422383,
256.730976,19.349958,
256.821173,19.280247,
256.929094,19.220998,
257.017889,19.149844,
257.127152,19.091117,
257.231808,19.019614,
257.331362,18.951269,
257.430735,18.886524,
257.519644,18.821730,
257.627888,18.764568,
257.729833,19.083952,
257.819036,19.270283,
257.928175,19.480406,
258.030935,19.712427,
258.119430,19.643290,
258.227751,19.583041,
258.332040,19.510500,
258.420343,19.440659,
258.525494,19.381562,
258.629189,19.311694,
258.731459,19.242985,
258.832359,19.175322,
258.920331,19.108914,
259.028871,19.051180,
259.118634,18.979764,
259.224500,18.921455,
259.328479,18.852738,
259.431133,18.785538,
259.519275,18.719255,
259.626810,18.979420,
259.715712,19.175414,
259.826661,19.384161,
259.914770,19.618673,
260.024191,19.559252,
260.126378,19.485777,
260.230271,19.417381,
260.331582,19.347793,
260.420184,19.280626,
260.512752,19.221644,
260.627309,19.160724,
260.728961,19.085525,
260.817064,19.018961,
260.925192,18.961121,
261.032367,18.890971,
261.120761,18.821441,
261.231533,18.763814,
261.320818,19.092052,
261.427557,19.253282,
261.528818,19.504110,
261.632273,19.436291,
261.720250,19.367212,
261.828683,19.308488,
261.917551,19.236295,
262.025138,19.177464,
262.127720,19.107210,
262.215750,19.039908,
262.327662,18.981364,
262.428443,18.909314,
262.531602,18.843900,
262.619318,18.777129,
262.727290,19.036924,
262.832672,19.233327,
262.921074,19.481427,
263.030802,19.669222,
263.120507,19.594971,
263.225001,19.534944,
263.326324,19.464695,
263.414904,19.396905,
263.528558,19.338025,
263.616764,19.262473,
263.727357,19.203722,
263.816440,19.130998,
263.926025,19.072718,
264.032814,19.000920,
264.120777,18.931240,
264.229926,18.873759,
264.320058,18.802977,
264.425182,18.744689,
264.528587,19.053610,
264.616748,19.242100,
264.722487,19.449677,
264.827401,19.673770,
264.929102,19.602836,
265.017532,19.534497,
265.124783,19.474590,
265.230211,19.403366,
265.318533,19.333019,
265.428252,19.274014,
265.516292,19.201900,
265.626812,19.143753,
265.715514,19.070816,
265.824826,19.013048,
265.929461,18.941494,
266.032368,18.873473,
266.120526,18.806875,
266.229939,18.749899,
266.318398,19.074114,
266.430770,19.235565,
266.518871,19.498826,
266.629596,19.685958,
266.729443,19.611078,
266.817612,19.543783,
266.927084,19.484172,
267.028836,19.411340,
267.119044,19.342828,
267.226083,19.283384,
267.314712,19.212755,
267.420334,19.154150,
267.524772,19.084781,
267.629915,19.016335,
267.718105,18.947495,
267.829071,18.890245,
267.917124,18.818217,
268.029145,18.761234,
268.117602,19.091198,
268.226803,19.252816,
268.315096,19.509641,
268.425491,19.449942,
268.529474,19.376685,
268.617579,19.307512,
268.726623,19.248753,
268.831699,19.177007,
268.920321,19.107642,
269.026894,19.049528,
269.129173,18.979876,
269.230798,18.913163,
269.319749,18.847094,
269.433367,18.789354,
269.521301,19.123353,
269.631346,19.284911,
269.719415,19.542870,
269.827340,19.483406,
269.915397,19.411499,
270.026392,19.352691,
270.114748,19.278876,
270.224231,19.220518,
270.329227,19.148260,
270.428041,19.079166,
270.515978,19.014443,
270.627554,18.956999,
270.715379,18.884346,
270.824805,18.827409,
270.913179,18.756610,
271.022925,19.017560,
271.128127,19.217487,
271.228253,19.465086,
271.421994,19.397712,
271.514181,19.269096,
271.626053,19.208154,
271.727654,19.134417,
271.815908,19.067657,
271.921450,19.009745,
272.026177,18.941088,
272.126582,18.872992,
272.227617,18.807940,
272.315842,18.742582,
272.424787,18.685835,
272.528389,18.615955,
272.616987,18.549606,
272.724101,18.493131,
272.828928,18.425130,
272.918153,18.359023,
273.027234,18.302601,
273.115080,18.234082,
273.220699,18.178979,
273.320540,18.113027,
273.424033,18.050776,
273.529048,17.986668,
273.617160,17.921582,
273.725271,17.866939,
273.829941,17.800890,
273.918489,17.736725,
274.025025,17.682701,
274.126509,17.617836,
274.229495,17.556212,
274.317844,17.493691,
274.424799,17.440497,
274.527799,17.376185,
274.616200,17.314594,
274.724289,17.261804,
274.828525,17.197312,
274.926644,17.135384,
275.015581,17.077391,
275.124988,17.024608,
275.213886,16.960283,
275.326887,16.908254,
275.430056,16.842109,
275.519334,16.781992,
275.628052,16.730345,
275.716271,16.667295,
275.823395,16.616116,
275.924795,16.554590,
276.012860,16.496434,
276.121890,16.445983,
276.224652,16.383778,
276.329050,16.325068,
276.416780,16.265885,
276.524156,16.216143,
276.628532,16.155652,
276.717063,16.097082,
276.823974,16.047409,
276.928314,15.987540,
277.016301,15.929382,
277.125053,15.880446,
277.228646,15.820103,
277.317040,15.762628,
277.423321,15.713926,
277.526466,15.655637,
277.614938,15.598932,
277.725911,15.550705,
277.827650,15.490076,
277.920609,15.434629,
278.023850,15.384294,
278.126744,15.328425,
278.214936,15.273127,
278.322623,15.225463,
278.427066,15.167934,
278.515907,15.112074,
278.621441,15.064621,
278.725369,15.008465,
278.826797,14.953375,
278.915199,14.899593,
279.027060,14.853001,
279.115279,14.794187,
279.223976,14.747474,
279.329363,14.690855,
279.418810,14.635786,
279.527257,14.589174,
279.617372,14.532651,
279.724961,14.486354,
279.813118,14.430764,
279.923803,14.385141,
280.027652,14.328238,
280.115936,14.275157,
280.224620,14.229930,
280.329169,14.174602,
280.417508,14.121393,
280.524948,14.076205,
280.613268,14.022153,
280.723123,13.977559,
280.824157,13.922139,
280.926767,13.871343,
281.015151,13.819972,
281.122952,13.775833,
281.227734,13.722094,
281.317510,13.669845,
281.423992,13.625088,
281.512026,13.572681,
281.623105,13.529137,
281.726183,13.474501,
281.814377,13.423842,
281.924428,13.380358,
282.027251,13.326607,
282.125925,13.276606,
282.215584,13.228480,
282.320125,13.184931,
282.424094,13.134235,
282.512873,13.084099,
282.621176,13.041316,
282.724822,12.989223,
282.827542,12.939477,
282.915700,12.890294,
283.026789,12.848036,
283.114796,12.795248,
283.222384,12.753347,
283.310562,12.702365,
283.420699,12.660617,
283.524877,12.608588,
283.613492,12.559388,
283.721452,12.517842,
283.823428,12.467096,
283.926209,12.419312,
284.014774,12.371201,
284.124359,12.330164,
284.212761,12.279269,
284.320544,12.238231,
284.424814,12.188353,
284.513163,12.140210,
284.622983,12.099081,
284.725329,12.048969,
284.813660,12.002024,
284.920524,11.961536,
285.025257,11.912667,
285.113546,11.864969,
285.221341,11.824840,
285.325527,11.775856,
285.414429,11.728656,
285.522356,11.688521,
285.624791,11.639781,
285.726117,11.593603,
285.816254,11.548193,
285.923663,11.507720,
286.011411,11.459707,
286.119578,11.420209,
286.222410,11.372124,
286.311997,11.326350,
286.419959,11.286704,
286.522322,11.238950,
286.625797,11.193807,
286.725176,11.147962,
286.814474,11.104303,
286.920980,11.065194,
287.024792,11.018266,
287.125464,10.973061,
287.214304,10.928966,
287.324988,10.890439,
287.413239,10.842150,
287.523975,10.803929,
287.623880,10.755964,
287.725394,10.712762,
287.813977,10.668977,
287.921059,10.630734,
288.020686,10.584681,
288.123680,10.542035,
288.212538,10.497760,
288.322157,10.459657,
288.425457,10.413000,
288.513960,10.369122,
288.622369,10.331463,
288.726804,10.285477,
288.816382,10.241239,
288.922333,10.203370,
289.024860,10.158674,
289.113125,10.115495,
289.220762,10.078386,
289.324192,10.033207,
289.425695,9.989769,
289.514037,9.947326,
289.621232,9.910506,
289.724358,9.865862,
289.812288,9.822961,
289.922980,9.786174,
290.010949,9.740546,
290.118465,9.704182,
290.218106,9.659758,
290.324162,9.618667,
290.412582,9.574997,
290.520294,9.538435,
290.622444,9.494468,
290.723355,9.452553,
290.811994,9.411411,
290.918865,9.374248,
291.017865,9.331599,
291.123448,9.291216,
291.211896,9.248493,
291.319939,9.212490,
291.424434,9.168908,
291.512899,9.126660,
291.621631,9.090989,
291.710620,9.047102,
291.821336,9.011390,
291.925597,8.966971,
292.014888,8.925118,
292.118187,8.889424,
292.220591,8.848158,
292.323742,8.807287,
292.425711,8.766183,
292.514779,8.725316,
292.620949,8.690266,
292.710350,8.648258,
292.821826,8.612858,
292.909898,8.568800,
293.019552,8.534054,
293.125761,8.490883,
293.214294,8.449103,
293.323511,8.414325,
293.412131,8.371317,
293.519933,8.336693,
293.622990,8.294632,
293.712431,8.254319,
293.817871,8.219541,
293.923697,8.178375,
294.026690,8.137323,
294.116014,8.097378,
294.223006,8.062687,
294.311652,8.021360,
294.420164,7.987071,
294.523467,7.945226,
294.611763,7.905414,
294.725309,7.871153,
294.813356,7.827831,
294.921817,7.793807,
295.024061,7.752469,
295.113521,7.713356,
295.222751,7.679050,
295.311377,7.637464,
295.417660,7.603643,
295.516909,7.563259,
295.621357,7.525546,
295.725064,7.485920,
295.813194,7.446605,
295.923985,7.412944,
296.012091,7.371333,
296.119338,7.337930,
296.223955,7.297653,
296.312346,7.258315,
296.419290,7.225050,
296.523108,7.184915,
296.611235,7.145951,
296.721933,7.113005,
296.809906,7.071551,
296.917613,7.038613,
297.019342,6.998412,
297.108124,6.960421,
297.219399,6.927562,
297.326531,6.886125,
297.415267,6.846262,
297.505986,6.813475,
297.615362,6.779768,
297.718442,6.739278,
297.823817,6.701359,
297.911644,6.662474,
298.020562,6.630026,
298.119860,6.589959,
298.222837,6.553504,
298.324081,6.515541,
298.412523,6.478461,
298.523952,6.446176,
298.612666,6.405337,
298.718916,6.372963,
298.822394,6.334119,
298.924333,6.296422,
299.013291,6.259245,
299.122172,6.226897,
299.210174,6.187261,
299.320955,6.155388,
299.409045,6.115194,
299.518292,6.083261,
299.617040,6.043472,
299.719295,6.008005,
299.818635,5.971119,
299.923907,5.935303,
300.013523,5.897301,
300.120322,5.865079,
300.222926,5.826498,
300.311019,5.789828,
300.419531,5.758191,
300.523409,5.719338,
300.611872,5.682116,
300.722816,5.650454,
300.810976,5.610849,
300.922956,5.579216,
301.021814,5.539396,
301.121078,5.504199,
301.224944,5.468809,
301.314797,5.431701,
301.421191,5.400036,
301.525417,5.362276,
301.614741,5.325290,
301.721606,5.293709,
301.809759,5.255880,
301.920533,5.224643,
302.009046,5.185485,
302.117359,5.154081,
302.221528,5.116132,
302.310537,5.079428,
302.419415,5.048128,
302.522498,5.009814,
302.610702,4.973621,
302.720950,4.942581,
302.809418,4.904010,
302.917248,4.872785,
303.018275,4.835305,
303.122184,4.800014,
303.210564,4.763703,
303.318165,4.732652,
303.422178,4.695280,
303.522100,4.659043,
303.610358,4.624247,
303.716232,4.593442,
303.818757,4.556734,
303.923899,4.520948,
304.012566,4.484564,
304.117473,4.453818,
304.223208,4.417488,
304.313099,4.380787,
304.421112,4.349822,
304.510582,4.312365,
304.620064,4.281533,
304.708350,4.243790,
304.816510,4.213290,
304.920799,4.176035,
305.022533,4.140003,
305.123386,4.104986,
305.211229,4.070429,
305.322362,4.039912,
305.410375,4.002079,
305.518371,3.971845,
305.619442,3.934830,
305.720453,3.900200,
305.820255,3.865655,
305.923184,3.831498,
306.013494,3.796013,
306.121187,3.765463,
306.209263,3.728671,
306.315374,3.698606,
306.418021,3.662415,
306.522130,3.627285,
306.610519,3.591959,
306.719299,3.561860,
306.807494,3.524898,
306.918140,3.494886,
307.021937,3.457262,
307.110281,3.422081,
307.219517,3.392121,
307.307514,3.355091,
307.416197,3.325200,
307.521116,3.288447,
307.610126,3.252692,
307.722536,3.222595,
307.810634,3.184844,
307.918424,3.155017,
308.022687,3.118669,
308.110856,3.083496,
308.220279,3.053752,
308.308613,3.016838,
308.417437,2.987064,
308.520495,2.950412,
308.609488,2.915761,
308.719839,2.885835,
308.823309,2.848741,
308.911875,2.813845,
309.021287,2.784077,
309.110907,2.747434,
309.216996,2.717180,
309.305584,2.681852,
309.416763,2.652136,
309.522132,2.614890,
309.610300,2.579573,
309.720771,2.549868,
309.808741,2.513146,
309.920354,2.483690,
310.008807,2.446354,
310.115358,2.416804,
310.219357,2.381242,
310.307732,2.346462,
310.416755,2.316904,
310.520055,2.280674,
310.608257,2.246237,
310.719779,2.216764,
310.807932,2.179676,
310.915833,2.150326,
311.018564,2.114282,
311.121934,2.080159,
311.221725,2.045812,
311.387667,2.012546,
311.477180,1.957396,
311.566490,1.927597,
311.656436,1.898103,
311.744735,1.868239,
311.834298,1.838924,
311.923536,1.809216,
312.012256,1.779581,
312.117007,1.750152,
312.219593,1.715464,
312.307861,1.681469,
312.420770,1.652190,
312.508994,1.614750,
312.615855,1.585542,
312.720377,1.550209,
312.808641,1.515583,
312.917966,1.486354,
313.020282,1.450304,
313.121647,1.416441,
313.222468,1.382922,
313.310204,1.349602,
313.413863,1.320581,
313.516958,1.286365,
313.621487,1.252385,
313.709501,1.217850,
313.817287,1.188759,
313.920319,1.152987,
314.020856,1.119223,
314.110230,1.085992,
314.214603,1.056537,
314.320018,1.022046,
314.409256,0.987419,
314.516898,0.957982,
314.621430,0.922503,
314.710372,0.888048,
314.818548,0.858764,
314.908292,0.822997,
315.014946,0.793567,
315.118523,0.758156,
315.207137,0.724246,
315.313888,0.695117,
315.419005,0.660007,
315.522457,0.625344,
315.612057,0.591149,
315.719972,0.561910,
315.808027,0.526370,
315.913889,0.497305,
316.018904,0.462573,
316.108721,0.428040,
316.218035,0.398495,
316.306974,0.362432,
316.415878,0.332919,
316.519740,0.297260,
316.609821,0.263038,
316.713580,0.233616,
316.818566,0.199520,
316.906753,0.165034,
317.016012,0.136065,
317.120488,0.100055,
317.208643,0.065713,
317.318749,0.036558,
317.406828,0.000590,
317.516405,0.000000,
317.621292,0.000000,
317.709721,0.000000,
317.816151,0.000000,
317.920774,0.000000,
318.009741,0.000000,
318.102255,0.000000,
318.211749,0.000000,
318.314704,0.000000,
318.417856,0.000000,
318.507130,0.000000,
318.615911,0.000000,
318.719697,0.000000,
318.807788,0.000000,
318.915117,0.000000,
319.019752,0.000000,
319.109141,0.000000,
319.215793,0.000000,
319.320151,0.000000,
319.408318,0.000000,
319.517945,0.000000,
319.622485,0.000000,
319.716912,0.000000,
319.821384,0.000000,
319.910548,0.000000,
320.019149,0.000000,
320.107253,0.000000,
320.215618,0.000000,
320.318629,0.000000,
320.406640,0.000000,
320.514069,0.000000,
320.615431,0.000000,
320.719903,0.000000,
320.810156,0.000000,
320.915788,0.000000,
321.020031,0.000000,
321.107875,0.000000,
321.215144,0.000000,
321.317778,0.000000,
321.405954,0.000000,
321.515878,0.000000,
321.604541,0.000000,
321.713304,0.000000,
321.814553,0.000000,
321.917228,0.000000,
322.019413,0.000000,
322.107658,0.000000,
322.218042,0.000000,
322.306173,0.000000,
322.415005,0.000000,
322.520939,0.000000,
322.609593,0.000000,
322.717973,0.000000,
322.806124,0.000000,
322.916317,0.000000,
323.016592,0.000000,
323.105142,0.000000,
323.214309,0.000000,
323.320545,0.000000,
323.408936,0.000000,
323.516743,0.000000,
323.619976,0.000000,
323.709337,0.000000,
323.815988,0.000000,
323.919534,0.000000,
324.008148,0.000000,
324.115034,0.000000,
324.214618,0.000000,
324.317987,0.000000,
324.405943,0.000000,
324.516125,0.000000,
324.618788,0.000000,
324.707240,0.000000,
324.813290,0.000000,
324.916639,0.000000,
325.020899,0.000000,
325.108970,0.000000,
325.218741,0.000000,
325.307075,0.000000,
325.416984,0.000000,
325.505989,0.000000,
325.613028,0.000000,
325.708269,0.000000,
325.819266,0.000000,
325.907392,0.000000,
326.017925,0.000000,
326.106778,0.000000,
326.214923,0.000000,
326.318882,0.000000,
326.407238,0.000000,
326.515964,0.000000,
326.604055,0.000000,
326.713726,0.000000,
326.817413,0.000000,
326.919793,0.000000,
327.007998,0.000000,
327.115834,0.000000,
327.204990,0.000000,
327.309762,0.000000,
327.414633,0.000000,
327.519410,0.000000,
327.608169,0.000000,
327.713654,0.000000,
327.818951,0.000000,
327.908308,0.000000,
328.018744,0.000000,
328.111327,0.000000,
328.218764,0.000000,
328.307059,0.000000,
328.418244,0.000000,
328.506562,0.000000,
328.617095,0.000000,
328.705869,0.000000,
328.814265,0.000000,
328.917935,0.000000,
329.006693,0.000000,
329.116130,0.000000,
329.204611,0.000000,
329.312004,0.000000,
329.416842,0.000000,
329.507002,0.000000,
329.615013,0.000000,
329.703375,0.000000,
329.814172,0.000000,
329.918126,0.000000,
330.007697,0.000000,
330.115408,0.000000,
330.218025,0.000000,
330.306234,0.000000,
330.418245,0.000000,
330.506420,0.000000,
330.616913,0.000000,
330.718161,0.000000,
330.807008,0.000000,
330.916026,0.000000,
331.003890,0.000000,
331.115918,0.000000,
331.204185,0.000000,
331.315937,0.000000,
331.416964,0.000000,
331.505697,0.000000,
331.613818,0.000000,
331.715714,0.000000,
331.804318,0.000000,
331.914771,0.000000,
