Time(s),Set Current,Actual Current,Velocity of Vehicle (mph),Speed,0.064562,0.001000,0.001000,0.000000,0.000000
0.093452,0.001000,0.001000,0.000000,0.000000
0.124826,0.001000,0.001000,0.000000,0.000000
0.152808,0.001000,0.001000,0.000000,0.000000
0.197059,0.001000,0.001000,0.000000,0.000000
0.229059,0.001000,0.001000,0.000000,0.000000
0.248014,0.001000,0.001000,0.000000,0.000000
0.270808,0.001000,0.001000,0.000000,0.000000
0.296887,0.001000,0.001000,0.000000,0.000000
0.323159,0.001000,0.001000,0.000000,0.000000
0.343905,0.001000,0.001000,0.000000,0.000000
0.365655,0.001000,0.001000,0.000000,0.000000
0.389151,0.001000,0.001000,0.000000,0.000000
0.409039,0.001000,0.001000,0.000000,0.000000
0.496064,0.001000,0.001000,0.000000,0.000000
0.566227,0.001000,0.001000,0.000000,0.000000
0.676255,0.001000,0.001000,0.000000,0.000000
0.765921,0.001000,0.001000,0.000000,0.000000
0.878081,0.001000,0.001000,0.000000,0.000000
0.982275,0.001000,0.001000,0.000000,0.000000
1.073686,0.001000,0.001000,0.000000,0.000000
1.181939,0.001000,0.001000,0.000000,0.000000
1.275491,0.001000,0.001000,0.000000,0.000000
1.368111,0.001000,0.001000,0.000000,0.000000
1.476447,0.001000,0.001000,0.000000,0.000000
1.567359,0.001000,0.001000,0.000000,0.000000
1.678334,0.001000,0.001000,0.000000,0.000000
1.767612,0.001000,0.001000,0.000000,0.000000
1.868812,0.001000,0.001000,0.000000,0.000000
1.979100,0.001000,0.001000,0.000000,0.000000
2.071328,0.001000,0.001000,0.000000,0.000000
2.166030,0.001000,0.001000,0.000000,0.000000
2.264220,0.001000,0.001000,0.000000,0.000000
2.381631,0.001000,0.001000,0.000000,0.000000
2.474223,0.001000,0.001000,0.000000,0.000000
2.563260,0.001000,0.001000,0.000000,0.000000
2.670743,0.001000,0.001000,0.000000,0.000000
2.779572,0.001000,0.001000,0.000000,0.000000
2.876453,0.001000,0.001000,0.000000,0.000000
2.965417,0.001000,0.001000,0.000000,0.000000
3.073686,0.001000,0.001000,0.000000,0.000000
3.161702,0.001000,0.001000,0.000000,0.000000
3.271685,0.001000,0.001000,0.000000,0.000000
3.364310,0.601000,0.601000,0.000000,0.000000
3.476710,1.201000,1.201000,0.013904,0.000000
3.581040,1.801000,1.801000,0.057738,0.000000
3.675386,2.401000,2.401000,0.123665,0.000000
3.765700,3.001000,3.001000,0.205408,0.000000
3.881489,3.601000,3.601000,0.305635,0.000000
3.969439,4.201000,4.201000,0.461702,0.000000
4.076661,4.801000,4.801000,0.601963,0.000000
4.165759,5.401000,5.401000,0.797151,0.000000
4.280704,6.000999,5.135960,0.950618,0.000000
4.369691,6.600999,5.417119,1.161733,0.000000
4.481207,7.200999,5.175381,1.316253,0.000000
4.571373,7.800999,5.431616,1.521087,0.000000
4.679528,8.400999,5.215890,1.679001,0.000000
4.777986,9.000999,5.445461,1.878166,0.000000
4.866748,9.601000,5.256961,2.052379,0.000000
4.976531,10.201000,5.461157,2.216294,0.000000
5.068390,10.801001,5.293681,2.411976,0.000000
5.180110,11.401001,5.479729,2.582282,0.000000
5.271076,12.001001,5.332294,2.782706,0.000000
5.363138,12.601002,5.498952,2.952421,0.000000
5.464860,13.201002,5.371326,3.118732,0.000000
5.574254,13.801003,5.513383,3.308489,0.000000
5.662071,14.401003,5.412936,3.507462,0.000000
5.771294,15.001003,5.534190,3.671938,0.000000
5.880568,15.601004,5.450250,3.872150,0.000000
5.974668,16.201004,5.556066,4.077430,0.000000
6.069217,16.801004,5.493565,4.261678,0.000000
6.178474,17.401005,5.577226,4.429454,0.000000
6.264001,18.001005,5.529671,4.632516,0.000000
6.372063,18.601006,5.602714,4.794343,0.000000
6.479682,19.201006,5.564457,4.996607,0.000000
6.570615,19.801006,5.629035,5.200717,0.000000
6.678331,20.000000,5.605574,5.372348,0.000000
6.765386,20.000000,5.652507,5.577022,0.000000
6.862708,20.000000,5.644943,5.742218,0.000000
6.973493,20.000000,5.677383,5.928111,0.000000
7.073967,20.000000,5.679635,6.152084,0.000000
7.162764,20.000000,5.713298,6.332093,0.000000
7.270813,20.000000,5.714156,6.502245,0.000000
7.378446,20.000000,5.740615,6.710596,0.000000
7.473160,20.000000,5.752381,6.917958,0.000000
7.562742,20.000000,5.776149,7.101287,0.000000
7.669695,20.000000,5.786562,7.274697,0.000000
7.777946,20.000000,5.806251,7.483016,0.000000
7.866380,20.000000,5.824358,7.693251,0.000000
7.976804,20.000000,5.844249,7.866218,0.000000
8.078407,20.000000,5.856877,8.088105,0.000000
8.168806,20.000000,5.883334,8.282503,0.000000
8.276349,20.000000,5.894811,8.458698,0.000000
8.365069,20.000000,5.915010,8.670462,0.000000
8.473326,20.000000,5.934582,8.845636,0.000000
8.562019,20.000000,5.948797,9.060189,0.000000
8.672236,20.000000,5.973756,9.235463,0.000000
8.779319,20.000000,5.984369,9.454230,0.000000
8.869111,20.000000,6.013073,9.667448,0.000000
8.977713,20.000000,6.027773,9.848197,0.000000
9.075390,20.000000,6.047485,10.068379,0.000000
9.162901,20.000000,6.070400,10.259420,0.000000
9.269078,20.000000,6.086333,10.435423,0.000000
9.377110,20.000000,6.104897,10.649171,0.000000
9.464219,20.000000,6.128205,10.866676,0.000000
9.576496,20.000000,6.149073,11.042753,0.000000
9.664003,20.000000,6.164791,11.269937,0.000000
9.772542,20.000000,6.193054,11.448474,0.000000
9.879625,20.000000,6.204584,11.668700,0.000000
9.976869,20.000000,6.234920,11.887509,0.000000
10.080169,20.000000,6.252591,12.084939,0.000000
10.174632,20.000000,6.275279,12.296982,0.000000
10.263009,20.000000,6.297430,12.490155,0.000000
10.370001,20.000000,6.316878,12.671727,0.000000
10.474279,20.000000,6.336263,12.892195,0.000000
10.579036,20.000000,6.362772,13.106960,0.000000
10.675368,20.000000,6.383992,13.323533,0.000000
10.764673,20.000000,6.409173,13.522990,0.000000
10.874365,20.000000,6.429083,13.708507,0.000000
10.962458,20.000000,6.450019,13.936401,0.000000
11.073972,20.000000,6.478171,14.120194,0.000000
11.179481,20.000000,6.494248,14.352647,0.000000
11.267516,20.000000,6.526692,14.573243,0.000000
11.373836,20.000000,6.547485,14.757953,0.000000
11.479636,20.000000,6.568949,14.981073,0.000000
11.568082,20.000000,6.597286,15.203817,0.000000
11.674395,20.000000,6.621868,15.390185,0.000000
11.761020,20.000000,6.642209,15.614976,0.000000
11.867641,20.000000,6.672332,15.798401,0.000000
11.977760,20.000000,6.689546,16.024008,0.000000
12.065121,20.000000,6.722098,16.258210,0.000000
12.174443,20.000000,6.748106,16.444202,0.000000
12.264583,20.000000,6.768979,16.677428,0.000000
12.371287,20.000000,6.801805,16.870473,0.000000
12.477756,20.000000,6.820962,17.098430,0.000000
12.566796,20.000000,6.854278,17.326855,0.000000
12.677173,20.000000,6.880623,17.518335,0.000000
12.764547,20.000000,6.903843,17.756556,0.000000
12.870661,20.000000,6.937940,17.945628,0.000000
12.970266,20.000000,6.957410,18.174157,0.000000
13.077947,20.000000,6.992126,18.390360,0.000000
13.164813,20.000000,7.017276,18.623793,0.000000
13.270216,20.000000,7.050816,18.812676,0.000000
13.376238,20.000000,7.071938,19.042668,0.000000
13.465618,20.000000,7.107362,19.273921,0.000000
13.575442,20.000000,7.136708,19.469520,0.000000
13.672625,20.000000,7.162167,19.710376,0.000000
13.764353,20.000000,7.198755,19.924023,0.000000
13.869923,20.000000,7.225288,20.125915,0.000000
13.961695,20.000000,7.254282,20.360035,0.000000
14.071527,20.000000,7.289044,20.561527,0.000000
14.180401,20.000000,7.315092,20.804860,0.000000
14.268910,20.000000,7.353741,21.046691,0.000000
14.374940,20.000000,7.387246,21.243777,0.000000
14.468521,20.000000,7.414122,21.479441,0.000000
14.573331,20.000000,7.452016,21.688506,0.000000
14.680849,20.000000,7.480393,21.923031,0.000000
14.766752,0.001000,0.001000,21.841326,0.000000
14.877347,0.001000,0.001000,21.776483,0.000000
14.966195,0.001000,0.001000,21.693100,0.000000
15.074975,0.001000,0.001000,21.626433,0.000000
15.161630,0.001000,0.001000,21.545102,0.000000
15.269279,0.001000,0.001000,21.480549,0.000000
15.374897,0.001000,0.001000,21.400502,0.000000
15.460702,0.001000,0.001000,21.322629,0.000000
15.571659,0.001000,0.001000,21.259411,0.000000
15.677009,0.001000,0.001000,21.177953,0.000000
15.761916,0.001000,0.001000,21.100989,0.000000
15.869845,0.001000,0.001000,21.039308,0.000000
15.977900,0.001000,0.001000,20.960835,0.000000
16.064070,0.001000,0.001000,20.882941,0.000000
17.100022,0.001000,0.000000,20.820540,0.000000
18.120596,0.001000,0.000000,20.077341,0.000000
19.142865,0.001000,0.000000,19.372901,0.000000
20.162694,0.001000,0.000000,18.692621,0.000000
21.184436,0.001000,0.000000,18.037690,0.000000
21.774336,0.001000,0.000000,17.403388,0.000000
**Microcontroller Awake! Current Speed: 20.526501 MPH **
21.883629,0.001000,0.000000,17.049260,20.526501
21.901313,0.001000,0.001000,16.984886,20.526501
21.968400,0.001000,0.001000,16.974360,20.526501
22.074668,0.001000,0.001000,16.935135,20.526501
22.181482,0.001000,0.001000,16.872925,20.526501
22.268767,0.001000,0.001000,16.810537,20.526501
22.377161,0.001000,0.001000,16.759577,20.526501
22.465183,0.001000,0.001000,16.696413,20.526501
22.573596,0.001000,0.001000,16.645888,20.526501
22.680923,0.001000,0.001000,16.583362,20.526501
22.766077,0.001000,0.001000,16.521557,20.526501
22.874060,0.001000,0.001000,16.472784,20.526501
22.981173,0.001000,0.001000,16.410893,20.526501
23.066938,0.001000,0.001000,16.349982,20.526501
23.176669,0.001000,0.001000,16.301215,20.526501
23.265877,0.001000,0.001000,16.238996,20.526501
23.374181,0.001000,0.001000,16.188625,20.526501
23.479230,0.001000,0.001000,16.127562,20.526501
23.565101,0.001000,0.001000,16.068398,20.526501
23.671356,0.001000,0.001000,16.020539,20.526501
23.775420,0.001000,0.001000,15.961160,20.526501
23.884996,0.001000,0.001000,15.903163,20.526501
23.971749,0.001000,0.001000,15.842332,20.526501
24.078127,0.001000,0.001000,15.794355,20.526501
24.165955,0.001000,0.001000,15.735604,20.526501
24.283617,0.001000,0.001000,15.687252,20.526501
24.371581,0.001000,0.001000,15.622502,20.526501
24.476646,0.001000,0.001000,15.574488,20.526501
24.571883,0.001000,0.001000,15.517071,20.526501
24.678776,0.001000,0.001000,15.465250,20.526501
24.764805,0.001000,0.001000,15.407182,20.526501
24.873472,0.001000,0.001000,15.360576,20.526501
24.984271,0.001000,0.001000,15.301922,20.526501
25.072346,0.001000,0.001000,15.242263,20.526501
25.180363,0.001000,0.001000,15.194958,20.526501
25.282931,0.001000,0.001000,15.137091,20.526501
25.370898,0.001000,0.001000,15.082158,20.526501
25.477550,0.001000,0.001000,15.035475,20.526501
25.564343,0.001000,0.001000,14.978808,20.526501
25.670418,0.601000,0.601000,14.953478,20.526501
25.777066,1.201000,1.201000,14.948214,20.526501
25.866248,1.801000,1.801000,14.968522,20.526501
25.974501,2.401000,2.401000,15.006672,20.526501
26.082692,3.001000,3.001000,15.078932,20.526501
26.171902,3.601000,3.601000,15.176924,20.526501
26.264616,4.201000,4.201000,15.278760,20.526501
26.368957,4.801000,4.801000,15.406706,20.526501
26.476426,5.401000,5.401000,15.575380,20.526501
26.584003,6.000999,6.000999,15.774012,20.526501
26.677536,6.600999,6.600999,15.998178,20.526501
26.784936,7.200999,6.766237,16.198784,20.526501
26.874637,7.800999,6.712783,16.426448,20.526501
26.963455,8.400999,6.784744,16.618232,20.526501
27.069334,9.000999,6.782165,16.807521,20.526501
27.174167,9.601000,6.819415,17.034470,20.526501
27.281900,10.201000,6.842900,17.259028,20.526501
27.374331,10.801001,6.873526,17.490719,20.526501
27.481811,11.401001,6.902163,17.689360,20.526501
27.566936,12.001001,6.925828,17.921724,20.526501
27.674621,12.601002,6.958823,18.105206,20.526501
27.782641,13.201002,6.978024,18.338284,20.526501
27.870340,13.801003,7.013978,18.573015,20.526501
27.976404,14.401003,7.042446,18.764023,20.526501
28.079426,15.001003,7.066335,18.994466,20.526501
28.166467,15.601004,7.100468,19.219407,20.526501
28.273663,16.201004,7.129075,19.409756,20.526501
28.380633,16.801004,7.153744,19.644615,20.526501
28.468171,17.401005,7.189396,19.879864,20.526501
28.574031,18.001005,7.220567,20.072280,20.526501
28.678489,0.001000,0.001000,19.999237,20.526501
28.764900,0.001000,0.001000,19.927505,20.526501
28.870334,0.001000,0.001000,19.868109,20.526501
28.975194,0.001000,0.001000,19.796263,20.526501
29.081262,0.001000,0.001000,19.725096,20.526501
29.165588,0.001000,0.001000,19.653241,20.526501
29.271279,0.001000,0.001000,19.596353,20.526501
29.379831,0.001000,0.001000,19.525160,20.526501
29.468226,0.001000,0.001000,19.452457,20.526501
29.572875,0.001000,0.001000,19.393418,20.526501
29.678467,0.001000,0.001000,19.323714,20.526501
29.765005,0.001000,0.001000,19.253546,20.526501
29.871086,0.001000,0.001000,19.196548,20.526501
29.977054,0.001000,0.001000,19.126295,20.526501
30.063694,0.001000,0.001000,19.057088,20.526501
30.169089,0.001000,0.001000,19.000329,20.526501
30.273450,0.001000,0.001000,18.931580,20.526501
30.371696,0.001000,0.001000,18.859383,20.526501
30.469510,0.001000,0.001000,18.800217,20.526501
30.577567,0.001000,0.001000,18.736845,20.526501
30.664933,0.001000,0.001000,18.667571,20.526501
30.769895,0.001000,0.001000,18.611536,20.526501
30.874171,0.001000,0.001000,18.544357,20.526501
30.978308,0.001000,0.001000,18.478055,20.526501
31.066132,0.001000,0.001000,18.411967,20.526501
31.171686,0.001000,0.001000,18.356410,20.526501
31.286730,0.001000,0.001000,18.289810,20.526501
31.377014,0.001000,0.001000,18.217463,20.526501
32.398229,0.001000,0.000000,18.160975,20.526501
33.417841,0.001000,0.000000,17.522785,20.526501
34.437601,0.001000,0.000000,16.906837,20.526501
35.456860,0.001000,0.000000,16.309965,20.526501
36.477926,0.001000,0.000000,15.731621,20.526501
37.496944,0.001000,0.000000,15.169123,20.526501
38.518209,0.001000,0.000000,14.623080,20.526501
39.108250,0.001000,0.000000,14.091745,20.526501
**Microcontroller Awake! Current Speed: 17.774622 MPH **
39.194787,0.001000,0.000000,13.792660,17.774622
39.214196,0.001000,0.001000,13.749477,17.774622
39.300882,0.001000,0.001000,13.739565,17.774622
39.406725,0.001000,0.001000,13.696631,17.774622
39.495487,0.001000,0.001000,13.643994,17.774622
39.601875,0.001000,0.001000,13.600072,17.774622
39.707153,0.001000,0.001000,13.547382,17.774622
39.795899,0.001000,0.001000,13.495421,17.774622
39.901048,0.001000,0.001000,13.451887,17.774622
40.010144,0.001000,0.001000,13.400253,17.774622
40.096026,0.001000,0.001000,13.346825,17.774622
40.201669,0.001000,0.001000,13.304562,17.774622
40.309989,0.001000,0.001000,13.253337,17.774622
40.397836,0.001000,0.001000,13.200724,17.774622
40.506628,0.001000,0.001000,13.158098,17.774622
40.613238,0.001000,0.001000,13.105481,17.774622
40.697102,0.001000,0.001000,13.054006,17.774622
40.802816,0.001000,0.001000,13.013642,17.774622
40.908186,0.001000,0.001000,12.962778,17.774622
41.011708,0.001000,0.001000,12.912356,17.774622
41.105064,0.001000,0.001000,12.862812,17.774622
41.194376,0.001000,0.001000,12.818264,17.774622
41.301512,0.001000,0.001000,12.775738,17.774622
41.406124,0.001000,0.001000,12.724938,17.774622
41.511329,0.001000,0.001000,12.675351,17.774622
41.599805,0.001000,0.001000,12.625665,17.774622
41.707520,0.001000,0.001000,12.583852,17.774622
41.811096,0.001000,0.001000,12.533186,17.774622
41.895078,0.601000,0.601000,12.509410,17.774622
42.006087,1.201000,1.201000,12.510278,17.774622
42.113622,1.801000,1.801000,12.538023,17.774622
42.199523,2.401000,2.401000,12.590608,17.774622
42.305007,3.001000,3.001000,12.653094,17.774622
42.408550,3.601000,3.601000,12.755016,17.774622
42.497075,4.201000,4.201000,12.879469,17.774622
42.604745,4.801000,4.801000,13.007054,17.774622
42.711401,5.401000,5.401000,13.187499,17.774622
42.797040,6.000999,6.000999,13.391352,17.774622
42.902064,6.600999,6.600999,13.575482,17.774622
43.010415,7.200999,6.319415,13.788514,17.774622
43.096940,7.800999,6.531809,14.016805,17.774622
43.202362,8.400999,6.442903,14.195925,17.774622
43.307357,9.000999,6.529235,14.417395,17.774622
43.395884,9.601000,6.517547,14.636336,17.774622
43.503607,10.201000,6.564396,14.822431,17.774622
43.607882,10.801001,6.570837,15.049006,17.774622
43.712920,11.401001,6.608660,15.268131,17.774622
43.800882,12.001001,6.627201,15.489712,17.774622
43.905761,12.601002,6.657598,15.675623,17.774622
44.012918,13.201002,6.674938,15.897632,17.774622
44.098890,13.801003,6.706597,16.125418,17.774622
44.207160,14.401003,6.731683,16.307920,17.774622
44.312908,15.001003,6.752225,16.539413,17.774622
44.401123,15.601004,6.784715,16.764518,17.774622
44.506524,16.201004,6.809911,16.952909,17.774622
44.597869,16.801004,6.832362,17.178969,17.774622
44.701354,17.401005,6.863699,17.375258,17.774622
44.806369,18.001005,6.885046,17.597398,17.774622
44.910339,18.601006,6.916795,17.823913,17.774622
44.996953,19.201006,6.944431,18.048480,17.774622
45.102534,19.801006,6.974130,18.236033,17.774622
45.208442,20.000000,6.995953,18.465288,17.774622
45.295202,20.000000,7.030061,18.695985,17.774622
45.403142,20.000000,7.058863,18.883718,17.774622
45.511958,20.000000,7.082132,19.119991,17.774622
45.598238,20.000000,7.117892,19.357272,17.774622
45.703310,20.000000,7.148424,19.545999,17.774622
45.809578,20.000000,7.172099,19.777026,17.774622
45.895884,20.000000,7.207649,20.010165,17.774622
46.000698,20.000000,7.238692,20.200360,17.774622
46.108463,20.000000,7.263471,20.431756,17.774622
46.213918,20.000000,7.299637,20.669922,17.774622
46.306460,20.000000,7.332691,20.903781,17.774622
46.394914,20.000000,7.366639,21.109565,17.774622
46.500931,20.000000,7.394873,21.306161,17.774622
46.596277,0.001000,0.001000,21.228190,17.774622
46.700257,0.001000,0.001000,21.158354,17.774622
46.808869,0.001000,0.001000,21.082430,17.774622
46.895991,0.001000,0.001000,21.003499,17.774622
47.001796,0.001000,0.001000,20.940444,17.774622
47.108031,0.001000,0.001000,20.863968,17.774622
47.196579,0.001000,0.001000,20.787680,17.774622
47.305474,0.001000,0.001000,20.724297,17.774622
47.411145,0.001000,0.001000,20.646566,17.774622
47.494843,0.001000,0.001000,20.571525,17.774622
47.598098,0.001000,0.001000,20.512207,17.774622
47.702706,0.001000,0.001000,20.439352,17.774622
47.806630,0.001000,0.001000,20.365709,17.774622
47.910223,0.001000,0.001000,20.293045,17.774622
47.997029,0.001000,0.001000,20.220739,17.774622
48.102423,0.001000,0.001000,20.160366,17.774622
48.206043,0.001000,0.001000,20.087332,17.774622
48.294036,0.001000,0.001000,20.015464,17.774622
48.402228,0.001000,0.001000,19.955281,17.774622
48.508569,0.001000,0.001000,19.881203,17.774622
48.597725,0.001000,0.001000,19.808580,17.774622
48.704897,0.001000,0.001000,19.747854,17.774622
48.812041,0.001000,0.001000,19.675230,17.774622
48.905894,0.001000,0.001000,19.602818,17.774622
49.010130,0.001000,0.001000,19.539650,17.774622
49.099790,0.001000,0.001000,19.469555,17.774622
49.208474,0.001000,0.001000,19.409807,17.774622
49.293511,0.001000,0.001000,19.337425,17.774622
49.402507,0.001000,0.001000,19.280950,17.774622
49.508146,0.001000,0.001000,19.208755,17.774622
49.612413,0.001000,0.001000,19.139174,17.774622
49.698351,0.001000,0.001000,19.070647,17.774622
49.795836,0.001000,0.001000,19.014428,17.774622
49.898847,0.001000,0.001000,18.950798,17.774622
50.003068,0.001000,0.001000,18.883726,17.774622
50.111114,0.001000,0.001000,18.816108,17.774622
50.197944,0.001000,0.001000,18.746311,17.774622
50.305231,0.001000,0.001000,18.690442,17.774622
50.411000,0.001000,0.001000,18.621665,17.774622
50.503264,0.001000,0.001000,18.553979,17.774622
50.608570,0.001000,0.001000,18.495131,17.774622
50.696543,0.001000,0.001000,18.428383,17.774622
50.806050,0.001000,0.001000,18.372696,17.774622
50.893937,0.001000,0.001000,18.303442,17.774622
51.001000,0.001000,0.001000,18.248282,17.774622
51.106173,0.001000,0.001000,18.181128,17.774622
51.193818,0.001000,0.001000,18.115413,17.774622
51.297556,0.001000,0.001000,18.060840,17.774622
51.402387,0.001000,0.001000,17.996385,17.774622
51.508691,0.001000,0.001000,17.931417,17.774622
51.595724,0.001000,0.001000,17.865930,17.774622
52.617708,0.001000,0.000000,17.812322,17.774622
53.636944,0.001000,0.000000,17.185242,17.774622
54.656278,0.001000,0.000000,16.579922,17.774622
55.678032,0.001000,0.000000,15.993531,17.774622
56.697647,0.001000,0.000000,15.423072,17.774622
57.719281,0.001000,0.000000,14.870069,17.774622
58.741017,0.001000,0.000000,14.331238,17.774622
59.762649,0.001000,0.000000,13.807138,17.774622
60.783810,0.001000,0.000000,13.296414,17.774622
61.804251,0.001000,0.000000,12.798494,17.774622
62.825230,0.001000,0.000000,12.312737,17.774622
63.845108,0.001000,0.000000,11.838067,17.774622
64.696073,0.001000,0.000000,11.374352,17.774622
**Microcontroller Awake! Current Speed: 16.971073 MPH **
64.783338,0.001000,0.000000,10.995675,16.971073
64.801028,0.001000,0.001000,10.957463,16.971073
64.892491,0.001000,0.001000,10.949474,16.971073
64.997331,0.001000,0.001000,10.909961,16.971073
65.084711,0.001000,0.001000,10.864264,16.971073
65.189767,0.001000,0.001000,10.826331,16.971073
65.293917,0.001000,0.001000,10.780733,16.971073
65.398971,0.001000,0.001000,10.735665,16.971073
65.494547,0.001000,0.001000,10.690082,16.971073
65.596949,0.001000,0.001000,10.649010,16.971073
65.686339,0.001000,0.001000,10.604980,16.971073
65.784241,0.001000,0.001000,10.566417,16.971073
65.892339,0.001000,0.001000,10.524589,16.971073
65.984821,0.001000,0.001000,10.478317,16.971073
66.092039,0.001000,0.001000,10.438882,16.971073
66.199438,0.001000,0.001000,10.393158,16.971073
66.292002,0.001000,0.001000,10.347355,16.971073
66.395752,0.001000,0.001000,10.307780,16.971073
66.480236,0.001000,0.001000,10.264164,16.971073
66.587568,0.001000,0.001000,10.228391,16.971073
66.690146,0.001000,0.001000,10.182992,16.971073
66.795563,0.001000,0.001000,10.139772,16.971073
66.888857,0.001000,0.001000,10.095397,16.971073
66.995206,0.001000,0.001000,10.056181,16.971073
67.084732,0.001000,0.001000,10.011628,16.971073
67.186246,0.001000,0.001000,9.974136,16.971073
67.291841,0.001000,0.001000,9.931666,16.971073
67.395645,0.001000,0.001000,9.887685,16.971073
67.480904,0.001000,0.001000,9.844474,16.971073
67.586874,0.001000,0.001000,9.808781,16.971073
67.691727,0.001000,0.001000,9.764930,16.971073
67.796989,0.001000,0.001000,9.721561,16.971073
67.880121,0.001000,0.001000,9.678090,16.971073
67.984044,0.001000,0.001000,9.643779,16.971073
68.085526,0.001000,0.001000,9.600961,16.971073
68.189377,0.001000,0.001000,9.559209,16.971073
68.292484,0.001000,0.001000,9.516491,16.971073
68.381828,0.001000,0.001000,9.474290,16.971073
68.486947,0.001000,0.001000,9.437742,16.971073
68.593503,0.001000,0.001000,9.394684,16.971073
68.695532,0.001000,0.001000,9.351360,16.971073
68.799529,0.001000,0.001000,9.309820,16.971073
68.891901,0.001000,0.001000,9.267468,16.971073
68.995999,0.001000,0.001000,9.230070,16.971073
69.080480,0.001000,0.001000,9.187870,16.971073
69.188529,0.001000,0.001000,9.153721,16.971073
69.282354,0.001000,0.001000,9.110000,16.971073
69.386231,0.001000,0.001000,9.072212,16.971073
69.482497,0.001000,0.001000,9.030372,16.971073
69.589424,0.001000,0.001000,8.991774,16.971073
69.693393,0.001000,0.001000,8.948857,16.971073
69.795994,0.001000,0.001000,8.907216,16.971073
69.886682,0.001000,0.001000,8.866170,16.971073
69.995571,0.001000,0.001000,8.829883,16.971073
70.083329,0.001000,0.001000,8.786503,16.971073
70.188482,0.001000,0.001000,8.751680,16.971073
70.297412,0.001000,0.001000,8.709901,16.971073
70.387230,0.001000,0.001000,8.666647,16.971073
70.493114,0.001000,0.001000,8.630937,16.971073
70.592678,0.001000,0.001000,8.589225,16.971073
70.685514,0.001000,0.001000,8.549867,16.971073
70.785289,0.001000,0.001000,8.513294,16.971073
70.884502,0.001000,0.001000,8.474019,16.971073
70.991166,0.001000,0.001000,8.435029,16.971073
71.080983,0.001000,0.001000,8.393165,16.971073
71.187172,0.001000,0.001000,8.357850,16.971073
71.290282,0.001000,0.001000,8.316296,16.971073
71.382879,0.001000,0.001000,8.276128,16.971073
71.486654,0.001000,0.001000,8.240010,16.971073
71.595178,0.001000,0.001000,8.199350,16.971073
71.683234,0.001000,0.001000,8.157354,16.971073
71.789409,0.001000,0.001000,8.123158,16.971073
71.897512,0.001000,0.001000,8.081990,16.971073
71.989026,0.001000,0.001000,8.040091,16.971073
72.092980,0.001000,0.001000,8.004714,16.971073
72.180520,0.001000,0.001000,7.964483,16.971073
72.288451,0.001000,0.001000,7.930632,16.971073
72.394491,0.001000,0.001000,7.889247,16.971073
72.488759,0.001000,0.001000,7.848481,16.971073
72.591141,0.001000,0.001000,7.812281,16.971073
72.680441,0.001000,0.001000,7.772959,16.971073
72.784819,0.001000,0.001000,7.738725,16.971073
72.888522,0.001000,0.001000,7.698910,16.971073
72.996233,0.001000,0.001000,7.659287,16.971073
73.079999,0.001000,0.001000,7.618219,16.971073
73.186055,0.001000,0.001000,7.586262,16.971073
73.290735,0.001000,0.001000,7.545886,16.971073
73.396642,0.001000,0.001000,7.506228,16.971073
73.480597,0.001000,0.001000,7.466105,16.971073
73.583012,0.001000,0.001000,7.434277,16.971073
73.686680,0.001000,0.001000,7.395534,16.971073
73.790506,0.001000,0.001000,7.356282,16.971073
73.894629,0.001000,0.001000,7.317197,16.971073
73.987535,0.001000,0.001000,7.277993,16.971073
74.092056,0.001000,0.001000,7.242956,16.971073
74.192120,0.001000,0.001000,7.203740,16.971073
74.293835,0.001000,0.001000,7.166182,16.971073
74.380862,0.001000,0.001000,7.128091,16.971073
74.491833,0.001000,0.001000,7.095518,16.971073
74.590465,0.001000,0.001000,7.053914,16.971073
74.697378,0.001000,0.001000,7.017213,16.971073
74.784234,0.001000,0.001000,6.977327,16.971073
74.886404,0.001000,0.001000,6.944954,16.971073
74.993297,0.001000,0.001000,6.906826,16.971073
75.095283,0.001000,0.001000,6.867209,16.971073
75.197785,0.001000,0.001000,6.829437,16.971073
75.292710,0.001000,0.001000,6.791400,16.971073
75.394544,0.001000,0.001000,6.756282,16.971073
75.479843,0.001000,0.001000,6.718497,16.971073
75.583968,0.001000,0.001000,6.687218,16.971073
75.686249,0.001000,0.001000,6.648810,16.971073
75.788496,0.001000,0.001000,6.611045,16.971073
75.892273,0.001000,0.001000,6.573478,16.971073
75.981183,0.001000,0.001000,6.533549,16.971073
76.091209,0.001000,0.001000,6.502670,16.971073
76.198792,0.001000,0.001000,6.462369,16.971073
76.282371,0.001000,0.001000,6.422961,16.971073
76.385289,0.001000,0.001000,6.392324,16.971073
76.490630,0.001000,0.001000,6.354807,16.971073
76.580461,0.001000,0.001000,6.316281,16.971073
76.681264,0.001000,0.001000,6.283604,16.971073
76.789605,0.001000,0.001000,6.246870,16.971073
76.891375,0.001000,0.001000,6.207501,16.971073
76.991886,0.001000,0.001000,6.170458,16.971073
77.095735,0.001000,0.001000,6.134071,16.971073
77.179377,0.001000,0.001000,6.096387,16.971073
77.287845,0.001000,0.001000,6.066043,16.971073
77.394878,0.001000,0.001000,6.026688,16.971073
77.479499,0.001000,0.001000,5.988232,16.971073
77.581023,0.001000,0.001000,5.957709,16.971073
77.682442,0.001000,0.001000,5.921012,16.971073
77.784456,0.001000,0.001000,5.884571,16.971073
77.889669,0.001000,0.001000,5.847856,16.971073
77.978987,0.001000,0.001000,5.809998,16.971073
78.078561,0.001000,0.001000,5.777933,16.971073
78.186670,0.001000,0.001000,5.742247,16.971073
78.294412,0.001000,0.001000,5.703452,16.971073
78.386057,0.001000,0.001000,5.664980,16.971073
78.489600,0.001000,0.001000,5.632148,16.971073
78.587400,0.001000,0.001000,5.595235,16.971073
78.689756,0.001000,0.001000,5.560300,16.971073
78.792127,0.001000,0.001000,5.523850,16.971073
78.893332,0.001000,0.001000,5.487382,16.971073
78.994692,0.001000,0.001000,5.451357,16.971073
79.095502,0.001000,0.001000,5.415365,16.971073
79.186325,0.001000,0.001000,5.379543,16.971073
79.295422,0.001000,0.001000,5.347251,16.971073
79.380140,0.001000,0.001000,5.308680,16.971073
79.483336,0.001000,0.001000,5.278676,16.971073
79.586078,0.001000,0.001000,5.242164,16.971073
79.689481,0.001000,0.001000,5.205817,16.971073
79.796029,0.001000,0.001000,5.169377,16.971073
79.884060,0.001000,0.001000,5.131818,16.971073
79.991170,0.001000,0.001000,5.100800,16.971073
80.095017,0.001000,0.001000,5.063050,16.971073
80.187783,0.001000,0.001000,5.026567,16.971073
80.294959,0.001000,0.001000,4.993760,16.971073
80.378311,0.001000,0.001000,4.956331,16.971073
80.484257,0.001000,0.001000,4.927074,16.971073
80.586479,0.001000,0.001000,4.889960,16.971073
80.688279,0.001000,0.001000,4.854080,16.971073
80.788541,0.001000,0.001000,4.818528,16.971073
80.890979,0.001000,0.001000,4.783480,16.971073
80.995015,0.001000,0.001000,4.747673,16.971073
81.095046,0.001000,0.001000,4.710679,16.971073
81.181640,0.001000,0.001000,4.676512,16.971073
81.284470,0.001000,0.001000,4.646334,16.971073
81.386566,0.001000,0.001000,4.610543,16.971073
81.491207,0.001000,0.001000,4.574942,16.971073
81.578976,0.001000,0.001000,4.538703,16.971073
81.681219,0.001000,0.001000,4.508214,16.971073
81.787535,0.001000,0.001000,4.472706,16.971073
81.890188,0.001000,0.001000,4.435841,16.971073
81.991457,0.001000,0.001000,4.400292,16.971073
82.079770,0.001000,0.001000,4.365040,16.971073
82.189258,0.001000,0.001000,4.334729,16.971073
82.295328,0.001000,0.001000,4.296877,16.971073
82.396744,0.001000,0.001000,4.260260,16.971073
82.490914,0.001000,0.001000,4.225233,16.971073
82.595055,0.001000,0.001000,4.192787,16.971073
82.678869,0.001000,0.001000,4.156911,16.971073
82.781070,0.001000,0.001000,4.128060,16.971073
82.883596,0.001000,0.001000,4.092878,16.971073
82.989707,0.001000,0.001000,4.057666,16.971073
83.092557,0.001000,0.001000,4.021230,16.971073
83.194269,0.001000,0.001000,3.985912,16.971073
83.279438,0.001000,0.001000,3.951021,16.971073
83.384785,0.001000,0.001000,3.921780,16.971073
83.485553,0.001000,0.001000,3.885748,16.971073
83.592731,0.001000,0.001000,3.851248,16.971073
83.695763,0.001000,0.001000,3.814593,16.971073
83.789738,0.001000,0.001000,3.779300,16.971073
83.889945,0.001000,0.001000,3.747243,16.971073
83.989260,0.001000,0.001000,3.713034,16.971073
84.090899,0.001000,0.001000,3.679197,16.971073
84.192894,0.001000,0.001000,3.644524,16.971073
84.282370,0.001000,0.001000,3.609777,16.971073
84.384661,0.001000,0.001000,3.579218,16.971073
84.489167,0.001000,0.001000,3.544549,16.971073
84.589836,0.001000,0.001000,3.508994,16.971073
84.678866,0.001000,0.001000,3.474791,16.971073
84.781033,0.001000,0.001000,3.444551,16.971073
84.880683,0.001000,0.001000,3.409851,16.971073
84.984036,0.001000,0.001000,3.376093,16.971073
85.086369,0.001000,0.001000,3.341029,16.971073
85.189655,0.001000,0.001000,3.306302,16.971073
85.297071,0.001000,0.001000,3.271410,16.971073
85.387140,0.001000,0.001000,3.235044,16.971073
85.488635,0.001000,0.001000,3.204533,16.971073
85.589026,0.001000,0.001000,3.170312,16.971073
85.692315,0.001000,0.001000,3.136416,16.971073
85.792127,0.001000,0.001000,3.101550,16.971073
85.875537,0.001000,0.001000,3.067852,16.971073
85.984921,0.001000,0.001000,3.039724,16.971073
86.086460,0.001000,0.001000,3.002880,16.971073
86.188058,0.001000,0.001000,2.964975,16.971073
86.296817,0.001000,0.001000,2.934452,16.971073
86.391198,0.001000,0.001000,2.897865,16.971073
86.478201,0.001000,0.001000,2.866119,16.971073
86.580220,0.001000,0.001000,2.836865,16.971073
86.682493,0.001000,0.001000,2.802612,16.971073
86.786669,0.001000,0.001000,2.768255,16.971073
86.891696,0.001000,0.001000,2.733153,16.971073
86.994519,0.001000,0.001000,2.698019,16.971073
87.083598,0.001000,0.001000,2.663549,16.971073
87.184419,0.001000,0.001000,2.633643,16.971073
87.288622,0.001000,0.001000,2.599960,16.971073
87.392671,0.001000,0.001000,2.565080,16.971073
87.482202,0.001000,0.001000,2.530125,16.971073
87.591923,0.001000,0.001000,2.499885,16.971073
87.678082,0.001000,0.001000,2.463625,16.971073
87.785504,0.001000,0.001000,2.434592,16.971073
87.893753,0.001000,0.001000,2.398918,16.971073
87.991878,0.001000,0.001000,2.362605,16.971073
88.080410,0.001000,0.001000,2.330017,16.971073
88.185912,0.001000,0.001000,2.300489,16.971073
88.288655,0.001000,0.001000,2.265209,16.971073
88.392118,0.001000,0.001000,2.231046,16.971073
88.478086,0.001000,0.001000,2.196571,16.971073
88.582124,0.001000,0.001000,2.167943,16.971073
