Time(s),Target Torque,Torque Output Left,Torque Output Right,Steering Angle (Binary),0.016212,1.000000,2.000000,3.000000,1028.000000,
0.063559,1.000000,2.000000,3.000000,1028.000000,
0.100904,1.000000,2.000000,3.000000,1028.000000,
0.128233,1.000000,2.000000,3.000000,1028.000000,
0.153493,1.000000,2.000000,3.000000,1028.000000,
0.178975,1.000000,2.000000,3.000000,1028.000000,
0.203965,1.000000,2.000000,3.000000,1028.000000,
0.229098,1.000000,2.000000,3.000000,1028.000000,
0.263379,1.000000,2.000000,3.000000,1028.000000,
0.291905,1.000000,2.000000,3.000000,1028.000000,
0.315088,1.000000,2.000000,3.000000,1028.000000,
0.352643,1.000000,2.000000,3.000000,1028.000000,
0.378666,1.000000,2.000000,3.000000,1028.000000,
0.413541,1.000000,2.000000,3.000000,1028.000000,
0.522512,1.000000,2.000000,3.000000,1028.000000,
0.617986,1.000000,2.000000,3.000000,1028.000000,
0.718285,1.000000,2.000000,3.000000,1028.000000,
0.812884,1.000000,2.000000,3.000000,1028.000000,
0.915444,1.000000,2.000000,3.000000,1028.000000,
1.018817,1.000000,2.000000,3.000000,1028.000000,
1.120162,1.000000,2.000000,3.000000,1028.000000,
1.228102,1.000000,2.000000,3.000000,1028.000000,
1.307756,1.000000,2.000000,3.000000,1028.000000,
1.417826,1.000000,2.000000,3.000000,1028.000000,
1.519675,1.000000,2.000000,3.000000,1028.000000,
1.623243,1.000000,2.000000,3.000000,1028.000000,
1.714671,1.000000,2.000000,3.000000,1028.000000,
1.811821,1.000000,2.000000,3.000000,1028.000000,
1.914084,1.000000,2.000000,3.000000,1028.000000,
2.007231,1.000000,2.000000,3.000000,1028.000000,
2.124588,1.000000,2.000000,3.000000,1028.000000,
2.220652,1.000000,2.000000,3.000000,1028.000000,
2.320090,1.000000,2.000000,3.000000,1028.000000,
2.417516,1.000000,2.000000,3.000000,1028.000000,
2.512169,1.000000,2.000000,3.000000,1028.000000,
2.606649,1.000000,2.000000,3.000000,1028.000000,
2.721736,1.000000,2.000000,3.000000,1028.000000,
2.817305,1.000000,2.000000,3.000000,1028.000000,
2.911066,1.000000,2.000000,3.000000,1028.000000,
3.007553,1.000000,2.000000,3.000000,1028.000000,
3.121060,1.000000,2.000000,3.000000,1028.000000,
3.215329,1.000000,2.000000,3.000000,1028.000000,
3.311793,1.000000,2.000000,3.000000,1028.000000,
3.410628,1.000000,2.000000,3.000000,1028.000000,
3.524139,1.000000,2.000000,3.000000,1028.000000,
3.619414,1.000000,2.000000,3.000000,1028.000000,
3.712052,1.000000,2.000000,3.000000,1028.000000,
3.805789,1.000000,2.000000,3.000000,1028.000000,
3.917309,1.000000,2.000000,3.000000,1028.000000,
4.009753,1.000000,2.000000,3.000000,1028.000000,
4.124196,1.000000,2.000000,3.000000,1028.000000,
4.219207,1.000000,2.000000,3.000000,1028.000000,
4.315534,1.000000,2.000000,3.000000,1028.000000,
4.412173,1.000000,2.000000,3.000000,1028.000000,
4.507331,1.000000,2.000000,3.000000,1028.000000,
4.619419,1.000000,2.000000,3.000000,1028.000000,
4.714259,1.000000,2.000000,3.000000,1028.000000,
4.808098,1.000000,2.000000,3.000000,1028.000000,
4.923110,1.000000,2.000000,3.000000,1028.000000,
5.017249,1.000000,2.000000,3.000000,1028.000000,
5.113192,1.000000,2.000000,3.000000,1028.000000,
5.208427,1.000000,2.000000,3.000000,1028.000000,
5.323332,1.000000,2.000000,3.000000,1028.000000,
5.418612,1.000000,2.000000,3.000000,1028.000000,
5.522888,1.000000,2.000000,3.000000,1028.000000,
5.617534,1.000000,2.000000,3.000000,1028.000000,
5.720506,1.000000,2.000000,3.000000,1028.000000,
5.815600,1.000000,2.000000,3.000000,1028.000000,
5.918813,1.000000,2.000000,3.000000,1028.000000,
6.016770,1.000000,2.000000,3.000000,1028.000000,
6.111906,1.000000,2.000000,3.000000,1028.000000,
6.207525,1.000000,2.000000,3.000000,1028.000000,
6.323801,1.000000,2.000000,3.000000,1028.000000,
6.417390,1.000000,2.000000,3.000000,1028.000000,
6.512518,1.000000,2.000000,3.000000,1028.000000,
6.626437,1.000000,2.000000,3.000000,1028.000000,
6.719371,1.000000,2.000000,3.000000,1028.000000,
6.816518,1.000000,2.000000,3.000000,1028.000000,
6.912012,1.000000,2.000000,3.000000,1028.000000,
7.025273,1.000000,2.000000,3.000000,1028.000000,
7.120590,1.000000,2.000000,3.000000,1028.000000,
7.216207,1.000000,2.000000,3.000000,1028.000000,
7.310499,1.000000,2.000000,3.000000,1028.000000,
7.408755,1.000000,2.000000,3.000000,1028.000000,
7.522554,1.000000,2.000000,3.000000,1028.000000,
7.615536,1.000000,2.000000,3.000000,1028.000000,
7.710859,1.000000,2.000000,3.000000,1028.000000,
7.824227,1.000000,2.000000,3.000000,1028.000000,
7.917433,1.000000,2.000000,3.000000,1028.000000,
8.012734,1.000000,2.000000,3.000000,1028.000000,
8.106874,1.000000,2.000000,3.000000,1028.000000,
8.219372,1.000000,2.000000,3.000000,1028.000000,
8.313903,1.000000,2.000000,3.000000,1028.000000,
8.409515,1.000000,2.000000,3.000000,1028.000000,
8.509936,1.000000,2.000000,3.000000,1028.000000,
8.622814,1.000000,2.000000,3.000000,1028.000000,
8.718165,1.000000,2.000000,3.000000,1028.000000,
8.813898,1.000000,2.000000,3.000000,1028.000000,
8.908929,1.000000,2.000000,3.000000,1028.000000,
9.023907,1.000000,2.000000,3.000000,1028.000000,
9.119175,1.000000,2.000000,3.000000,1028.000000,
9.218318,1.000000,2.000000,3.000000,1028.000000,
9.313570,1.000000,2.000000,3.000000,1028.000000,
9.411571,1.000000,2.000000,3.000000,1028.000000,
9.522417,1.000000,2.000000,3.000000,1028.000000,
9.616382,1.000000,2.000000,3.000000,1028.000000,
9.709069,1.000000,2.000000,3.000000,1028.000000,
9.824686,1.000000,2.000000,3.000000,1028.000000,
9.918621,1.000000,2.000000,3.000000,1028.000000,
10.014937,1.000000,2.000000,3.000000,1028.000000,
10.109206,1.000000,2.000000,3.000000,1028.000000,
10.225193,1.000000,2.000000,3.000000,1028.000000,
10.318935,1.000000,2.000000,3.000000,1028.000000,
10.415289,1.000000,2.000000,3.000000,1028.000000,
10.509814,1.000000,2.000000,3.000000,1028.000000,
10.623793,1.000000,2.000000,3.000000,1028.000000,
10.716871,1.000000,2.000000,3.000000,1028.000000,
10.812825,1.000000,2.000000,3.000000,1028.000000,
10.926341,1.000000,2.000000,3.000000,1028.000000,
11.027417,1.000000,2.000000,3.000000,1028.000000,
11.121507,1.000000,2.000000,3.000000,1028.000000,
11.215254,1.000000,2.000000,3.000000,1028.000000,
11.309496,1.000000,2.000000,3.000000,1028.000000,
11.406512,1.000000,2.000000,3.000000,1028.000000,
11.522430,1.000000,2.000000,3.000000,1028.000000,
11.617342,1.000000,2.000000,3.000000,1028.000000,
11.711979,1.000000,2.000000,3.000000,1028.000000,
11.826374,1.000000,2.000000,3.000000,1028.000000,
11.920885,1.000000,2.000000,3.000000,1028.000000,
12.018259,1.000000,2.000000,3.000000,1028.000000,
12.111098,1.000000,2.000000,3.000000,1028.000000,
12.224802,1.000000,2.000000,3.000000,1028.000000,
12.317800,1.000000,2.000000,3.000000,1028.000000,
12.410501,1.000000,2.000000,3.000000,1028.000000,
12.505641,1.000000,2.000000,3.000000,1028.000000,
12.620357,1.000000,2.000000,3.000000,1028.000000,
12.715160,1.000000,2.000000,3.000000,1028.000000,
12.810365,1.000000,2.000000,3.000000,1028.000000,
12.922917,1.000000,2.000000,3.000000,1028.000000,
13.016459,1.000000,2.000000,3.000000,1028.000000,
13.110647,1.000000,2.000000,3.000000,1028.000000,
13.224018,1.000000,2.000000,3.000000,1028.000000,
13.318532,1.000000,2.000000,3.000000,1028.000000,
13.412527,1.000000,2.000000,3.000000,1028.000000,
13.525951,1.000000,2.000000,3.000000,1028.000000,
13.619722,1.000000,2.000000,3.000000,1028.000000,
13.714712,1.000000,2.000000,3.000000,1028.000000,
13.809440,1.000000,2.000000,3.000000,1028.000000,
13.923683,1.000000,2.000000,3.000000,1028.000000,
14.016960,1.000000,2.000000,3.000000,1028.000000,
14.109906,1.000000,2.000000,3.000000,1028.000000,
14.223511,1.000000,2.000000,3.000000,1028.000000,
14.315736,1.000000,2.000000,3.000000,1028.000000,
14.411902,1.000000,2.000000,3.000000,1028.000000,
14.526973,1.000000,2.000000,3.000000,1028.000000,
14.623177,1.000000,2.000000,3.000000,1028.000000,
14.718309,1.000000,2.000000,3.000000,1028.000000,
14.813834,1.000000,2.000000,3.000000,1028.000000,
14.909510,1.000000,2.000000,3.000000,1028.000000,
15.022627,1.000000,2.000000,3.000000,1028.000000,
15.117725,1.000000,2.000000,3.000000,1028.000000,
15.212577,1.000000,2.000000,3.000000,1028.000000,
15.325856,1.000000,2.000000,3.000000,1028.000000,
15.421280,1.000000,2.000000,3.000000,1028.000000,
15.517888,1.000000,2.000000,3.000000,1028.000000,
15.614111,1.000000,2.000000,3.000000,1028.000000,
15.708396,1.000000,2.000000,3.000000,1028.000000,
15.820752,1.000000,2.000000,3.000000,1028.000000,
15.915429,1.000000,2.000000,3.000000,1028.000000,
16.011787,1.000000,2.000000,3.000000,1028.000000,
16.110037,1.000000,2.000000,3.000000,1028.000000,
16.225943,1.000000,2.000000,3.000000,1028.000000,
16.321068,1.000000,2.000000,3.000000,1028.000000,
16.420068,1.000000,2.000000,3.000000,1028.000000,
16.513874,1.000000,2.000000,3.000000,1028.000000,
16.608815,1.000000,2.000000,3.000000,1028.000000,
16.721630,1.000000,2.000000,3.000000,1028.000000,
16.822219,1.000000,2.000000,3.000000,1028.000000,
16.917632,1.000000,2.000000,3.000000,1028.000000,
17.012468,1.000000,2.000000,3.000000,1028.000000,
17.107609,1.000000,2.000000,3.000000,1028.000000,
17.218034,1.000000,2.000000,3.000000,1028.000000,
17.309633,1.000000,2.000000,3.000000,1028.000000,
17.425484,1.000000,2.000000,3.000000,1028.000000,
17.511522,1.000000,2.000000,3.000000,1028.000000,
17.627458,1.000000,2.000000,3.000000,1028.000000,
17.721970,1.000000,2.000000,3.000000,1028.000000,
17.813936,1.000000,2.000000,3.000000,1028.000000,
17.908585,1.000000,2.000000,3.000000,1028.000000,
18.021368,1.000000,2.000000,3.000000,1028.000000,
18.113150,1.000000,2.000000,3.000000,1028.000000,
18.207280,1.000000,2.000000,3.000000,1028.000000,
18.320811,1.000000,2.000000,3.000000,1028.000000,
18.414227,1.000000,2.000000,3.000000,1028.000000,
18.508257,1.000000,2.000000,3.000000,1028.000000,
18.623190,1.000000,2.000000,3.000000,1028.000000,
18.716554,1.000000,2.000000,3.000000,1028.000000,
18.811404,1.000000,2.000000,3.000000,1028.000000,
18.926251,1.000000,2.000000,3.000000,1028.000000,
19.020456,1.000000,2.000000,3.000000,1028.000000,
19.116390,1.000000,2.000000,3.000000,1028.000000,
19.212318,1.000000,2.000000,3.000000,1028.000000,
19.318705,1.000000,2.000000,3.000000,1028.000000,
19.412404,1.000000,2.000000,3.000000,1028.000000,
19.525919,1.000000,2.000000,3.000000,1028.000000,
19.612485,1.000000,2.000000,3.000000,1028.000000,
19.725197,1.000000,2.000000,3.000000,1028.000000,
19.813818,1.000000,2.000000,3.000000,1028.000000,
19.914613,1.000000,2.000000,3.000000,1028.000000,
20.007569,1.000000,2.000000,3.000000,1028.000000,
20.124169,1.000000,2.000000,3.000000,1028.000000,
20.217874,1.000000,2.000000,3.000000,1028.000000,
20.316098,1.000000,2.000000,3.000000,1028.000000,
20.415471,1.000000,2.000000,3.000000,1028.000000,
20.514564,1.000000,2.000000,3.000000,1028.000000,
20.626086,1.000000,2.000000,3.000000,1028.000000,
20.724349,1.000000,2.000000,3.000000,1028.000000,
20.818317,1.000000,2.000000,3.000000,1028.000000,
20.913366,1.000000,2.000000,3.000000,1028.000000,
21.006280,1.000000,2.000000,3.000000,1028.000000,
21.116979,1.000000,2.000000,3.000000,1028.000000,
21.214606,1.000000,2.000000,3.000000,1028.000000,
21.307042,1.000000,2.000000,3.000000,1028.000000,
21.402414,1.000000,2.000000,3.000000,1028.000000,
21.517044,1.000000,2.000000,3.000000,1028.000000,
21.612531,1.000000,2.000000,3.000000,1028.000000,
21.707647,1.000000,2.000000,3.000000,1028.000000,
21.820854,1.000000,2.000000,3.000000,1028.000000,
21.915785,1.000000,2.000000,3.000000,1028.000000,
22.008818,1.000000,2.000000,3.000000,1028.000000,
22.124033,1.000000,2.000000,3.000000,1028.000000,
22.217053,1.000000,2.000000,3.000000,1028.000000,
22.311167,1.000000,2.000000,3.000000,1028.000000,
22.425479,1.000000,2.000000,3.000000,1028.000000,
22.523907,1.000000,2.000000,3.000000,1028.000000,
22.617749,1.000000,2.000000,3.000000,1028.000000,
22.712782,1.000000,2.000000,3.000000,1028.000000,
22.827380,1.000000,2.000000,3.000000,1028.000000,
22.921059,1.000000,2.000000,3.000000,1028.000000,
23.015918,1.000000,2.000000,3.000000,1028.000000,
23.108916,1.000000,2.000000,3.000000,1028.000000,
23.221132,1.000000,2.000000,3.000000,1028.000000,
23.316601,1.000000,2.000000,3.000000,1028.000000,
23.410907,1.000000,2.000000,3.000000,1028.000000,
23.525305,1.000000,2.000000,3.000000,1028.000000,
23.621035,1.000000,2.000000,3.000000,1028.000000,
23.716484,1.000000,2.000000,3.000000,1028.000000,
23.807887,1.000000,2.000000,3.000000,1028.000000,
23.921611,1.000000,2.000000,3.000000,1028.000000,
24.013822,1.000000,2.000000,3.000000,1028.000000,
24.110102,1.000000,2.000000,3.000000,1028.000000,
24.224555,1.000000,2.000000,3.000000,1028.000000,
24.327418,1.000000,2.000000,3.000000,1028.000000,
24.399274,1.000000,2.000000,3.000000,1028.000000,
24.514915,1.000000,2.000000,3.000000,1028.000000,
24.626389,1.000000,2.000000,3.000000,1028.000000,
24.718196,1.000000,2.000000,3.000000,1028.000000,
24.810970,1.000000,2.000000,3.000000,1028.000000,
24.926054,1.000000,2.000000,3.000000,1028.000000,
25.021112,1.000000,2.000000,3.000000,1028.000000,
25.118641,1.000000,2.000000,3.000000,1028.000000,
25.212106,1.000000,2.000000,3.000000,1028.000000,
25.325845,1.000000,2.000000,3.000000,1028.000000,
25.418243,1.000000,2.000000,3.000000,1028.000000,
25.509713,1.000000,2.000000,3.000000,1028.000000,
25.622565,1.000000,2.000000,3.000000,1028.000000,
25.712241,1.000000,2.000000,3.000000,1028.000000,
25.826381,1.000000,2.000000,3.000000,1028.000000,
25.920759,1.000000,2.000000,3.000000,1028.000000,
26.015110,1.000000,2.000000,3.000000,1028.000000,
26.109335,1.000000,2.000000,3.000000,1028.000000,
26.223511,1.000000,2.000000,3.000000,1028.000000,
26.316247,1.000000,2.000000,3.000000,1028.000000,
26.411333,1.000000,2.000000,3.000000,1028.000000,
26.525843,1.000000,2.000000,3.000000,1028.000000,
26.620185,1.000000,2.000000,3.000000,1028.000000,
26.714165,1.000000,2.000000,3.000000,1028.000000,
26.807728,1.000000,2.000000,3.000000,1028.000000,
26.922887,1.000000,2.000000,3.000000,1028.000000,
27.018643,1.000000,2.000000,3.000000,1028.000000,
27.114571,1.000000,2.000000,3.000000,1028.000000,
27.207964,1.000000,2.000000,3.000000,1028.000000,
27.323582,1.000000,2.000000,3.000000,1028.000000,
27.419068,1.000000,2.000000,3.000000,1028.000000,
27.517504,1.000000,2.000000,3.000000,1028.000000,
27.612720,1.000000,2.000000,3.000000,1028.000000,
27.726861,1.000000,2.000000,3.000000,1028.000000,
27.810907,1.000000,2.000000,3.000000,1028.000000,
27.912179,1.000000,2.000000,3.000000,1028.000000,
28.012739,1.000000,2.000000,3.000000,1028.000000,
28.110459,1.000000,2.000000,3.000000,1028.000000,
28.227223,1.000000,2.000000,3.000000,1028.000000,
28.293647,1.000000,2.000000,3.000000,1028.000000,
28.426648,1.000000,2.000000,3.000000,1028.000000,
28.520216,1.000000,2.000000,3.000000,1028.000000,
28.622238,1.000000,2.000000,3.000000,1028.000000,
28.719793,1.000000,2.000000,3.000000,1028.000000,
28.813042,1.000000,2.000000,3.000000,1028.000000,
28.926251,1.000000,2.000000,3.000000,1028.000000,
29.026218,1.000000,2.000000,3.000000,1028.000000,
29.118173,1.000000,2.000000,3.000000,1028.000000,
29.212047,1.000000,2.000000,3.000000,1028.000000,
29.319604,1.000000,2.000000,3.000000,1028.000000,
29.419084,1.000000,2.000000,3.000000,1028.000000,
29.514254,1.000000,2.000000,3.000000,1028.000000,
29.627381,1.000000,2.000000,3.000000,1028.000000,
29.722007,1.000000,2.000000,3.000000,1028.000000,
29.817466,1.000000,2.000000,3.000000,1028.000000,
29.913340,1.000000,2.000000,3.000000,1028.000000,
30.027445,1.000000,2.000000,3.000000,1028.000000,
30.122505,1.000000,2.000000,3.000000,1028.000000,
30.215976,1.000000,2.000000,3.000000,1028.000000,
30.327783,1.000000,2.000000,3.000000,1028.000000,
30.402778,1.000000,2.000000,3.000000,1028.000000,
30.517657,1.000000,2.000000,3.000000,1028.000000,
30.617495,1.000000,2.000000,3.000000,1028.000000,
30.713592,1.000000,2.000000,3.000000,1028.000000,
30.807497,1.000000,2.000000,3.000000,1028.000000,
30.920852,1.000000,2.000000,3.000000,1028.000000,
31.015151,1.000000,2.000000,3.000000,1028.000000,
31.115255,1.000000,2.000000,3.000000,1028.000000,
31.227457,1.000000,2.000000,3.000000,1028.000000,
31.323962,1.000000,2.000000,3.000000,1028.000000,
31.416886,1.000000,2.000000,3.000000,1028.000000,
31.512377,1.000000,2.000000,3.000000,1028.000000,
31.627809,1.000000,2.000000,3.000000,1028.000000,
31.723365,1.000000,2.000000,3.000000,1028.000000,
31.810306,1.000000,2.000000,3.000000,1028.000000,
31.921884,1.000000,2.000000,3.000000,1028.000000,
32.021585,1.000000,2.000000,3.000000,1028.000000,
32.116600,1.000000,2.000000,3.000000,1028.000000,
32.210504,1.000000,2.000000,3.000000,1028.000000,
32.310858,1.000000,2.000000,3.000000,1028.000000,
32.411928,1.000000,2.000000,3.000000,1028.000000,
32.527661,1.000000,2.000000,3.000000,1028.000000,
32.622407,1.000000,2.000000,3.000000,1028.000000,
32.716221,1.000000,2.000000,3.000000,1028.000000,
32.808834,1.000000,2.000000,3.000000,1028.000000,
32.921467,1.000000,2.000000,3.000000,1028.000000,
33.014428,1.000000,2.000000,3.000000,1028.000000,
33.108736,1.000000,2.000000,3.000000,1028.000000,
33.221453,1.000000,2.000000,3.000000,1028.000000,
33.314693,1.000000,2.000000,3.000000,1028.000000,
33.421715,1.000000,2.000000,3.000000,1028.000000,
33.515247,1.000000,2.000000,3.000000,1028.000000,
33.610221,1.000000,2.000000,3.000000,1028.000000,
33.723216,1.000000,2.000000,3.000000,1028.000000,
33.808271,1.000000,2.000000,3.000000,1028.000000,
33.920996,1.000000,2.000000,3.000000,1028.000000,
34.023456,1.000000,2.000000,3.000000,1028.000000,
34.118396,1.000000,2.000000,3.000000,1028.000000,
34.212569,1.000000,2.000000,3.000000,1028.000000,
34.325394,1.000000,2.000000,3.000000,1028.000000,
34.421748,1.000000,2.000000,3.000000,1028.000000,
34.515136,1.000000,2.000000,3.000000,1028.000000,
34.610761,1.000000,2.000000,3.000000,1028.000000,
34.725125,1.000000,2.000000,3.000000,1028.000000,
34.818387,1.000000,2.000000,3.000000,1028.000000,
34.913249,1.000000,2.000000,3.000000,1028.000000,
35.009205,1.000000,2.000000,3.000000,1028.000000,
35.120087,1.000000,2.000000,3.000000,1028.000000,
35.213663,1.000000,2.000000,3.000000,1028.000000,
35.327514,1.000000,2.000000,3.000000,1028.000000,
35.421201,1.000000,2.000000,3.000000,1028.000000,
35.514421,1.000000,2.000000,3.000000,1028.000000,
35.609263,1.000000,2.000000,3.000000,1028.000000,
35.723804,1.000000,2.000000,3.000000,1028.000000,
35.819873,1.000000,2.000000,3.000000,1028.000000,
35.912831,1.000000,2.000000,3.000000,1028.000000,
36.025697,1.000000,2.000000,3.000000,1028.000000,
36.120700,1.000000,2.000000,3.000000,1028.000000,
36.215507,1.000000,2.000000,3.000000,1028.000000,
36.311348,1.000000,2.000000,3.000000,1028.000000,
36.404350,1.000000,2.000000,3.000000,1028.000000,
36.523038,1.000000,2.000000,3.000000,1028.000000,
36.616705,1.000000,2.000000,3.000000,1028.000000,
36.712239,1.000000,2.000000,3.000000,1028.000000,
36.827902,1.000000,2.000000,3.000000,1028.000000,
36.920029,1.000000,2.000000,3.000000,1028.000000,
37.015110,1.000000,2.000000,3.000000,1028.000000,
37.126218,1.000000,2.000000,3.000000,1028.000000,
37.219193,1.000000,2.000000,3.000000,1028.000000,
37.311404,1.000000,2.000000,3.000000,1028.000000,
37.426296,1.000000,2.000000,3.000000,1028.000000,
37.522399,1.000000,2.000000,3.000000,1028.000000,
37.615010,1.000000,2.000000,3.000000,1028.000000,
37.726638,1.000000,2.000000,3.000000,1028.000000,
37.821095,1.000000,2.000000,3.000000,1028.000000,
37.915816,1.000000,2.000000,3.000000,1028.000000,
38.009952,1.000000,2.000000,3.000000,1028.000000,
38.122705,1.000000,2.000000,3.000000,1028.000000,
38.216048,1.000000,2.000000,3.000000,1028.000000,
38.309953,1.000000,2.000000,3.000000,1028.000000,
38.426480,1.000000,2.000000,3.000000,1028.000000,
38.525133,1.000000,2.000000,3.000000,1028.000000,
38.617412,1.000000,2.000000,3.000000,1028.000000,
38.708265,1.000000,2.000000,3.000000,1028.000000,
38.823072,1.000000,2.000000,3.000000,1028.000000,
38.915807,1.000000,2.000000,3.000000,1028.000000,
39.028228,1.000000,2.000000,3.000000,1028.000000,
39.119121,1.000000,2.000000,3.000000,1028.000000,
39.212137,1.000000,2.000000,3.000000,1028.000000,
39.323825,1.000000,2.000000,3.000000,1028.000000,
39.415726,1.000000,2.000000,3.000000,1028.000000,
39.528579,1.000000,2.000000,3.000000,1028.000000,
39.621259,1.000000,2.000000,3.000000,1028.000000,
39.714389,1.000000,2.000000,3.000000,1028.000000,
39.819259,1.000000,2.000000,3.000000,1028.000000,
39.915173,1.000000,2.000000,3.000000,1028.000000,
40.008735,1.000000,2.000000,3.000000,1028.000000,
40.127579,1.000000,2.000000,3.000000,1028.000000,
40.222178,1.000000,2.000000,3.000000,1028.000000,
40.317233,1.000000,2.000000,3.000000,1028.000000,
40.425972,1.000000,2.000000,3.000000,1028.000000,
40.521136,1.000000,2.000000,3.000000,1028.000000,
40.619102,1.000000,2.000000,3.000000,1028.000000,
40.713290,1.000000,2.000000,3.000000,1028.000000,
40.825668,1.000000,2.000000,3.000000,1028.000000,
40.921365,1.000000,2.000000,3.000000,1028.000000,
41.014130,1.000000,2.000000,3.000000,1028.000000,
41.109028,1.000000,2.000000,3.000000,1028.000000,
41.220590,1.000000,2.000000,3.000000,1028.000000,
41.314554,1.000000,2.000000,3.000000,1028.000000,
41.411331,1.000000,2.000000,3.000000,1028.000000,
41.523255,1.000000,2.000000,3.000000,1028.000000,
41.616417,1.000000,2.000000,3.000000,1028.000000,
41.712050,1.000000,2.000000,3.000000,1028.000000,
41.825460,1.000000,2.000000,3.000000,1028.000000,
41.918318,1.000000,2.000000,3.000000,1028.000000,
42.011002,1.000000,2.000000,3.000000,1028.000000,
42.125674,1.000000,2.000000,3.000000,1028.000000,
42.219640,1.000000,2.000000,3.000000,1028.000000,
42.315462,1.000000,2.000000,3.000000,1028.000000,
42.408454,1.000000,2.000000,3.000000,1028.000000,
42.522118,1.000000,2.000000,3.000000,1028.000000,
42.618124,1.000000,2.000000,3.000000,1028.000000,
42.710066,1.000000,2.000000,3.000000,1028.000000,
42.827382,1.000000,2.000000,3.000000,1028.000000,
42.919751,1.000000,2.000000,3.000000,1028.000000,
43.014675,1.000000,2.000000,3.000000,1028.000000,
43.127275,1.000000,2.000000,3.000000,1028.000000,
43.220881,1.000000,2.000000,3.000000,1028.000000,
43.315829,1.000000,2.000000,3.000000,1028.000000,
43.422363,1.000000,2.000000,3.000000,1028.000000,
43.515350,1.000000,2.000000,3.000000,1028.000000,
43.620327,1.000000,2.000000,3.000000,1028.000000,
43.717589,1.000000,2.000000,3.000000,1028.000000,
43.815019,1.000000,2.000000,3.000000,1028.000000,
43.927110,1.000000,2.000000,3.000000,1028.000000,
44.025108,1.000000,2.000000,3.000000,1028.000000,
44.120053,1.000000,2.000000,3.000000,1028.000000,
44.214218,1.000000,2.000000,3.000000,1028.000000,
44.328990,1.000000,2.000000,3.000000,1028.000000,
44.423747,1.000000,2.000000,3.000000,1028.000000,
44.516858,1.000000,2.000000,3.000000,1028.000000,
44.609631,1.000000,2.000000,3.000000,1028.000000,
44.721342,1.000000,2.000000,3.000000,1028.000000,
44.813464,1.000000,2.000000,3.000000,1028.000000,
44.927479,1.000000,2.000000,3.000000,1028.000000,
45.023088,1.000000,2.000000,3.000000,1028.000000,
45.115358,1.000000,2.000000,3.000000,1028.000000,
45.208987,1.000000,2.000000,3.000000,1028.000000,
45.322655,1.000000,2.000000,3.000000,1028.000000,
45.415860,1.000000,2.000000,3.000000,1028.000000,
45.527976,1.000000,2.000000,3.000000,1028.000000,
45.622218,1.000000,2.000000,3.000000,1028.000000,
45.715588,1.000000,2.000000,3.000000,1028.000000,
45.813245,1.000000,2.000000,3.000000,1028.000000,
45.910814,1.000000,2.000000,3.000000,1028.000000,
46.025948,1.000000,2.000000,3.000000,1028.000000,
46.119289,1.000000,2.000000,3.000000,1028.000000,
46.213318,1.000000,2.000000,3.000000,1028.000000,
46.327891,1.000000,2.000000,3.000000,1028.000000,
46.423459,1.000000,2.000000,3.000000,1028.000000,
46.517939,1.000000,2.000000,3.000000,1028.000000,
46.611876,1.000000,2.000000,3.000000,1028.000000,
46.725743,1.000000,2.000000,3.000000,1028.000000,
46.819560,1.000000,2.000000,3.000000,1028.000000,
46.913283,1.000000,2.000000,3.000000,1028.000000,
47.028389,1.000000,2.000000,3.000000,1028.000000,
47.122864,1.000000,2.000000,3.000000,1028.000000,
47.209267,1.000000,2.000000,3.000000,1028.000000,
47.324844,1.000000,2.000000,3.000000,1028.000000,
47.418696,1.000000,2.000000,3.000000,1028.000000,
47.511624,1.000000,2.000000,3.000000,1028.000000,
47.624193,1.000000,2.000000,3.000000,1028.000000,
47.718040,1.000000,2.000000,3.000000,1028.000000,
47.811593,1.000000,2.000000,3.000000,1028.000000,
47.926853,1.000000,2.000000,3.000000,1028.000000,
48.023823,1.000000,2.000000,3.000000,1028.000000,
48.115540,1.000000,2.000000,3.000000,1028.000000,
48.208190,1.000000,2.000000,3.000000,1028.000000,
48.322274,1.000000,2.000000,3.000000,1028.000000,
48.416875,1.000000,2.000000,3.000000,1028.000000,
48.514210,1.000000,2.000000,3.000000,1028.000000,
48.609516,1.000000,2.000000,3.000000,1028.000000,
48.712590,1.000000,2.000000,3.000000,1028.000000,
48.809103,1.000000,2.000000,3.000000,1028.000000,
48.920638,1.000000,2.000000,3.000000,1028.000000,
49.017875,1.000000,2.000000,3.000000,1028.000000,
49.111904,1.000000,2.000000,3.000000,1028.000000,
49.227049,1.000000,2.000000,3.000000,1028.000000,
49.321058,1.000000,2.000000,3.000000,1028.000000,
49.418630,1.000000,2.000000,3.000000,1028.000000,
49.510714,1.000000,2.000000,3.000000,1028.000000,
49.624959,1.000000,2.000000,3.000000,1028.000000,
49.710361,1.000000,2.000000,3.000000,1028.000000,
49.824182,1.000000,2.000000,3.000000,1028.000000,
49.917084,1.000000,2.000000,3.000000,1028.000000,
50.009521,1.000000,2.000000,3.000000,1028.000000,
50.120821,1.000000,2.000000,3.000000,1028.000000,
50.214314,1.000000,2.000000,3.000000,1028.000000,
50.326900,1.000000,2.000000,3.000000,1028.000000,
50.419229,1.000000,2.000000,3.000000,1028.000000,
50.514556,1.000000,2.000000,3.000000,1028.000000,
50.627242,1.000000,2.000000,3.000000,1028.000000,
50.692928,1.000000,2.000000,3.000000,1028.000000,
50.825967,1.000000,2.000000,3.000000,1028.000000,
50.919243,1.000000,2.000000,3.000000,1028.000000,
51.013694,1.000000,2.000000,3.000000,1028.000000,
51.125978,1.000000,2.000000,3.000000,1028.000000,
51.216687,1.000000,2.000000,3.000000,1028.000000,
51.322620,1.000000,2.000000,3.000000,1028.000000,
51.417628,1.000000,2.000000,3.000000,1028.000000,
51.517862,1.000000,2.000000,3.000000,1028.000000,
51.609677,1.000000,2.000000,3.000000,1028.000000,
51.728015,1.000000,2.000000,3.000000,1028.000000,
51.822752,1.000000,2.000000,3.000000,1028.000000,
51.916781,1.000000,2.000000,3.000000,1028.000000,
52.009917,1.000000,2.000000,3.000000,1028.000000,
52.124013,1.000000,2.000000,3.000000,1028.000000,
52.217991,1.000000,2.000000,3.000000,1028.000000,
52.310386,1.000000,2.000000,3.000000,1028.000000,
52.426683,1.000000,2.000000,3.000000,1028.000000,
52.518201,1.000000,2.000000,3.000000,1028.000000,
52.610034,1.000000,2.000000,3.000000,1028.000000,
52.723149,1.000000,2.000000,3.000000,1028.000000,
52.829000,1.000000,2.000000,3.000000,1028.000000,
52.924038,1.000000,2.000000,3.000000,1028.000000,
53.017056,1.000000,2.000000,3.000000,1028.000000,
53.110340,1.000000,2.000000,3.000000,1028.000000,
53.221829,1.000000,2.000000,3.000000,1028.000000,
53.314980,1.000000,2.000000,3.000000,1028.000000,
53.428918,1.000000,2.000000,3.000000,1028.000000,
53.524039,1.000000,2.000000,3.000000,1028.000000,
53.617009,1.000000,2.000000,3.000000,1028.000000,
53.710015,1.000000,2.000000,3.000000,1028.000000,
53.818058,1.000000,2.000000,3.000000,1028.000000,
53.912858,1.000000,2.000000,3.000000,1028.000000,
54.025960,1.000000,2.000000,3.000000,1028.000000,
54.118533,1.000000,2.000000,3.000000,1028.000000,
54.210695,1.000000,2.000000,3.000000,1028.000000,
54.321257,1.000000,2.000000,3.000000,1028.000000,
54.412935,1.000000,2.000000,3.000000,1028.000000,
54.527359,1.000000,2.000000,3.000000,1028.000000,
54.622750,1.000000,2.000000,3.000000,1028.000000,
54.717550,1.000000,2.000000,3.000000,1028.000000,
54.814042,1.000000,2.000000,3.000000,1028.000000,
54.908379,1.000000,2.000000,3.000000,1028.000000,
55.019713,1.000000,2.000000,3.000000,1028.000000,
55.110709,1.000000,2.000000,3.000000,1028.000000,
55.224100,1.000000,2.000000,3.000000,1028.000000,
55.317690,1.000000,2.000000,3.000000,1028.000000,
55.414920,1.000000,2.000000,3.000000,1028.000000,
55.511568,1.000000,2.000000,3.000000,1028.000000,
55.625195,1.000000,2.000000,3.000000,1028.000000,
55.716898,1.000000,2.000000,3.000000,1028.000000,
55.822846,1.000000,2.000000,3.000000,1028.000000,
55.917070,1.000000,2.000000,3.000000,1028.000000,
56.010595,1.000000,2.000000,3.000000,1028.000000,
56.124745,1.000000,2.000000,3.000000,1028.000000,
56.220768,1.000000,2.000000,3.000000,1028.000000,
56.315204,1.000000,2.000000,3.000000,1028.000000,
56.411798,1.000000,2.000000,3.000000,1028.000000,
56.528748,1.000000,2.000000,3.000000,1028.000000,
56.626189,1.000000,2.000000,3.000000,1028.000000,
56.721531,1.000000,2.000000,3.000000,1028.000000,
56.817492,1.000000,2.000000,3.000000,1028.000000,
56.929028,1.000000,2.000000,3.000000,1028.000000,
57.025112,1.000000,2.000000,3.000000,1028.000000,
57.120707,1.000000,2.000000,3.000000,1028.000000,
57.214893,1.000000,2.000000,3.000000,1028.000000,
57.309774,1.000000,2.000000,3.000000,1028.000000,
57.413416,1.000000,2.000000,3.000000,1028.000000,
57.517985,1.000000,2.000000,3.000000,1028.000000,
57.611666,1.000000,2.000000,3.000000,1028.000000,
57.725838,1.000000,2.000000,3.000000,1028.000000,
57.820713,1.000000,2.000000,3.000000,1028.000000,
57.917094,1.000000,2.000000,3.000000,1028.000000,
58.013405,1.000000,2.000000,3.000000,1028.000000,
58.127610,1.000000,2.000000,3.000000,1028.000000,
58.225414,1.000000,2.000000,3.000000,1028.000000,
58.324425,1.000000,2.000000,3.000000,1028.000000,
58.420517,1.000000,2.000000,3.000000,1028.000000,
58.515512,1.000000,2.000000,3.000000,1028.000000,
58.609687,1.000000,2.000000,3.000000,1028.000000,
58.718667,1.000000,2.000000,3.000000,1028.000000,
58.813355,1.000000,2.000000,3.000000,1028.000000,
58.928284,1.000000,2.000000,3.000000,1028.000000,
59.021065,1.000000,2.000000,3.000000,1028.000000,
59.114829,1.000000,2.000000,3.000000,1028.000000,
59.228503,1.000000,2.000000,3.000000,1028.000000,
59.321112,1.000000,2.000000,3.000000,1028.000000,
59.417005,1.000000,2.000000,3.000000,1028.000000,
59.510125,1.000000,2.000000,3.000000,1028.000000,
59.624630,1.000000,2.000000,3.000000,1028.000000,
59.718399,1.000000,2.000000,3.000000,1028.000000,
59.813465,1.000000,2.000000,3.000000,1028.000000,
59.918323,1.000000,2.000000,3.000000,1028.000000,
60.010846,1.000000,2.000000,3.000000,1028.000000,
60.123637,1.000000,2.000000,3.000000,1028.000000,
60.217093,1.000000,2.000000,3.000000,1028.000000,
60.310467,1.000000,2.000000,3.000000,1028.000000,
60.424652,1.000000,2.000000,3.000000,1028.000000,
60.519814,1.000000,2.000000,3.000000,1028.000000,
60.609870,1.000000,2.000000,3.000000,1028.000000,
60.723866,1.000000,2.000000,3.000000,1028.000000,
60.817856,1.000000,2.000000,3.000000,1028.000000,
60.912158,1.000000,2.000000,3.000000,1028.000000,
61.029814,1.000000,2.000000,3.000000,1028.000000,
61.116874,1.000000,2.000000,3.000000,1028.000000,
61.211348,1.000000,2.000000,3.000000,1028.000000,
61.323961,1.000000,2.000000,3.000000,1028.000000,
61.416778,1.000000,2.000000,3.000000,1028.000000,
61.530244,1.000000,2.000000,3.000000,1028.000000,
61.626093,1.000000,2.000000,3.000000,1028.000000,
61.717661,1.000000,2.000000,3.000000,1028.000000,
61.816458,1.000000,2.000000,3.000000,1028.000000,
61.917500,1.000000,2.000000,3.000000,1028.000000,
62.014911,1.000000,2.000000,3.000000,1028.000000,
62.109156,1.000000,2.000000,3.000000,1028.000000,
62.225450,1.000000,2.000000,3.000000,1028.000000,
62.321022,1.000000,2.000000,3.000000,1028.000000,
62.416503,1.000000,2.000000,3.000000,1028.000000,
62.513184,1.000000,2.000000,3.000000,1028.000000,
62.627585,1.000000,2.000000,3.000000,1028.000000,
62.720137,1.000000,2.000000,3.000000,1028.000000,
62.814270,1.000000,2.000000,3.000000,1028.000000,
62.927838,1.000000,2.000000,3.000000,1028.000000,
63.021393,1.000000,2.000000,3.000000,1028.000000,
63.114491,1.000000,2.000000,3.000000,1028.000000,
63.228794,1.000000,2.000000,3.000000,1028.000000,
63.322761,1.000000,2.000000,3.000000,1028.000000,
63.423101,1.000000,2.000000,3.000000,1028.000000,
63.518684,1.000000,2.000000,3.000000,1028.000000,
63.615204,1.000000,2.000000,3.000000,1028.000000,
63.709380,1.000000,2.000000,3.000000,1028.000000,
63.822238,1.000000,2.000000,3.000000,1028.000000,
63.915519,1.000000,2.000000,3.000000,1028.000000,
64.009594,1.000000,2.000000,3.000000,1028.000000,
64.122851,1.000000,2.000000,3.000000,1028.000000,
64.217898,1.000000,2.000000,3.000000,1028.000000,
64.311611,1.000000,2.000000,3.000000,1028.000000,
64.412421,1.000000,2.000000,3.000000,1028.000000,
64.528978,1.000000,2.000000,3.000000,1028.000000,
64.625947,1.000000,2.000000,3.000000,1028.000000,
64.717872,1.000000,2.000000,3.000000,1028.000000,
64.810440,1.000000,2.000000,3.000000,1028.000000,
64.927769,1.000000,2.000000,3.000000,1028.000000,
65.023827,1.000000,2.000000,3.000000,1028.000000,
65.120323,1.000000,2.000000,3.000000,1028.000000,
65.213377,1.000000,2.000000,3.000000,1028.000000,
65.314425,1.000000,2.000000,3.000000,1028.000000,
65.413902,1.000000,2.000000,3.000000,1028.000000,
65.511936,1.000000,2.000000,3.000000,1028.000000,
65.628099,1.000000,2.000000,3.000000,1028.000000,
65.722512,1.000000,2.000000,3.000000,1028.000000,
65.821917,1.000000,2.000000,3.000000,1028.000000,
65.913622,1.000000,2.000000,3.000000,1028.000000,
66.026385,1.000000,2.000000,3.000000,1028.000000,
66.120473,1.000000,2.000000,3.000000,1028.000000,
66.215389,1.000000,2.000000,3.000000,1028.000000,
66.328123,1.000000,2.000000,3.000000,1028.000000,
66.420338,1.000000,2.000000,3.000000,1028.000000,
66.514572,1.000000,2.000000,3.000000,1028.000000,
66.628112,1.000000,2.000000,3.000000,1028.000000,
66.725530,1.000000,2.000000,3.000000,1028.000000,
66.820854,1.000000,2.000000,3.000000,1028.000000,
66.915404,1.000000,2.000000,3.000000,1028.000000,
67.030030,1.000000,2.000000,3.000000,1028.000000,
67.126173,1.000000,2.000000,3.000000,1028.000000,
67.220824,1.000000,2.000000,3.000000,1028.000000,
67.316132,1.000000,2.000000,3.000000,1028.000000,
67.409724,1.000000,2.000000,3.000000,1028.000000,
67.525717,1.000000,2.000000,3.000000,1028.000000,
67.620118,1.000000,2.000000,3.000000,1028.000000,
67.714714,1.000000,2.000000,3.000000,1028.000000,
67.827708,1.000000,2.000000,3.000000,1028.000000,
67.923156,1.000000,2.000000,3.000000,1028.000000,
68.016154,1.000000,2.000000,3.000000,1028.000000,
68.110848,1.000000,2.000000,3.000000,1028.000000,
68.221641,1.000000,2.000000,3.000000,1028.000000,
68.319799,1.000000,2.000000,3.000000,1028.000000,
68.413515,1.000000,2.000000,3.000000,1028.000000,
68.528298,1.000000,2.000000,3.000000,1028.000000,
68.614890,1.000000,2.000000,3.000000,1028.000000,
68.730789,1.000000,2.000000,3.000000,1028.000000,
68.827336,1.000000,2.000000,3.000000,1028.000000,
68.921929,1.000000,2.000000,3.000000,1028.000000,
69.014897,1.000000,2.000000,3.000000,1028.000000,
69.127049,1.000000,2.000000,3.000000,1028.000000,
69.222111,1.000000,2.000000,3.000000,1028.000000,
69.323939,1.000000,2.000000,3.000000,1028.000000,
69.421400,1.000000,2.000000,3.000000,1028.000000,
69.513880,1.000000,2.000000,3.000000,1028.000000,
69.626269,1.000000,2.000000,3.000000,1028.000000,
69.713928,1.000000,2.000000,3.000000,1028.000000,
69.828934,1.000000,2.000000,3.000000,1028.000000,
69.923067,1.000000,2.000000,3.000000,1028.000000,
70.017399,1.000000,2.000000,3.000000,1028.000000,
70.115335,1.000000,2.000000,3.000000,1028.000000,
70.209495,1.000000,2.000000,3.000000,1028.000000,
70.321895,1.000000,2.000000,3.000000,1028.000000,
70.414748,1.000000,2.000000,3.000000,1028.000000,
70.526246,1.000000,2.000000,3.000000,1028.000000,
70.620386,1.000000,2.000000,3.000000,1028.000000,
70.714276,1.000000,2.000000,3.000000,1028.000000,
70.828466,1.000000,2.000000,3.000000,1028.000000,
70.922621,1.000000,2.000000,3.000000,1028.000000,
71.015942,1.000000,2.000000,3.000000,1028.000000,
71.109876,1.000000,2.000000,3.000000,1028.000000,
71.226990,1.000000,2.000000,3.000000,1028.000000,
71.318320,1.000000,2.000000,3.000000,1028.000000,
71.413489,1.000000,2.000000,3.000000,1028.000000,
71.528424,1.000000,2.000000,3.000000,1028.000000,
71.623373,1.000000,2.000000,3.000000,1028.000000,
71.718901,1.000000,2.000000,3.000000,1028.000000,
71.812553,1.000000,2.000000,3.000000,1028.000000,
71.925212,1.000000,2.000000,3.000000,1028.000000,
72.018553,1.000000,2.000000,3.000000,1028.000000,
72.111800,1.000000,2.000000,3.000000,1028.000000,
72.226122,1.000000,2.000000,3.000000,1028.000000,
72.318673,1.000000,2.000000,3.000000,1028.000000,
72.412278,1.000000,2.000000,3.000000,1028.000000,
72.525538,1.000000,2.000000,3.000000,1028.000000,
72.620731,1.000000,2.000000,3.000000,1028.000000,
72.711513,1.000000,2.000000,3.000000,1028.000000,
72.824348,1.000000,2.000000,3.000000,1028.000000,
72.917771,1.000000,2.000000,3.000000,1028.000000,
73.012329,1.000000,2.000000,3.000000,1028.000000,
73.116956,1.000000,2.000000,3.000000,1028.000000,
73.210377,1.000000,2.000000,3.000000,1028.000000,
73.324364,1.000000,2.000000,3.000000,1028.000000,
73.418801,1.000000,2.000000,3.000000,1028.000000,
73.510506,1.000000,2.000000,3.000000,1028.000000,
73.622387,1.000000,2.000000,3.000000,1028.000000,
73.716722,1.000000,2.000000,3.000000,1028.000000,
73.829063,1.000000,2.000000,3.000000,1028.000000,
73.923358,1.000000,2.000000,3.000000,1028.000000,
74.017392,1.000000,2.000000,3.000000,1028.000000,
74.128781,1.000000,2.000000,3.000000,1028.000000,
74.223509,1.000000,2.000000,3.000000,1028.000000,
74.315772,1.000000,2.000000,3.000000,1028.000000,
74.430033,1.000000,2.000000,3.000000,1028.000000,
74.522096,1.000000,2.000000,3.000000,1028.000000,
74.615045,1.000000,2.000000,3.000000,1028.000000,
74.710659,1.000000,2.000000,3.000000,1028.000000,
74.823213,1.000000,2.000000,3.000000,1028.000000,
74.916714,1.000000,2.000000,3.000000,1028.000000,
75.028666,1.000000,2.000000,3.000000,1028.000000,
75.123354,1.000000,2.000000,3.000000,1028.000000,
75.218577,1.000000,2.000000,3.000000,1028.000000,
75.312239,1.000000,2.000000,3.000000,1028.000000,
75.415012,1.000000,2.000000,3.000000,1028.000000,
75.528689,1.000000,2.000000,3.000000,1028.000000,
75.621552,1.000000,2.000000,3.000000,1028.000000,
75.716863,1.000000,2.000000,3.000000,1028.000000,
75.810312,1.000000,2.000000,3.000000,1028.000000,
75.924841,1.000000,2.000000,3.000000,1028.000000,
76.019991,1.000000,2.000000,3.000000,1028.000000,
76.111222,1.000000,2.000000,3.000000,1028.000000,
76.224662,1.000000,2.000000,3.000000,1028.000000,
76.315871,1.000000,2.000000,3.000000,1028.000000,
76.410456,1.000000,2.000000,3.000000,1028.000000,
76.523562,1.000000,2.000000,3.000000,1028.000000,
76.619437,1.000000,2.000000,3.000000,1028.000000,
76.713079,1.000000,2.000000,3.000000,1028.000000,
76.825099,1.000000,2.000000,3.000000,1028.000000,
76.917338,1.000000,2.000000,3.000000,1028.000000,
77.012162,1.000000,2.000000,3.000000,1028.000000,
77.127244,1.000000,2.000000,3.000000,1028.000000,
77.221675,1.000000,2.000000,3.000000,1028.000000,
77.318508,1.000000,2.000000,3.000000,1028.000000,
77.413175,1.000000,2.000000,3.000000,1028.000000,
77.525881,1.000000,2.000000,3.000000,1028.000000,
77.618766,1.000000,2.000000,3.000000,1028.000000,
77.714111,1.000000,2.000000,3.000000,1028.000000,
77.827579,1.000000,2.000000,3.000000,1028.000000,
77.920735,1.000000,2.000000,3.000000,1028.000000,
78.014404,1.000000,2.000000,3.000000,1028.000000,
78.128740,1.000000,2.000000,3.000000,1028.000000,
78.227279,1.000000,2.000000,3.000000,1028.000000,
78.318677,1.000000,2.000000,3.000000,1028.000000,
78.413065,1.000000,2.000000,3.000000,1028.000000,
78.525813,1.000000,2.000000,3.000000,1028.000000,
78.622954,1.000000,2.000000,3.000000,1028.000000,
78.718766,1.000000,2.000000,3.000000,1028.000000,
78.816717,1.000000,2.000000,3.000000,1028.000000,
78.913733,1.000000,2.000000,3.000000,1028.000000,
79.028470,1.000000,2.000000,3.000000,1028.000000,
79.126244,1.000000,2.000000,3.000000,1028.000000,
79.218610,1.000000,2.000000,3.000000,1028.000000,
79.311975,1.000000,2.000000,3.000000,1028.000000,
79.425937,1.000000,2.000000,3.000000,1028.000000,
79.521506,1.000000,2.000000,3.000000,1028.000000,
79.621590,1.000000,2.000000,3.000000,1028.000000,
79.719286,1.000000,2.000000,3.000000,1028.000000,
79.810464,1.000000,2.000000,3.000000,1028.000000,
79.927117,1.000000,2.000000,3.000000,1028.000000,
80.023082,1.000000,2.000000,3.000000,1028.000000,
80.116839,1.000000,2.000000,3.000000,1028.000000,
80.210140,1.000000,2.000000,3.000000,1028.000000,
80.323586,1.000000,2.000000,3.000000,1028.000000,
80.418855,1.000000,2.000000,3.000000,1028.000000,
80.512980,1.000000,2.000000,3.000000,1028.000000,
80.627558,1.000000,2.000000,3.000000,1028.000000,
80.722662,1.000000,2.000000,3.000000,1028.000000,
80.816903,1.000000,2.000000,3.000000,1028.000000,
80.930151,1.000000,2.000000,3.000000,1028.000000,
81.023245,1.000000,2.000000,3.000000,1028.000000,
81.114945,1.000000,2.000000,3.000000,1028.000000,
81.231429,1.000000,2.000000,3.000000,1028.000000,
81.327636,1.000000,2.000000,3.000000,1028.000000,
81.414288,1.000000,2.000000,3.000000,1028.000000,
81.528282,1.000000,2.000000,3.000000,1028.000000,
81.619639,1.000000,2.000000,3.000000,1028.000000,
81.715271,1.000000,2.000000,3.000000,1028.000000,
81.829454,1.000000,2.000000,3.000000,1028.000000,
81.922967,1.000000,2.000000,3.000000,1028.000000,
82.013859,1.000000,2.000000,3.000000,1028.000000,
82.127311,1.000000,2.000000,3.000000,1028.000000,
82.223374,1.000000,2.000000,3.000000,1028.000000,
82.319019,1.000000,2.000000,3.000000,1028.000000,
82.414454,1.000000,2.000000,3.000000,1028.000000,
82.528793,1.000000,2.000000,3.000000,1028.000000,
82.620505,1.000000,2.000000,3.000000,1028.000000,
82.715740,1.000000,2.000000,3.000000,1028.000000,
82.810058,1.000000,2.000000,3.000000,1028.000000,
82.921168,1.000000,2.000000,3.000000,1028.000000,
83.016219,1.000000,2.000000,3.000000,1028.000000,
83.111804,1.000000,2.000000,3.000000,1028.000000,
83.227782,1.000000,2.000000,3.000000,1028.000000,
83.321600,1.000000,2.000000,3.000000,1028.000000,
83.416034,1.000000,2.000000,3.000000,1028.000000,
83.513026,1.000000,2.000000,3.000000,1028.000000,
83.625511,1.000000,2.000000,3.000000,1028.000000,
83.717209,1.000000,2.000000,3.000000,1028.000000,
83.827402,1.000000,2.000000,3.000000,1028.000000,
83.921449,1.000000,2.000000,3.000000,1028.000000,
84.014478,1.000000,2.000000,3.000000,1028.000000,
84.110678,1.000000,2.000000,3.000000,1028.000000,
84.224309,1.000000,2.000000,3.000000,1028.000000,
84.318652,1.000000,2.000000,3.000000,1028.000000,
84.415197,1.000000,2.000000,3.000000,1028.000000,
84.529129,1.000000,2.000000,3.000000,1028.000000,
84.623608,1.000000,2.000000,3.000000,1028.000000,
84.718970,1.000000,2.000000,3.000000,1028.000000,
84.814962,1.000000,2.000000,3.000000,1028.000000,
84.929263,1.000000,2.000000,3.000000,1028.000000,
85.022895,1.000000,2.000000,3.000000,1028.000000,
85.116954,1.000000,2.000000,3.000000,1028.000000,
85.229481,1.000000,2.000000,3.000000,1028.000000,
85.320852,1.000000,2.000000,3.000000,1028.000000,
85.413990,1.000000,2.000000,3.000000,1028.000000,
85.526226,1.000000,2.000000,3.000000,1028.000000,
85.620720,1.000000,2.000000,3.000000,1028.000000,
85.715514,1.000000,2.000000,3.000000,1028.000000,
85.830108,1.000000,2.000000,3.000000,1028.000000,
85.925124,1.000000,2.000000,3.000000,1028.000000,
86.021256,1.000000,2.000000,3.000000,1028.000000,
86.120303,1.000000,2.000000,3.000000,1028.000000,
86.213969,1.000000,2.000000,3.000000,1028.000000,
86.329369,1.000000,2.000000,3.000000,1028.000000,
86.422665,1.000000,2.000000,3.000000,1028.000000,
86.518527,1.000000,2.000000,3.000000,1028.000000,
86.612993,1.000000,2.000000,3.000000,1028.000000,
86.729474,1.000000,2.000000,3.000000,1028.000000,
86.822117,1.000000,2.000000,3.000000,1028.000000,
86.916783,1.000000,2.000000,3.000000,1028.000000,
87.012106,1.000000,2.000000,3.000000,1028.000000,
87.124424,1.000000,2.000000,3.000000,1028.000000,
87.217665,1.000000,2.000000,3.000000,1028.000000,
87.313415,1.000000,2.000000,3.000000,1028.000000,
87.432806,1.000000,2.000000,3.000000,1028.000000,
87.527331,1.000000,2.000000,3.000000,1028.000000,
87.622706,1.000000,2.000000,3.000000,1028.000000,
87.716010,1.000000,2.000000,3.000000,1028.000000,
87.810677,1.000000,2.000000,3.000000,1028.000000,
87.926943,1.000000,2.000000,3.000000,1028.000000,
88.019035,1.000000,2.000000,3.000000,1028.000000,
88.111761,1.000000,2.000000,3.000000,1028.000000,
88.228041,1.000000,2.000000,3.000000,1028.000000,
88.320966,1.000000,2.000000,3.000000,1028.000000,
88.418337,1.000000,2.000000,3.000000,1028.000000,
88.510732,1.000000,2.000000,3.000000,1028.000000,
88.623969,1.000000,2.000000,3.000000,1028.000000,
88.716220,1.000000,2.000000,3.000000,1028.000000,
88.827561,1.000000,2.000000,3.000000,1028.000000,
88.923084,1.000000,2.000000,3.000000,1028.000000,
89.016939,1.000000,2.000000,3.000000,1028.000000,
89.130021,1.000000,2.000000,3.000000,1028.000000,
89.225349,1.000000,2.000000,3.000000,1028.000000,
89.317527,1.000000,2.000000,3.000000,1028.000000,
89.411222,1.000000,2.000000,3.000000,1028.000000,
89.523195,1.000000,2.000000,3.000000,1028.000000,
89.622046,1.000000,2.000000,3.000000,1028.000000,
89.722838,1.000000,2.000000,3.000000,1028.000000,
89.822381,1.000000,2.000000,3.000000,1028.000000,
89.920378,1.000000,2.000000,3.000000,1028.000000,
90.013691,1.000000,2.000000,3.000000,1028.000000,
90.112132,1.000000,2.000000,3.000000,1028.000000,
90.223625,1.000000,2.000000,3.000000,1028.000000,
90.317960,1.000000,2.000000,3.000000,1028.000000,
90.417532,1.000000,2.000000,3.000000,1028.000000,
90.519065,1.000000,2.000000,3.000000,1028.000000,
90.613917,1.000000,2.000000,3.000000,1028.000000,
90.725835,1.000000,2.000000,3.000000,1028.000000,
90.818756,1.000000,2.000000,3.000000,1028.000000,
90.913931,1.000000,2.000000,3.000000,1028.000000,
91.026737,1.000000,2.000000,3.000000,1028.000000,
91.121462,1.000000,2.000000,3.000000,1028.000000,
91.219235,1.000000,2.000000,3.000000,1028.000000,
91.316758,1.000000,2.000000,3.000000,1028.000000,
91.421137,1.000000,2.000000,3.000000,1028.000000,
91.516163,1.000000,2.000000,3.000000,1028.000000,
91.612802,1.000000,2.000000,3.000000,1028.000000,
91.729531,1.000000,2.000000,3.000000,1028.000000,
91.825521,1.000000,2.000000,3.000000,1028.000000,
91.922268,1.000000,2.000000,3.000000,1028.000000,
92.015374,1.000000,2.000000,3.000000,1028.000000,
92.131023,1.000000,2.000000,3.000000,1028.000000,
92.230226,1.000000,2.000000,3.000000,1028.000000,
92.323809,1.000000,2.000000,3.000000,1028.000000,
92.415124,1.000000,2.000000,3.000000,1028.000000,
92.528905,1.000000,2.000000,3.000000,1028.000000,
92.628201,1.000000,2.000000,3.000000,1028.000000,
92.724622,1.000000,2.000000,3.000000,1028.000000,
92.818723,1.000000,2.000000,3.000000,1028.000000,
92.911650,1.000000,2.000000,3.000000,1028.000000,
93.024080,1.000000,2.000000,3.000000,1028.000000,
93.120586,1.000000,2.000000,3.000000,1028.000000,
93.216198,1.000000,2.000000,3.000000,1028.000000,
93.310552,1.000000,2.000000,3.000000,1028.000000,
93.435011,1.000000,2.000000,3.000000,1028.000000,
93.527388,1.000000,2.000000,3.000000,1028.000000,
93.626088,1.000000,2.000000,3.000000,1028.000000,
93.724132,1.000000,2.000000,3.000000,1028.000000,
93.831885,1.000000,2.000000,3.000000,1028.000000,
93.926324,1.000000,2.000000,3.000000,1028.000000,
94.019226,1.000000,2.000000,3.000000,1028.000000,
94.112773,1.000000,2.000000,3.000000,1028.000000,
94.232472,1.000000,2.000000,3.000000,1028.000000,
94.327981,1.000000,2.000000,3.000000,1028.000000,
94.417458,1.000000,2.000000,3.000000,1028.000000,
94.528935,1.000000,2.000000,3.000000,1028.000000,
94.620892,1.000000,2.000000,3.000000,1028.000000,
94.715943,1.000000,2.000000,3.000000,1028.000000,
94.830063,1.000000,2.000000,3.000000,1028.000000,
94.923682,1.000000,2.000000,3.000000,1028.000000,
95.018260,1.000000,2.000000,3.000000,1028.000000,
95.114122,1.000000,2.000000,3.000000,1028.000000,
95.227102,1.000000,2.000000,3.000000,1028.000000,
95.319590,1.000000,2.000000,3.000000,1028.000000,
95.415624,1.000000,2.000000,3.000000,1028.000000,
95.527188,1.000000,2.000000,3.000000,1028.000000,
95.620943,1.000000,2.000000,3.000000,1028.000000,
95.713504,1.000000,2.000000,3.000000,1028.000000,
95.825632,1.000000,2.000000,3.000000,1028.000000,
95.920629,1.000000,2.000000,3.000000,1028.000000,
96.014507,1.000000,2.000000,3.000000,1028.000000,
96.128481,1.000000,2.000000,3.000000,1028.000000,
96.223947,1.000000,2.000000,3.000000,1028.000000,
96.318544,1.000000,2.000000,3.000000,1028.000000,
96.413661,1.000000,2.000000,3.000000,1028.000000,
96.526564,1.000000,2.000000,3.000000,1028.000000,
96.622029,1.000000,2.000000,3.000000,1028.000000,
96.719053,1.000000,2.000000,3.000000,1028.000000,
96.812048,1.000000,2.000000,3.000000,1028.000000,
96.926021,1.000000,2.000000,3.000000,1028.000000,
97.019915,1.000000,2.000000,3.000000,1028.000000,
97.114091,1.000000,2.000000,3.000000,1028.000000,
97.227256,1.000000,2.000000,3.000000,1028.000000,
97.320895,1.000000,2.000000,3.000000,1028.000000,
97.414798,1.000000,2.000000,3.000000,1028.000000,
97.526892,1.000000,2.000000,3.000000,1028.000000,
97.617945,1.000000,2.000000,3.000000,1028.000000,
97.710280,1.000000,2.000000,3.000000,1028.000000,
97.822865,1.000000,2.000000,3.000000,1028.000000,
97.917629,1.000000,2.000000,3.000000,1028.000000,
98.030318,1.000000,2.000000,3.000000,1028.000000,
98.122737,1.000000,2.000000,3.000000,1028.000000,
98.217483,1.000000,2.000000,3.000000,1028.000000,
98.332129,1.000000,2.000000,3.000000,1028.000000,
98.424759,1.000000,2.000000,3.000000,1028.000000,
98.520258,1.000000,2.000000,3.000000,1028.000000,
98.615376,1.000000,2.000000,3.000000,1028.000000,
98.727560,1.000000,2.000000,3.000000,1028.000000,
98.821067,1.000000,2.000000,3.000000,1028.000000,
98.916227,1.000000,2.000000,3.000000,1028.000000,
99.029807,1.000000,2.000000,3.000000,1028.000000,
99.125166,1.000000,2.000000,3.000000,1028.000000,
99.217197,1.000000,2.000000,3.000000,1028.000000,
99.313316,1.000000,2.000000,3.000000,1028.000000,
99.428015,1.000000,2.000000,3.000000,1028.000000,
99.522376,1.000000,2.000000,3.000000,1028.000000,
99.617306,1.000000,2.000000,3.000000,1028.000000,
99.712966,1.000000,2.000000,3.000000,1028.000000,
99.824489,1.000000,2.000000,3.000000,1028.000000,
99.918977,1.000000,2.000000,3.000000,1028.000000,
100.013957,1.000000,2.000000,3.000000,1028.000000,
100.124765,1.000000,2.000000,3.000000,1028.000000,
100.217272,1.000000,2.000000,3.000000,1028.000000,
100.312493,1.000000,2.000000,3.000000,1028.000000,
100.426321,1.000000,2.000000,3.000000,1028.000000,
100.516722,1.000000,2.000000,3.000000,1028.000000,
100.611519,1.000000,2.000000,3.000000,1028.000000,
100.723464,1.000000,2.000000,3.000000,1028.000000,
100.816320,1.000000,2.000000,3.000000,1028.000000,
100.926987,1.000000,2.000000,3.000000,1028.000000,
101.021955,1.000000,2.000000,3.000000,1028.000000,
101.111099,1.000000,2.000000,3.000000,1028.000000,
101.225018,1.000000,2.000000,3.000000,1028.000000,
101.316095,1.000000,2.000000,3.000000,1028.000000,
101.412609,1.000000,2.000000,3.000000,1028.000000,
101.523968,1.000000,2.000000,3.000000,1028.000000,
101.617083,1.000000,2.000000,3.000000,1028.000000,
101.728981,1.000000,2.000000,3.000000,1028.000000,
101.821871,1.000000,2.000000,3.000000,1028.000000,
101.914515,1.000000,2.000000,3.000000,1028.000000,
102.027853,1.000000,2.000000,3.000000,1028.000000,
102.121024,1.000000,2.000000,3.000000,1028.000000,
102.214298,1.000000,2.000000,3.000000,1028.000000,
102.328477,1.000000,2.000000,3.000000,1028.000000,
102.423594,1.000000,2.000000,3.000000,1028.000000,
102.515455,1.000000,2.000000,3.000000,1028.000000,
102.628322,1.000000,2.000000,3.000000,1028.000000,
102.721500,1.000000,2.000000,3.000000,1028.000000,
102.817968,1.000000,2.000000,3.000000,1028.000000,
102.912421,1.000000,2.000000,3.000000,1028.000000,
103.026906,1.000000,2.000000,3.000000,1028.000000,
103.118692,1.000000,2.000000,3.000000,1028.000000,
103.211979,1.000000,2.000000,3.000000,1028.000000,
103.323442,1.000000,2.000000,3.000000,1028.000000,
103.419762,1.000000,2.000000,3.000000,1028.000000,
103.512671,1.000000,2.000000,3.000000,1028.000000,
103.626429,1.000000,2.000000,3.000000,1028.000000,
103.719216,1.000000,2.000000,3.000000,1028.000000,
103.815202,1.000000,2.000000,3.000000,1028.000000,
103.928207,1.000000,2.000000,3.000000,1028.000000,
104.016589,1.000000,2.000000,3.000000,1028.000000,
104.129874,1.000000,2.000000,3.000000,1028.000000,
104.223288,1.000000,2.000000,3.000000,1028.000000,
104.321257,1.000000,2.000000,3.000000,1028.000000,
104.417130,1.000000,2.000000,3.000000,1028.000000,
104.519709,1.000000,2.000000,3.000000,1028.000000,
104.629666,1.000000,2.000000,3.000000,1028.000000,
104.726117,1.000000,2.000000,3.000000,1028.000000,
104.819362,1.000000,2.000000,3.000000,1028.000000,
104.911297,1.000000,2.000000,3.000000,1028.000000,
105.024887,1.000000,2.000000,3.000000,1028.000000,
105.116334,1.000000,2.000000,3.000000,1028.000000,
105.230446,1.000000,2.000000,3.000000,1028.000000,
105.324906,1.000000,2.000000,3.000000,1028.000000,
105.419701,1.000000,2.000000,3.000000,1028.000000,
105.525678,1.000000,2.000000,3.000000,1028.000000,
105.618523,1.000000,2.000000,3.000000,1028.000000,
105.715302,1.000000,2.000000,3.000000,1028.000000,
105.829731,1.000000,2.000000,3.000000,1028.000000,
105.922387,1.000000,2.000000,3.000000,1028.000000,
106.016578,1.000000,2.000000,3.000000,1028.000000,
106.129138,1.000000,2.000000,3.000000,1028.000000,
106.224207,1.000000,2.000000,3.000000,1028.000000,
106.331179,1.000000,2.000000,3.000000,1028.000000,
106.423880,1.000000,2.000000,3.000000,1028.000000,
106.518207,1.000000,2.000000,3.000000,1028.000000,
106.613411,1.000000,2.000000,3.000000,1028.000000,
106.725476,1.000000,2.000000,3.000000,1028.000000,
106.824218,1.000000,2.000000,3.000000,1028.000000,
106.920042,1.000000,2.000000,3.000000,1028.000000,
107.014511,1.000000,2.000000,3.000000,1028.000000,
107.127187,1.000000,2.000000,3.000000,1028.000000,
107.220701,1.000000,2.000000,3.000000,1028.000000,
107.315048,1.000000,2.000000,3.000000,1028.000000,
107.433191,1.000000,2.000000,3.000000,1028.000000,
107.526464,1.000000,2.000000,3.000000,1028.000000,
107.619240,1.000000,2.000000,3.000000,1028.000000,
107.731698,1.000000,2.000000,3.000000,1028.000000,
107.823919,1.000000,2.000000,3.000000,1028.000000,
107.915188,1.000000,2.000000,3.000000,1028.000000,
108.028243,1.000000,2.000000,3.000000,1028.000000,
108.121203,1.000000,2.000000,3.000000,1028.000000,
108.214829,1.000000,2.000000,3.000000,1028.000000,
108.327346,1.000000,2.000000,3.000000,1028.000000,
108.422748,1.000000,2.000000,3.000000,1028.000000,
108.517595,1.000000,2.000000,3.000000,1028.000000,
108.611606,1.000000,2.000000,3.000000,1028.000000,
108.725130,1.000000,2.000000,3.000000,1028.000000,
108.819393,1.000000,2.000000,3.000000,1028.000000,
108.912251,1.000000,2.000000,3.000000,1028.000000,
109.025404,1.000000,2.000000,3.000000,1028.000000,
109.116869,1.000000,2.000000,3.000000,1028.000000,
109.227894,1.000000,2.000000,3.000000,1028.000000,
109.314741,1.000000,2.000000,3.000000,1028.000000,
109.422147,1.000000,2.000000,3.000000,1028.000000,
109.517664,1.000000,2.000000,3.000000,1028.000000,
109.630049,1.000000,2.000000,3.000000,1028.000000,
109.725836,1.000000,2.000000,3.000000,1028.000000,
109.820741,1.000000,2.000000,3.000000,1028.000000,
109.915708,1.000000,2.000000,3.000000,1028.000000,
110.022029,1.000000,2.000000,3.000000,1028.000000,
110.118212,1.000000,2.000000,3.000000,1028.000000,
110.212661,1.000000,2.000000,3.000000,1028.000000,
110.327944,1.000000,2.000000,3.000000,1028.000000,
110.421191,1.000000,2.000000,3.000000,1028.000000,
110.514470,1.000000,2.000000,3.000000,1028.000000,
110.629851,1.000000,2.000000,3.000000,1028.000000,
110.729318,1.000000,2.000000,3.000000,1028.000000,
110.826730,1.000000,2.000000,3.000000,1028.000000,
110.919593,1.000000,2.000000,3.000000,1028.000000,
111.030842,1.000000,2.000000,3.000000,1028.000000,
111.122727,1.000000,2.000000,3.000000,1028.000000,
111.216372,1.000000,2.000000,3.000000,1028.000000,
111.330153,1.000000,2.000000,3.000000,1028.000000,
111.422499,1.000000,2.000000,3.000000,1028.000000,
111.517313,1.000000,2.000000,3.000000,1028.000000,
111.630236,1.000000,2.000000,3.000000,1028.000000,
111.731789,1.000000,2.000000,3.000000,1028.000000,
111.813897,1.000000,2.000000,3.000000,1028.000000,
111.929266,1.000000,2.000000,3.000000,1028.000000,
112.021901,1.000000,2.000000,3.000000,1028.000000,
112.116603,1.000000,2.000000,3.000000,1028.000000,
112.216745,1.000000,2.000000,3.000000,1028.000000,
112.327532,1.000000,2.000000,3.000000,1028.000000,
112.419740,1.000000,2.000000,3.000000,1028.000000,
112.513299,1.000000,2.000000,3.000000,1028.000000,
112.625923,1.000000,2.000000,3.000000,1028.000000,
112.717719,1.000000,2.000000,3.000000,1028.000000,
112.812696,1.000000,2.000000,3.000000,1028.000000,
112.925983,1.000000,2.000000,3.000000,1028.000000,
113.020047,1.000000,2.000000,3.000000,1028.000000,
113.113833,1.000000,2.000000,3.000000,1028.000000,
113.227478,1.000000,2.000000,3.000000,1028.000000,
113.319741,1.000000,2.000000,3.000000,1028.000000,
113.417352,1.000000,2.000000,3.000000,1028.000000,
113.531480,1.000000,2.000000,3.000000,1028.000000,
113.626308,1.000000,2.000000,3.000000,1028.000000,
113.720298,1.000000,2.000000,3.000000,1028.000000,
113.812830,1.000000,2.000000,3.000000,1028.000000,
113.926135,1.000000,2.000000,3.000000,1028.000000,
114.019808,1.000000,2.000000,3.000000,1028.000000,
114.111950,1.000000,2.000000,3.000000,1028.000000,
114.224236,1.000000,2.000000,3.000000,1028.000000,
114.317998,1.000000,2.000000,3.000000,1028.000000,
114.413932,1.000000,2.000000,3.000000,1028.000000,
114.526673,1.000000,2.000000,3.000000,1028.000000,
114.618371,1.000000,2.000000,3.000000,1028.000000,
114.730921,1.000000,2.000000,3.000000,1028.000000,
114.824904,1.000000,2.000000,3.000000,1028.000000,
114.918648,1.000000,2.000000,3.000000,1028.000000,
115.031139,1.000000,2.000000,3.000000,1028.000000,
115.124452,1.000000,2.000000,3.000000,1028.000000,
115.218891,1.000000,2.000000,3.000000,1028.000000,
115.311039,1.000000,2.000000,3.000000,1028.000000,
115.425063,1.000000,2.000000,3.000000,1028.000000,
115.518722,1.000000,2.000000,3.000000,1028.000000,
115.613350,1.000000,2.000000,3.000000,1028.000000,
115.728566,1.000000,2.000000,3.000000,1028.000000,
115.823503,1.000000,2.000000,3.000000,1028.000000,
115.917676,1.000000,2.000000,3.000000,1028.000000,
116.023163,1.000000,2.000000,3.000000,1028.000000,
116.115145,1.000000,2.000000,3.000000,1028.000000,
116.229432,1.000000,2.000000,3.000000,1028.000000,
116.322101,1.000000,2.000000,3.000000,1028.000000,
116.414701,1.000000,2.000000,3.000000,1028.000000,
116.525128,1.000000,2.000000,3.000000,1028.000000,
116.617627,1.000000,2.000000,3.000000,1028.000000,
116.729562,1.000000,2.000000,3.000000,1028.000000,
116.827622,1.000000,2.000000,3.000000,1028.000000,
116.921473,1.000000,2.000000,3.000000,1028.000000,
117.017890,1.000000,2.000000,3.000000,1028.000000,
117.130990,1.000000,2.000000,3.000000,1028.000000,
117.226140,1.000000,2.000000,3.000000,1028.000000,
117.311848,1.000000,2.000000,3.000000,1028.000000,
117.425068,1.000000,2.000000,3.000000,1028.000000,
117.517467,1.000000,2.000000,3.000000,1028.000000,
117.629450,1.000000,2.000000,3.000000,1028.000000,
117.723023,1.000000,2.000000,3.000000,1028.000000,
117.816581,1.000000,2.000000,3.000000,1028.000000,
117.932543,1.000000,2.000000,3.000000,1028.000000,
118.025197,1.000000,2.000000,3.000000,1028.000000,
118.119251,1.000000,2.000000,3.000000,1028.000000,
118.230903,1.000000,2.000000,3.000000,1028.000000,
118.323430,1.000000,2.000000,3.000000,1028.000000,
118.417240,1.000000,2.000000,3.000000,1028.000000,
118.529894,1.000000,2.000000,3.000000,1028.000000,
118.622004,1.000000,2.000000,3.000000,1028.000000,
118.713613,1.000000,2.000000,3.000000,1028.000000,
118.826249,1.000000,2.000000,3.000000,1028.000000,
118.917968,1.000000,2.000000,3.000000,1028.000000,
119.012999,1.000000,2.000000,3.000000,1028.000000,
119.126559,1.000000,2.000000,3.000000,1028.000000,
119.220906,1.000000,2.000000,3.000000,1028.000000,
119.315968,1.000000,2.000000,3.000000,1028.000000,
119.429457,1.000000,2.000000,3.000000,1028.000000,
119.525801,1.000000,2.000000,3.000000,1028.000000,
119.617625,1.000000,2.000000,3.000000,1028.000000,
119.730855,1.000000,2.000000,3.000000,1028.000000,
119.824773,1.000000,2.000000,3.000000,1028.000000,
119.917055,1.000000,2.000000,3.000000,1028.000000,
120.033191,1.000000,2.000000,3.000000,1028.000000,
120.129155,1.000000,2.000000,3.000000,1028.000000,
120.222860,1.000000,2.000000,3.000000,1028.000000,
120.314936,1.000000,2.000000,3.000000,1028.000000,
120.430241,1.000000,2.000000,3.000000,1028.000000,
120.523012,1.000000,2.000000,3.000000,1028.000000,
120.617043,1.000000,2.000000,3.000000,1028.000000,
120.732244,1.000000,2.000000,3.000000,1028.000000,
120.827538,1.000000,2.000000,3.000000,1028.000000,
120.919955,1.000000,2.000000,3.000000,1028.000000,
121.012878,1.000000,2.000000,3.000000,1028.000000,
121.127251,1.000000,2.000000,3.000000,1028.000000,
121.220044,1.000000,2.000000,3.000000,1028.000000,
121.311835,1.000000,2.000000,3.000000,1028.000000,
121.423923,1.000000,2.000000,3.000000,1028.000000,
121.515258,1.000000,2.000000,3.000000,1028.000000,
121.627567,1.000000,2.000000,3.000000,1028.000000,
121.722356,1.000000,2.000000,3.000000,1028.000000,
121.813534,1.000000,2.000000,3.000000,1028.000000,
121.926718,1.000000,2.000000,3.000000,1028.000000,
122.019796,1.000000,2.000000,3.000000,1028.000000,
122.133534,1.000000,2.000000,3.000000,1028.000000,
122.229554,1.000000,2.000000,3.000000,1028.000000,
122.321948,1.000000,2.000000,3.000000,1028.000000,
122.414964,1.000000,2.000000,3.000000,1028.000000,
122.529225,1.000000,2.000000,3.000000,1028.000000,
122.622264,1.000000,2.000000,3.000000,1028.000000,
122.715600,1.000000,2.000000,3.000000,1028.000000,
122.828652,1.000000,2.000000,3.000000,1028.000000,
122.922474,1.000000,2.000000,3.000000,1028.000000,
123.015814,1.000000,2.000000,3.000000,1028.000000,
123.128118,1.000000,2.000000,3.000000,1028.000000,
123.221661,1.000000,2.000000,3.000000,1028.000000,
123.328866,1.000000,2.000000,3.000000,1028.000000,
123.422815,1.000000,2.000000,3.000000,1028.000000,
123.516407,1.000000,2.000000,3.000000,1028.000000,
123.629926,1.000000,2.000000,3.000000,1028.000000,
123.720879,1.000000,2.000000,3.000000,1028.000000,
123.833651,1.000000,2.000000,3.000000,1028.000000,
123.929010,1.000000,2.000000,3.000000,1028.000000,
124.022432,1.000000,2.000000,3.000000,1028.000000,
124.116363,1.000000,2.000000,3.000000,1028.000000,
124.230392,1.000000,2.000000,3.000000,1028.000000,
124.324418,1.000000,2.000000,3.000000,1028.000000,
124.417036,1.000000,2.000000,3.000000,1028.000000,
124.527936,1.000000,2.000000,3.000000,1028.000000,
124.621287,1.000000,2.000000,3.000000,1028.000000,
124.715664,1.000000,2.000000,3.000000,1028.000000,
124.826091,1.000000,2.000000,3.000000,1028.000000,
124.919280,1.000000,2.000000,3.000000,1028.000000,
125.012576,1.000000,2.000000,3.000000,1028.000000,
125.127361,1.000000,2.000000,3.000000,1028.000000,
125.223792,1.000000,2.000000,3.000000,1028.000000,
125.316765,1.000000,2.000000,3.000000,1028.000000,
125.414596,1.000000,2.000000,3.000000,1028.000000,
125.527947,1.000000,2.000000,3.000000,1028.000000,
125.618864,1.000000,2.000000,3.000000,1028.000000,
125.732613,1.000000,2.000000,3.000000,1028.000000,
125.823826,1.000000,2.000000,3.000000,1028.000000,
125.916843,1.000000,2.000000,3.000000,1028.000000,
126.031535,1.000000,2.000000,3.000000,1028.000000,
126.124491,1.000000,2.000000,3.000000,1028.000000,
126.219128,1.000000,2.000000,3.000000,1028.000000,
126.332685,1.000000,2.000000,3.000000,1028.000000,
126.427149,1.000000,2.000000,3.000000,1028.000000,
126.521075,1.000000,2.000000,3.000000,1028.000000,
126.612904,1.000000,2.000000,3.000000,1028.000000,
126.725490,1.000000,2.000000,3.000000,1028.000000,
126.819088,1.000000,2.000000,3.000000,1028.000000,
126.912532,1.000000,2.000000,3.000000,1028.000000,
127.024926,1.000000,2.000000,3.000000,1028.000000,
127.118359,1.000000,2.000000,3.000000,1028.000000,
127.231124,1.000000,2.000000,3.000000,1028.000000,
127.326358,1.000000,2.000000,3.000000,1028.000000,
127.417320,1.000000,2.000000,3.000000,1028.000000,
127.529832,1.000000,2.000000,3.000000,1028.000000,
127.622833,1.000000,2.000000,3.000000,1028.000000,
127.730470,1.000000,2.000000,3.000000,1028.000000,
127.823796,1.000000,2.000000,3.000000,1028.000000,
127.916607,1.000000,2.000000,3.000000,1028.000000,
128.029191,1.000000,2.000000,3.000000,1028.000000,
128.120896,1.000000,2.000000,3.000000,1028.000000,
128.214240,1.000000,2.000000,3.000000,1028.000000,
128.329764,1.000000,2.000000,3.000000,1028.000000,
128.419009,1.000000,2.000000,3.000000,1028.000000,
128.513988,1.000000,2.000000,3.000000,1028.000000,
128.628696,1.000000,2.000000,3.000000,1028.000000,
128.724222,1.000000,2.000000,3.000000,1028.000000,
128.816535,1.000000,2.000000,3.000000,1028.000000,
128.929258,1.000000,2.000000,3.000000,1028.000000,
129.022828,1.000000,2.000000,3.000000,1028.000000,
129.128817,1.000000,2.000000,3.000000,1028.000000,
129.221083,1.000000,2.000000,3.000000,1028.000000,
129.315590,1.000000,2.000000,3.000000,1028.000000,
129.430956,1.000000,2.000000,3.000000,1028.000000,
129.516972,1.000000,2.000000,3.000000,1028.000000,
129.630117,1.000000,2.000000,3.000000,1028.000000,
129.724608,1.000000,2.000000,3.000000,1028.000000,
129.818855,1.000000,2.000000,3.000000,1028.000000,
129.933093,1.000000,2.000000,3.000000,1028.000000,
130.025272,1.000000,2.000000,3.000000,1028.000000,
130.119060,1.000000,2.000000,3.000000,1028.000000,
130.229230,1.000000,2.000000,3.000000,1028.000000,
130.327365,1.000000,2.000000,3.000000,1028.000000,
130.418919,1.000000,2.000000,3.000000,1028.000000,
130.531587,1.000000,2.000000,3.000000,1028.000000,
130.624911,1.000000,2.000000,3.000000,1028.000000,
130.716315,1.000000,2.000000,3.000000,1028.000000,
130.830482,1.000000,2.000000,3.000000,1028.000000,
130.923711,1.000000,2.000000,3.000000,1028.000000,
131.017724,1.000000,2.000000,3.000000,1028.000000,
131.120219,1.000000,2.000000,3.000000,1028.000000,
131.214926,1.000000,2.000000,3.000000,1028.000000,
131.327869,1.000000,2.000000,3.000000,1028.000000,
131.420498,1.000000,2.000000,3.000000,1028.000000,
131.526786,1.000000,2.000000,3.000000,1028.000000,
131.622885,1.000000,2.000000,3.000000,1028.000000,
131.714699,1.000000,2.000000,3.000000,1028.000000,
131.827757,1.000000,2.000000,3.000000,1028.000000,
131.920521,1.000000,2.000000,3.000000,1028.000000,
132.014976,1.000000,2.000000,3.000000,1028.000000,
132.128878,1.000000,2.000000,3.000000,1028.000000,
132.222020,1.000000,2.000000,3.000000,1028.000000,
132.313701,1.000000,2.000000,3.000000,1028.000000,
132.429369,1.000000,2.000000,3.000000,1028.000000,
132.522330,1.000000,2.000000,3.000000,1028.000000,
132.615260,1.000000,2.000000,3.000000,1028.000000,
132.728588,1.000000,2.000000,3.000000,1028.000000,
132.817496,1.000000,2.000000,3.000000,1028.000000,
132.930512,1.000000,2.000000,3.000000,1028.000000,
133.028000,1.000000,2.000000,3.000000,1028.000000,
133.123058,1.000000,2.000000,3.000000,1028.000000,
133.220968,1.000000,2.000000,3.000000,1028.000000,
133.314007,1.000000,2.000000,3.000000,1028.000000,
133.426621,1.000000,2.000000,3.000000,1028.000000,
133.523363,1.000000,2.000000,3.000000,1028.000000,
133.617735,1.000000,2.000000,3.000000,1028.000000,
133.729548,1.000000,2.000000,3.000000,1028.000000,
133.824778,1.000000,2.000000,3.000000,1028.000000,
133.919553,1.000000,2.000000,3.000000,1028.000000,
134.027532,1.000000,2.000000,3.000000,1028.000000,
134.122737,1.000000,2.000000,3.000000,1028.000000,
134.216551,1.000000,2.000000,3.000000,1028.000000,
134.332545,1.000000,2.000000,3.000000,1028.000000,
134.425721,1.000000,2.000000,3.000000,1028.000000,
134.518585,1.000000,2.000000,3.000000,1028.000000,
134.632762,1.000000,2.000000,3.000000,1028.000000,
134.725408,1.000000,2.000000,3.000000,1028.000000,
134.821869,1.000000,2.000000,3.000000,1028.000000,
134.918656,1.000000,2.000000,3.000000,1028.000000,
135.013694,1.000000,2.000000,3.000000,1028.000000,
135.126955,1.000000,2.000000,3.000000,1028.000000,
135.221639,1.000000,2.000000,3.000000,1028.000000,
135.313479,1.000000,2.000000,3.000000,1028.000000,
135.425719,1.000000,2.000000,3.000000,1028.000000,
135.518187,1.000000,2.000000,3.000000,1028.000000,
135.631356,1.000000,2.000000,3.000000,1028.000000,
135.724915,1.000000,2.000000,3.000000,1028.000000,
135.817960,1.000000,2.000000,3.000000,1028.000000,
135.930251,1.000000,2.000000,3.000000,1028.000000,
136.023391,1.000000,2.000000,3.000000,1028.000000,
136.118089,1.000000,2.000000,3.000000,1028.000000,
136.233206,1.000000,2.000000,3.000000,1028.000000,
136.328002,1.000000,2.000000,3.000000,1028.000000,
136.421072,1.000000,2.000000,3.000000,1028.000000,
136.512750,1.000000,2.000000,3.000000,1028.000000,
136.626306,1.000000,2.000000,3.000000,1028.000000,
136.719295,1.000000,2.000000,3.000000,1028.000000,
136.832511,1.000000,2.000000,3.000000,1028.000000,
136.924501,1.000000,2.000000,3.000000,1028.000000,
137.018294,1.000000,2.000000,3.000000,1028.000000,
137.132578,1.000000,2.000000,3.000000,1028.000000,
137.226959,1.000000,2.000000,3.000000,1028.000000,
137.313427,1.000000,2.000000,3.000000,1028.000000,
137.427942,1.000000,2.000000,3.000000,1028.000000,
137.523943,1.000000,2.000000,3.000000,1028.000000,
137.629377,1.000000,2.000000,3.000000,1028.000000,
137.723255,1.000000,2.000000,3.000000,1028.000000,
137.819704,1.000000,2.000000,3.000000,1028.000000,
137.912576,1.000000,2.000000,3.000000,1028.000000,
138.025326,1.000000,2.000000,3.000000,1028.000000,
138.120718,1.000000,2.000000,3.000000,1028.000000,
138.214522,1.000000,2.000000,3.000000,1028.000000,
138.326573,1.000000,2.000000,3.000000,1028.000000,
138.423848,1.000000,2.000000,3.000000,1028.000000,
138.524337,1.000000,2.000000,3.000000,1028.000000,
138.620090,1.000000,2.000000,3.000000,1028.000000,
138.732204,1.000000,2.000000,3.000000,1028.000000,
138.824763,1.000000,2.000000,3.000000,1028.000000,
138.917881,1.000000,2.000000,3.000000,1028.000000,
139.032257,1.000000,2.000000,3.000000,1028.000000,
139.126882,1.000000,2.000000,3.000000,1028.000000,
139.220254,1.000000,2.000000,3.000000,1028.000000,
139.315707,1.000000,2.000000,3.000000,1028.000000,
139.432712,1.000000,2.000000,3.000000,1028.000000,
139.528511,1.000000,2.000000,3.000000,1028.000000,
139.626245,1.000000,2.000000,3.000000,1028.000000,
139.719671,1.000000,2.000000,3.000000,1028.000000,
139.814755,1.000000,2.000000,3.000000,1028.000000,
139.925510,1.000000,2.000000,3.000000,1028.000000,
140.019723,1.000000,2.000000,3.000000,1028.000000,
140.132660,1.000000,2.000000,3.000000,1028.000000,
140.227600,1.000000,2.000000,3.000000,1028.000000,
140.325110,1.000000,2.000000,3.000000,1028.000000,
140.416699,1.000000,2.000000,3.000000,1028.000000,
140.528385,1.000000,2.000000,3.000000,1028.000000,
140.621310,1.000000,2.000000,3.000000,1028.000000,
140.715787,1.000000,2.000000,3.000000,1028.000000,
140.828012,1.000000,2.000000,3.000000,1028.000000,
140.919543,1.000000,2.000000,3.000000,1028.000000,
141.015560,1.000000,2.000000,3.000000,1028.000000,
141.127992,1.000000,2.000000,3.000000,1028.000000,
141.219301,1.000000,2.000000,3.000000,1028.000000,
141.314566,1.000000,2.000000,3.000000,1028.000000,
141.432355,1.000000,2.000000,3.000000,1028.000000,
141.531021,1.000000,2.000000,3.000000,1028.000000,
141.627792,1.000000,2.000000,3.000000,1028.000000,
141.716580,1.000000,2.000000,3.000000,1028.000000,
141.831138,1.000000,2.000000,3.000000,1028.000000,
141.926625,1.000000,2.000000,3.000000,1028.000000,
142.024161,1.000000,2.000000,3.000000,1028.000000,
142.122148,1.000000,2.000000,3.000000,1028.000000,
142.215763,1.000000,2.000000,3.000000,1028.000000,
142.330683,1.000000,2.000000,3.000000,1028.000000,
142.426987,1.000000,2.000000,3.000000,1028.000000,
142.523432,1.000000,2.000000,3.000000,1028.000000,
142.614510,1.000000,2.000000,3.000000,1028.000000,
142.729570,1.000000,2.000000,3.000000,1028.000000,
142.821587,1.000000,2.000000,3.000000,1028.000000,
142.933346,1.000000,2.000000,3.000000,1028.000000,
143.070509,1.000000,2.000000,3.000000,1028.000000,
143.101321,1.000000,2.000000,3.000000,1028.000000,
143.233757,1.000000,2.000000,3.000000,1028.000000,
143.321858,1.000000,2.000000,3.000000,1028.000000,
143.417997,1.000000,2.000000,3.000000,1028.000000,
143.534150,1.000000,2.000000,3.000000,1028.000000,
143.628435,1.000000,2.000000,3.000000,1028.000000,
143.724739,1.000000,2.000000,3.000000,1028.000000,
143.819845,1.000000,2.000000,3.000000,1028.000000,
143.916882,1.000000,2.000000,3.000000,1028.000000,
144.031412,1.000000,2.000000,3.000000,1028.000000,
144.127286,1.000000,2.000000,3.000000,1028.000000,
144.224490,1.000000,2.000000,3.000000,1028.000000,
144.320453,1.000000,2.000000,3.000000,1028.000000,
144.431215,1.000000,2.000000,3.000000,1028.000000,
144.524855,1.000000,2.000000,3.000000,1028.000000,
144.619667,1.000000,2.000000,3.000000,1028.000000,
144.715077,1.000000,2.000000,3.000000,1028.000000,
144.830323,1.000000,2.000000,3.000000,1028.000000,
144.922176,1.000000,2.000000,3.000000,1028.000000,
145.017531,1.000000,2.000000,3.000000,1028.000000,
145.133088,1.000000,2.000000,3.000000,1028.000000,
145.227082,1.000000,2.000000,3.000000,1028.000000,
145.321012,1.000000,2.000000,3.000000,1028.000000,
145.415903,1.000000,2.000000,3.000000,1028.000000,
145.529676,1.000000,2.000000,3.000000,1028.000000,
145.604401,1.000000,2.000000,3.000000,1028.000000,
145.717807,1.000000,2.000000,3.000000,1028.000000,
145.832700,1.000000,2.000000,3.000000,1028.000000,
145.929544,1.000000,2.000000,3.000000,1028.000000,
146.022467,1.000000,2.000000,3.000000,1028.000000,
146.116914,1.000000,2.000000,3.000000,1028.000000,
146.231817,1.000000,2.000000,3.000000,1028.000000,
146.324784,1.000000,2.000000,3.000000,1028.000000,
146.421057,1.000000,2.000000,3.000000,1028.000000,
146.515199,1.000000,2.000000,3.000000,1028.000000,
146.629791,1.000000,2.000000,3.000000,1028.000000,
146.723026,1.000000,2.000000,3.000000,1028.000000,
146.829183,1.000000,2.000000,3.000000,1028.000000,
146.925228,1.000000,2.000000,3.000000,1028.000000,
147.020154,1.000000,2.000000,3.000000,1028.000000,
147.133637,1.000000,2.000000,3.000000,1028.000000,
147.228452,1.000000,2.000000,3.000000,1028.000000,
147.322764,1.000000,2.000000,3.000000,1028.000000,
147.419571,1.000000,2.000000,3.000000,1028.000000,
147.512501,1.000000,2.000000,3.000000,1028.000000,
147.629858,1.000000,2.000000,3.000000,1028.000000,
147.726437,1.000000,2.000000,3.000000,1028.000000,
147.821834,1.000000,2.000000,3.000000,1028.000000,
147.917493,1.000000,2.000000,3.000000,1028.000000,
148.033079,1.000000,2.000000,3.000000,1028.000000,
148.129396,1.000000,2.000000,3.000000,1028.000000,
148.221484,1.000000,2.000000,3.000000,1028.000000,
148.333825,1.000000,2.000000,3.000000,1028.000000,
148.432540,1.000000,2.000000,3.000000,1028.000000,
148.514073,1.000000,2.000000,3.000000,1028.000000,
148.631355,1.000000,2.000000,3.000000,1028.000000,
148.725621,1.000000,2.000000,3.000000,1028.000000,
148.822726,1.000000,2.000000,3.000000,1028.000000,
148.921025,1.000000,2.000000,3.000000,1028.000000,
149.017902,1.000000,2.000000,3.000000,1028.000000,
149.134339,1.000000,2.000000,3.000000,1028.000000,
149.229536,1.000000,2.000000,3.000000,1028.000000,
149.324451,1.000000,2.000000,3.000000,1028.000000,
149.419730,1.000000,2.000000,3.000000,1028.000000,
149.532493,1.000000,2.000000,3.000000,1028.000000,
149.628785,1.000000,2.000000,3.000000,1028.000000,
149.721366,1.000000,2.000000,3.000000,1028.000000,
149.833777,1.000000,2.000000,3.000000,1028.000000,
149.928201,1.000000,2.000000,3.000000,1028.000000,
150.024091,1.000000,2.000000,3.000000,1028.000000,
150.131527,1.000000,2.000000,3.000000,1028.000000,
150.225359,1.000000,2.000000,3.000000,1028.000000,
150.318570,1.000000,2.000000,3.000000,1028.000000,
150.431764,1.000000,2.000000,3.000000,1028.000000,
150.526420,1.000000,2.000000,3.000000,1028.000000,
150.618356,1.000000,2.000000,3.000000,1028.000000,
150.730866,1.000000,2.000000,3.000000,1028.000000,
150.823331,1.000000,2.000000,3.000000,1028.000000,
150.917414,1.000000,2.000000,3.000000,1028.000000,
151.031402,1.000000,2.000000,3.000000,1028.000000,
151.125039,1.000000,2.000000,3.000000,1028.000000,
151.216902,1.000000,2.000000,3.000000,1028.000000,
151.327774,1.000000,2.000000,3.000000,1028.000000,
151.421736,1.000000,2.000000,3.000000,1028.000000,
151.534894,1.000000,2.000000,3.000000,1028.000000,
151.629564,1.000000,2.000000,3.000000,1028.000000,
151.724456,1.000000,2.000000,3.000000,1028.000000,
151.820502,1.000000,2.000000,3.000000,1028.000000,
151.914761,1.000000,2.000000,3.000000,1028.000000,
152.029847,1.000000,2.000000,3.000000,1028.000000,
152.124892,1.000000,2.000000,3.000000,1028.000000,
152.219269,1.000000,2.000000,3.000000,1028.000000,
152.331926,1.000000,2.000000,3.000000,1028.000000,
152.422522,1.000000,2.000000,3.000000,1028.000000,
152.515274,1.000000,2.000000,3.000000,1028.000000,
152.630760,1.000000,2.000000,3.000000,1028.000000,
152.723118,1.000000,2.000000,3.000000,1028.000000,
152.814626,1.000000,2.000000,3.000000,1028.000000,
152.929926,1.000000,2.000000,3.000000,1028.000000,
153.024891,1.000000,2.000000,3.000000,1028.000000,
153.117287,1.000000,2.000000,3.000000,1028.000000,
153.231615,1.000000,2.000000,3.000000,1028.000000,
153.323266,1.000000,2.000000,3.000000,1028.000000,
153.430275,1.000000,2.000000,3.000000,1028.000000,
153.523475,1.000000,2.000000,3.000000,1028.000000,
153.617076,1.000000,2.000000,3.000000,1028.000000,
153.729296,1.000000,2.000000,3.000000,1028.000000,
153.820864,1.000000,2.000000,3.000000,1028.000000,
153.932508,1.000000,2.000000,3.000000,1028.000000,
154.028401,1.000000,2.000000,3.000000,1028.000000,
154.121432,1.000000,2.000000,3.000000,1028.000000,
154.215603,1.000000,2.000000,3.000000,1028.000000,
154.328995,1.000000,2.000000,3.000000,1028.000000,
154.422802,1.000000,2.000000,3.000000,1028.000000,
154.515831,1.000000,2.000000,3.000000,1028.000000,
154.627393,1.000000,2.000000,3.000000,1028.000000,
154.725769,1.000000,2.000000,3.000000,1028.000000,
154.818437,1.000000,2.000000,3.000000,1028.000000,
154.930501,1.000000,2.000000,3.000000,1028.000000,
155.023630,1.000000,2.000000,3.000000,1028.000000,
155.115773,1.000000,2.000000,3.000000,1028.000000,
155.232539,1.000000,2.000000,3.000000,1028.000000,
155.326640,1.000000,2.000000,3.000000,1028.000000,
155.423480,1.000000,2.000000,3.000000,1028.000000,
155.531546,1.000000,2.000000,3.000000,1028.000000,
155.628401,1.000000,2.000000,3.000000,1028.000000,
155.724227,1.000000,2.000000,3.000000,1028.000000,
155.818073,1.000000,2.000000,3.000000,1028.000000,
155.914288,1.000000,2.000000,3.000000,1028.000000,
156.027282,1.000000,2.000000,3.000000,1028.000000,
156.121553,1.000000,2.000000,3.000000,1028.000000,
156.216126,1.000000,2.000000,3.000000,1028.000000,
156.333137,1.000000,2.000000,3.000000,1028.000000,
156.427793,1.000000,2.000000,3.000000,1028.000000,
156.528376,1.000000,2.000000,3.000000,1028.000000,
156.620093,1.000000,2.000000,3.000000,1028.000000,
156.733104,1.000000,2.000000,3.000000,1028.000000,
156.827838,1.000000,2.000000,3.000000,1028.000000,
156.921587,1.000000,2.000000,3.000000,1028.000000,
157.035009,1.000000,2.000000,3.000000,1028.000000,
157.128730,1.000000,2.000000,3.000000,1028.000000,
157.222673,1.000000,2.000000,3.000000,1028.000000,
157.316927,1.000000,2.000000,3.000000,1028.000000,
157.415469,1.000000,2.000000,3.000000,1028.000000,
157.527759,1.000000,2.000000,3.000000,1028.000000,
157.621142,1.000000,2.000000,3.000000,1028.000000,
157.715443,1.000000,2.000000,3.000000,1028.000000,
157.828865,1.000000,2.000000,3.000000,1028.000000,
157.922911,1.000000,2.000000,3.000000,1028.000000,
158.016989,1.000000,2.000000,3.000000,1028.000000,
158.132783,1.000000,2.000000,3.000000,1028.000000,
158.228865,1.000000,2.000000,3.000000,1028.000000,
158.322561,1.000000,2.000000,3.000000,1028.000000,
158.416473,1.000000,2.000000,3.000000,1028.000000,
158.517216,1.000000,2.000000,3.000000,1028.000000,
158.630030,1.000000,2.000000,3.000000,1028.000000,
158.722703,1.000000,2.000000,3.000000,1028.000000,
158.814939,1.000000,2.000000,3.000000,1028.000000,
158.928847,1.000000,2.000000,3.000000,1028.000000,
159.022272,1.000000,2.000000,3.000000,1028.000000,
159.115960,1.000000,2.000000,3.000000,1028.000000,
159.229754,1.000000,2.000000,3.000000,1028.000000,
159.323037,1.000000,2.000000,3.000000,1028.000000,
159.427383,1.000000,2.000000,3.000000,1028.000000,
159.526343,1.000000,2.000000,3.000000,1028.000000,
159.623120,1.000000,2.000000,3.000000,1028.000000,
159.714186,1.000000,2.000000,3.000000,1028.000000,
159.824793,1.000000,2.000000,3.000000,1028.000000,
159.918115,1.000000,2.000000,3.000000,1028.000000,
160.031281,1.000000,2.000000,3.000000,1028.000000,
160.123774,1.000000,2.000000,3.000000,1028.000000,
160.232293,1.000000,2.000000,3.000000,1028.000000,
160.326782,1.000000,2.000000,3.000000,1028.000000,
160.424424,1.000000,2.000000,3.000000,1028.000000,
160.519478,1.000000,2.000000,3.000000,1028.000000,
160.630474,1.000000,2.000000,3.000000,1028.000000,
160.723304,1.000000,2.000000,3.000000,1028.000000,
160.817958,1.000000,2.000000,3.000000,1028.000000,
160.932715,1.000000,2.000000,3.000000,1028.000000,
161.032075,1.000000,2.000000,3.000000,1028.000000,
161.126113,1.000000,2.000000,3.000000,1028.000000,
161.218612,1.000000,2.000000,3.000000,1028.000000,
161.332932,1.000000,2.000000,3.000000,1028.000000,
161.418351,1.000000,2.000000,3.000000,1028.000000,
161.530627,1.000000,2.000000,3.000000,1028.000000,
161.626605,1.000000,2.000000,3.000000,1028.000000,
161.720607,1.000000,2.000000,3.000000,1028.000000,
161.832461,1.000000,2.000000,3.000000,1028.000000,
161.926970,1.000000,2.000000,3.000000,1028.000000,
162.020161,1.000000,2.000000,3.000000,1028.000000,
162.128794,1.000000,2.000000,3.000000,1028.000000,
162.222880,1.000000,2.000000,3.000000,1028.000000,
162.316917,1.000000,2.000000,3.000000,1028.000000,
162.430502,1.000000,2.000000,3.000000,1028.000000,
162.531539,1.000000,2.000000,3.000000,1028.000000,
162.622962,1.000000,2.000000,3.000000,1028.000000,
162.718736,1.000000,2.000000,3.000000,1028.000000,
162.833369,1.000000,2.000000,3.000000,1028.000000,
162.926449,1.000000,2.000000,3.000000,1028.000000,
163.020301,1.000000,2.000000,3.000000,1028.000000,
163.113912,1.000000,2.000000,3.000000,1028.000000,
163.228073,1.000000,2.000000,3.000000,1028.000000,
163.321093,1.000000,2.000000,3.000000,1028.000000,
163.418043,1.000000,2.000000,3.000000,1028.000000,
163.530811,1.000000,2.000000,3.000000,1028.000000,
163.624574,1.000000,2.000000,3.000000,1028.000000,
163.716983,1.000000,2.000000,3.000000,1028.000000,
163.829322,1.000000,2.000000,3.000000,1028.000000,
163.921430,1.000000,2.000000,3.000000,1028.000000,
164.017057,1.000000,2.000000,3.000000,1028.000000,
164.131868,1.000000,2.000000,3.000000,1028.000000,
164.224510,1.000000,2.000000,3.000000,1028.000000,
164.317555,1.000000,2.000000,3.000000,1028.000000,
164.431438,1.000000,2.000000,3.000000,1028.000000,
164.526261,1.000000,2.000000,3.000000,1028.000000,
164.624427,1.000000,2.000000,3.000000,1028.000000,
164.717765,1.000000,2.000000,3.000000,1028.000000,
164.830469,1.000000,2.000000,3.000000,1028.000000,
164.924368,1.000000,2.000000,3.000000,1028.000000,
165.019810,1.000000,2.000000,3.000000,1028.000000,
165.134091,1.000000,2.000000,3.000000,1028.000000,
165.228528,1.000000,2.000000,3.000000,1028.000000,
165.323996,1.000000,2.000000,3.000000,1028.000000,
165.428566,1.000000,2.000000,3.000000,1028.000000,
165.528823,1.000000,2.000000,3.000000,1028.000000,
165.624136,1.000000,2.000000,3.000000,1028.000000,
165.715527,1.000000,2.000000,3.000000,1028.000000,
165.828264,1.000000,2.000000,3.000000,1028.000000,
165.921738,1.000000,2.000000,3.000000,1028.000000,
166.014352,1.000000,2.000000,3.000000,1028.000000,
166.130534,1.000000,2.000000,3.000000,1028.000000,
166.222588,1.000000,2.000000,3.000000,1028.000000,
166.314798,1.000000,2.000000,3.000000,1028.000000,
166.420995,1.000000,2.000000,3.000000,1028.000000,
166.534893,1.000000,2.000000,3.000000,1028.000000,
166.633836,1.000000,2.000000,3.000000,1028.000000,
166.725481,1.000000,2.000000,3.000000,1028.000000,
166.820986,1.000000,2.000000,3.000000,1028.000000,
166.932879,1.000000,2.000000,3.000000,1028.000000,
167.025974,1.000000,2.000000,3.000000,1028.000000,
167.118664,1.000000,2.000000,3.000000,1028.000000,
167.233507,1.000000,2.000000,3.000000,1028.000000,
167.333092,1.000000,2.000000,3.000000,1028.000000,
167.432613,1.000000,2.000000,3.000000,1028.000000,
167.531040,1.000000,2.000000,3.000000,1028.000000,
167.627750,1.000000,2.000000,3.000000,1028.000000,
167.721856,1.000000,2.000000,3.000000,1028.000000,
167.816972,1.000000,2.000000,3.000000,1028.000000,
167.934209,1.000000,2.000000,3.000000,1028.000000,
168.021523,1.000000,2.000000,3.000000,1028.000000,
168.133283,1.000000,2.000000,3.000000,1028.000000,
168.230264,1.000000,2.000000,3.000000,1028.000000,
168.325253,1.000000,2.000000,3.000000,1028.000000,
168.424267,1.000000,2.000000,3.000000,1028.000000,
168.528694,1.000000,2.000000,3.000000,1028.000000,
168.621003,1.000000,2.000000,3.000000,1028.000000,
168.731176,1.000000,2.000000,3.000000,1028.000000,
168.822559,1.000000,2.000000,3.000000,1028.000000,
168.916068,1.000000,2.000000,3.000000,1028.000000,
169.017422,1.000000,2.000000,3.000000,1028.000000,
169.128618,1.000000,2.000000,3.000000,1028.000000,
169.221721,1.000000,2.000000,3.000000,1028.000000,
169.315137,1.000000,2.000000,3.000000,1028.000000,
169.428694,1.000000,2.000000,3.000000,1028.000000,
169.521422,1.000000,2.000000,3.000000,1028.000000,
169.617003,1.000000,2.000000,3.000000,1028.000000,
169.729533,1.000000,2.000000,3.000000,1028.000000,
169.828892,1.000000,2.000000,3.000000,1028.000000,
169.922427,1.000000,2.000000,3.000000,1028.000000,
170.034161,1.000000,2.000000,3.000000,1028.000000,
170.129180,1.000000,2.000000,3.000000,1028.000000,
170.223593,1.000000,2.000000,3.000000,1028.000000,
170.316966,1.000000,2.000000,3.000000,1028.000000,
170.431766,1.000000,2.000000,3.000000,1028.000000,
170.525796,1.000000,2.000000,3.000000,1028.000000,
170.617574,1.000000,2.000000,3.000000,1028.000000,
170.734073,1.000000,2.000000,3.000000,1028.000000,
170.831413,1.000000,2.000000,3.000000,1028.000000,
170.926812,1.000000,2.000000,3.000000,1028.000000,
171.019064,1.000000,2.000000,3.000000,1028.000000,
171.129960,1.000000,2.000000,3.000000,1028.000000,
171.222243,1.000000,2.000000,3.000000,1028.000000,
171.314826,1.000000,2.000000,3.000000,1028.000000,
171.431131,1.000000,2.000000,3.000000,1028.000000,
171.524281,1.000000,2.000000,3.000000,1028.000000,
171.617988,1.000000,2.000000,3.000000,1028.000000,
171.733904,1.000000,2.000000,3.000000,1028.000000,
171.821680,1.000000,2.000000,3.000000,1028.000000,
171.916567,1.000000,2.000000,3.000000,1028.000000,
172.028200,1.000000,2.000000,3.000000,1028.000000,
172.121546,1.000000,2.000000,3.000000,1028.000000,
172.215071,1.000000,2.000000,3.000000,1028.000000,
172.328111,1.000000,2.000000,3.000000,1028.000000,
172.422556,1.000000,2.000000,3.000000,1028.000000,
172.515035,1.000000,2.000000,3.000000,1028.000000,
172.630136,1.000000,2.000000,3.000000,1028.000000,
172.722094,1.000000,2.000000,3.000000,1028.000000,
172.834472,1.000000,2.000000,3.000000,1028.000000,
172.929021,1.000000,2.000000,3.000000,1028.000000,
173.022891,1.000000,2.000000,3.000000,1028.000000,
173.116208,1.000000,2.000000,3.000000,1028.000000,
173.226668,1.000000,2.000000,3.000000,1028.000000,
173.320867,1.000000,2.000000,3.000000,1028.000000,
173.415277,1.000000,2.000000,3.000000,1028.000000,
173.529415,1.000000,2.000000,3.000000,1028.000000,
173.621827,1.000000,2.000000,3.000000,1028.000000,
173.739510,1.000000,2.000000,3.000000,1028.000000,
173.832736,1.000000,2.000000,3.000000,1028.000000,
173.926773,1.000000,2.000000,3.000000,1028.000000,
174.017578,1.000000,2.000000,3.000000,1028.000000,
174.131416,1.000000,2.000000,3.000000,1028.000000,
174.223852,1.000000,2.000000,3.000000,1028.000000,
174.318577,1.000000,2.000000,3.000000,1028.000000,
174.433460,1.000000,2.000000,3.000000,1028.000000,
174.530996,1.000000,2.000000,3.000000,1028.000000,
174.623374,1.000000,2.000000,3.000000,1028.000000,
174.717330,1.000000,2.000000,3.000000,1028.000000,
174.833503,1.000000,2.000000,3.000000,1028.000000,
174.930084,1.000000,2.000000,3.000000,1028.000000,
175.019418,1.000000,2.000000,3.000000,1028.000000,
175.132703,1.000000,2.000000,3.000000,1028.000000,
175.232975,1.000000,2.000000,3.000000,1028.000000,
175.326210,1.000000,2.000000,3.000000,1028.000000,
175.419163,1.000000,2.000000,3.000000,1028.000000,
175.534630,1.000000,2.000000,3.000000,1028.000000,
175.632134,1.000000,2.000000,3.000000,1028.000000,
175.728396,1.000000,2.000000,3.000000,1028.000000,
175.823641,1.000000,2.000000,3.000000,1028.000000,
175.917987,1.000000,2.000000,3.000000,1028.000000,
176.032192,1.000000,2.000000,3.000000,1028.000000,
176.126162,1.000000,2.000000,3.000000,1028.000000,
176.222094,1.000000,2.000000,3.000000,1028.000000,
176.320874,1.000000,2.000000,3.000000,1028.000000,
176.415313,1.000000,2.000000,3.000000,1028.000000,
176.526382,1.000000,2.000000,3.000000,1028.000000,
176.621297,1.000000,2.000000,3.000000,1028.000000,
176.734916,1.000000,2.000000,3.000000,1028.000000,
176.830989,1.000000,2.000000,3.000000,1028.000000,
176.922750,1.000000,2.000000,3.000000,1028.000000,
177.017836,1.000000,2.000000,3.000000,1028.000000,
177.132352,1.000000,2.000000,3.000000,1028.000000,
177.225619,1.000000,2.000000,3.000000,1028.000000,
177.319430,1.000000,2.000000,3.000000,1028.000000,
177.427431,1.000000,2.000000,3.000000,1028.000000,
177.519518,1.000000,2.000000,3.000000,1028.000000,
177.632813,1.000000,2.000000,3.000000,1028.000000,
177.723036,1.000000,2.000000,3.000000,1028.000000,
177.819663,1.000000,2.000000,3.000000,1028.000000,
177.913858,1.000000,2.000000,3.000000,1028.000000,
178.028450,1.000000,2.000000,3.000000,1028.000000,
178.121572,1.000000,2.000000,3.000000,1028.000000,
178.219971,1.000000,2.000000,3.000000,1028.000000,
178.315991,1.000000,2.000000,3.000000,1028.000000,
178.433151,1.000000,2.000000,3.000000,1028.000000,
178.530132,1.000000,2.000000,3.000000,1028.000000,
178.626403,1.000000,2.000000,3.000000,1028.000000,
178.719512,1.000000,2.000000,3.000000,1028.000000,
178.833785,1.000000,2.000000,3.000000,1028.000000,
178.923861,1.000000,2.000000,3.000000,1028.000000,
179.021057,1.000000,2.000000,3.000000,1028.000000,
179.117626,1.000000,2.000000,3.000000,1028.000000,
179.230102,1.000000,2.000000,3.000000,1028.000000,
179.325626,1.000000,2.000000,3.000000,1028.000000,
179.423758,1.000000,2.000000,3.000000,1028.000000,
179.530647,1.000000,2.000000,3.000000,1028.000000,
179.625560,1.000000,2.000000,3.000000,1028.000000,
179.718606,1.000000,2.000000,3.000000,1028.000000,
179.833299,1.000000,2.000000,3.000000,1028.000000,
179.925925,1.000000,2.000000,3.000000,1028.000000,
180.018183,1.000000,2.000000,3.000000,1028.000000,
180.116433,1.000000,2.000000,3.000000,1028.000000,
180.230832,1.000000,2.000000,3.000000,1028.000000,
180.323771,1.000000,2.000000,3.000000,1028.000000,
180.431275,1.000000,2.000000,3.000000,1028.000000,
180.532284,1.000000,2.000000,3.000000,1028.000000,
180.628492,1.000000,2.000000,3.000000,1028.000000,
180.721759,1.000000,2.000000,3.000000,1028.000000,
180.834455,1.000000,2.000000,3.000000,1028.000000,
180.930302,1.000000,2.000000,3.000000,1028.000000,
181.022886,1.000000,2.000000,3.000000,1028.000000,
181.117152,1.000000,2.000000,3.000000,1028.000000,
181.232292,1.000000,2.000000,3.000000,1028.000000,
181.324904,1.000000,2.000000,3.000000,1028.000000,
181.419196,1.000000,2.000000,3.000000,1028.000000,
181.534107,1.000000,2.000000,3.000000,1028.000000,
181.627053,1.000000,2.000000,3.000000,1028.000000,
181.721242,1.000000,2.000000,3.000000,1028.000000,
181.835495,1.000000,2.000000,3.000000,1028.000000,
181.925622,1.000000,2.000000,3.000000,1028.000000,
182.020931,1.000000,2.000000,3.000000,1028.000000,
182.116120,1.000000,2.000000,3.000000,1028.000000,
182.230427,1.000000,2.000000,3.000000,1028.000000,
182.323599,1.000000,2.000000,3.000000,1028.000000,
182.418158,1.000000,2.000000,3.000000,1028.000000,
182.533147,1.000000,2.000000,3.000000,1028.000000,
182.626515,1.000000,2.000000,3.000000,1028.000000,
182.720086,1.000000,2.000000,3.000000,1028.000000,
182.832368,1.000000,2.000000,3.000000,1028.000000,
182.925070,1.000000,2.000000,3.000000,1028.000000,
183.016340,1.000000,2.000000,3.000000,1028.000000,
183.134572,1.000000,2.000000,3.000000,1028.000000,
183.229481,1.000000,2.000000,3.000000,1028.000000,
183.323199,1.000000,2.000000,3.000000,1028.000000,
183.429324,1.000000,2.000000,3.000000,1028.000000,
183.527684,1.000000,2.000000,3.000000,1028.000000,
183.626393,1.000000,2.000000,3.000000,1028.000000,
183.722077,1.000000,2.000000,3.000000,1028.000000,
183.816692,1.000000,2.000000,3.000000,1028.000000,
183.936253,1.000000,2.000000,3.000000,1028.000000,
184.035310,1.000000,2.000000,3.000000,1028.000000,
184.134782,1.000000,2.000000,3.000000,1028.000000,
184.229569,1.000000,2.000000,3.000000,1028.000000,
184.325498,1.000000,2.000000,3.000000,1028.000000,
184.433130,1.000000,2.000000,3.000000,1028.000000,
184.523293,1.000000,2.000000,3.000000,1028.000000,
184.624768,1.000000,2.000000,3.000000,1028.000000,
184.719107,1.000000,2.000000,3.000000,1028.000000,
184.837399,1.000000,2.000000,3.000000,1028.000000,
184.933089,1.000000,2.000000,3.000000,1028.000000,
185.027869,1.000000,2.000000,3.000000,1028.000000,
185.128049,1.000000,2.000000,3.000000,1028.000000,
