Time(s),Set Current,Actual Current,Velocity of Vehicle (mph),Speed,0.050847,0.001000,0.001000,0.000000,0.000000
0.088765,0.001000,0.001000,0.000000,0.000000
0.110154,0.001000,0.001000,0.000000,0.000000
0.128957,0.001000,0.001000,0.000000,0.000000
0.148506,0.001000,0.001000,0.000000,0.000000
0.169043,0.001000,0.001000,0.000000,0.000000
0.187468,0.001000,0.001000,0.000000,0.000000
0.210194,0.001000,0.001000,0.000000,0.000000
0.228207,0.001000,0.001000,0.000000,0.000000
0.248440,0.001000,0.001000,0.000000,0.000000
0.269329,0.001000,0.001000,0.000000,0.000000
0.287380,0.001000,0.001000,0.000000,0.000000
0.306233,0.001000,0.001000,0.000000,0.000000
0.326273,0.001000,0.001000,0.000000,0.000000
0.429660,0.001000,0.001000,0.000000,0.000000
0.539133,0.001000,0.001000,0.000000,0.000000
0.633064,0.001000,0.001000,0.000000,0.000000
0.744163,0.001000,0.001000,0.000000,0.000000
0.839662,0.001000,0.001000,0.000000,0.000000
0.932330,0.001000,0.001000,0.000000,0.000000
1.039530,0.001000,0.001000,0.000000,0.000000
1.138115,0.001000,0.001000,0.000000,0.000000
1.224175,0.001000,0.001000,0.000000,0.000000
1.337307,0.001000,0.001000,0.000000,0.000000
1.428744,0.001000,0.001000,0.000000,0.000000
1.540343,0.001000,0.001000,0.000000,0.000000
1.629525,0.001000,0.001000,0.000000,0.000000
1.735482,0.001000,0.001000,0.000000,0.000000
1.825286,0.001000,0.001000,0.000000,0.000000
1.931690,0.001000,0.001000,0.000000,0.000000
2.024549,0.001000,0.001000,0.000000,0.000000
2.127740,0.001000,0.001000,0.000000,0.000000
2.230629,0.001000,0.001000,0.000000,0.000000
2.332703,0.001000,0.001000,0.000000,0.000000
2.436160,0.001000,0.001000,0.000000,0.000000
2.540447,0.001000,0.001000,0.000000,0.000000
2.628607,0.601000,0.601000,0.000000,0.000000
2.732552,1.201000,1.201000,0.013318,0.000000
2.825996,1.801000,1.801000,0.053711,0.000000
2.931236,2.401000,2.401000,0.112519,0.000000
3.032898,3.001000,3.001000,0.204037,0.000000
3.139011,3.601000,3.601000,0.316754,0.000000
3.225430,4.201000,4.201000,0.459878,0.000000
3.332452,4.801000,4.801000,0.597120,0.000000
3.444882,5.401000,5.401000,0.792784,0.000000
3.529542,6.000999,5.135301,0.986652,0.000000
3.632119,6.600999,5.422930,1.141941,0.000000
3.735862,7.200999,5.166759,1.319371,0.000000
3.838685,7.800999,5.440371,1.510519,0.000000
3.923912,8.400999,5.205900,1.690226,0.000000
4.025750,9.000999,5.456614,1.847647,0.000000
4.127827,9.601000,5.241740,2.027126,0.000000
4.234911,10.201000,5.471807,2.216336,0.000000
4.338297,10.801001,5.283698,2.406467,0.000000
4.423834,11.401001,5.488227,2.599518,0.000000
4.530565,12.001001,5.327052,2.751869,0.000000
4.634012,12.601002,5.499196,2.951728,0.000000
4.734258,13.201002,5.370996,3.137782,0.000000
4.838562,13.801003,5.516543,3.324596,0.000000
4.922793,14.401003,5.412550,3.514555,0.000000
5.028980,15.001003,5.535610,3.672280,0.000000
5.133754,15.601004,5.449028,3.867390,0.000000
5.238207,16.201004,5.556431,4.063635,0.000000
5.339616,16.801004,5.491100,4.256682,0.000000
5.422141,17.401005,5.578631,4.447717,0.000000
5.530006,18.001005,5.531286,4.601367,0.000000
5.637493,18.601006,5.596493,4.805224,0.000000
5.740792,19.201006,5.571546,5.006579,0.000000
5.824757,19.801006,5.624489,5.202531,0.000000
5.934967,20.000000,5.609745,5.360967,0.000000
6.022765,20.000000,5.647178,5.571098,0.000000
6.126776,20.000000,5.648507,5.736932,0.000000
6.235433,20.000000,5.673557,5.935423,0.000000
6.341842,20.000000,5.683987,6.142981,0.000000
6.425718,20.000000,5.708249,6.347002,0.000000
6.528641,20.000000,5.720690,6.507959,0.000000
6.634769,20.000000,5.736182,6.706948,0.000000
6.736969,20.000000,5.755398,6.910662,0.000000
6.823633,20.000000,5.772541,7.108169,0.000000
6.929685,20.000000,5.790563,7.277445,0.000000
7.021972,20.000000,5.803507,7.482638,0.000000
7.124305,20.000000,5.826467,7.662076,0.000000
7.236873,20.000000,5.837518,7.862849,0.000000
7.321894,20.000000,5.861579,8.081669,0.000000
7.428408,20.000000,5.878641,8.248254,0.000000
7.529305,20.000000,5.892793,8.457490,0.000000
7.629063,20.000000,5.916352,8.656765,0.000000
7.730447,20.000000,5.931301,8.853763,0.000000
7.832972,20.000000,5.952614,9.053607,0.000000
7.932694,20.000000,5.969810,9.257002,0.000000
8.035386,20.000000,5.990889,9.454996,0.000000
8.124102,20.000000,6.008403,9.659444,0.000000
8.226854,20.000000,6.029838,9.836531,0.000000
8.330767,20.000000,6.044023,10.041740,0.000000
8.438668,20.000000,6.068390,10.251102,0.000000
8.522862,20.000000,6.086357,10.466653,0.000000
8.630324,20.000000,6.110191,10.636005,0.000000
8.733053,20.000000,6.122238,10.852991,0.000000
8.840595,20.000000,6.150888,11.060291,0.000000
8.931404,20.000000,6.166551,11.278182,0.000000
9.040520,20.000000,6.193269,11.463157,0.000000
9.131259,20.000000,6.206978,11.685856,0.000000
9.238975,20.000000,6.236281,11.869089,0.000000
9.322645,20.000000,6.248472,12.088912,0.000000
9.431165,20.000000,6.278701,12.260503,0.000000
9.532780,20.000000,6.288784,12.482584,0.000000
9.634647,20.000000,6.321177,12.691574,0.000000
9.741672,20.000000,6.336992,12.900865,0.000000
9.828197,20.000000,6.363841,13.121902,0.000000
9.933924,20.000000,6.385971,13.301241,0.000000
10.040850,20.000000,6.403953,13.519639,0.000000
10.123673,20.000000,6.431731,13.741686,0.000000
10.226088,20.000000,6.454348,13.913725,0.000000
10.333238,20.000000,6.471439,14.127019,0.000000
10.436620,20.000000,6.499558,14.350887,0.000000
10.526220,20.000000,6.523192,14.567126,0.000000
10.624089,20.000000,6.548445,14.755100,0.000000
10.727141,20.000000,6.567862,14.960229,0.000000
10.827701,20.000000,6.594093,15.177548,0.000000
10.926565,20.000000,6.618865,15.389101,0.000000
11.026570,20.000000,6.643720,15.597749,0.000000
11.126965,20.000000,6.668282,15.809593,0.000000
11.236220,20.000000,6.693893,16.022665,0.000000
11.337589,20.000000,6.719445,16.255147,0.000000
11.422793,20.000000,6.748979,16.470787,0.000000
11.530783,20.000000,6.773521,16.652171,0.000000
11.637959,20.000000,6.794600,16.884067,0.000000
11.724043,20.000000,6.827351,17.112493,0.000000
11.827698,20.000000,6.853624,17.297491,0.000000
11.928431,20.000000,6.875338,17.520051,0.000000
12.037340,20.000000,6.906871,17.737122,0.000000
12.123760,20.000000,6.932664,17.973358,0.000000
12.226891,20.000000,6.965412,18.159148,0.000000
12.329672,20.000000,6.985266,18.382280,0.000000
12.432922,20.000000,7.019033,18.605768,0.000000
12.540155,20.000000,7.046438,18.831164,0.000000
12.627341,20.000000,7.077655,19.065693,0.000000
12.734997,20.000000,7.109240,19.254257,0.000000
12.837185,20.000000,7.131935,19.489635,0.000000
12.923855,20.000000,7.168352,19.714002,0.000000
13.023944,20.000000,7.196702,19.904360,0.000000
13.126169,20.000000,7.222244,20.124962,0.000000
13.229599,20.000000,7.255422,20.349944,0.000000
13.333961,20.000000,7.286507,20.578883,0.000000
13.421200,20.000000,7.319705,20.809990,0.000000
13.527974,20.000000,7.352859,21.003353,0.000000
13.632883,20.000000,7.378706,21.240662,0.000000
13.733445,20.000000,7.416951,21.474984,0.000000
13.832797,20.000000,7.449961,21.699148,0.000000
13.933959,20.000000,7.483417,21.921394,0.000000
14.021076,20.000000,7.516713,22.148422,0.000000
14.134548,20.000000,7.551490,22.356912,0.000000
14.238283,20.000000,7.582223,22.599540,0.000000
14.326997,20.000000,7.622087,22.833884,0.000000
14.434965,20.000000,7.657301,23.034336,0.000000
14.520576,20.000000,7.687438,23.279050,0.000000
14.628882,20.000000,7.729258,23.473603,0.000000
14.730709,20.000000,7.756653,23.720526,0.000000
14.837094,20.000000,7.800738,23.952564,0.000000
14.939300,0.001000,0.001000,23.862988,0.000000
15.024196,0.001000,0.001000,23.777233,0.000000
15.128017,0.001000,0.001000,23.706257,0.000000
15.232156,0.001000,0.001000,23.619778,0.000000
15.335857,0.001000,0.001000,23.533551,0.000000
15.438880,0.001000,0.001000,23.447987,0.000000
15.526788,0.001000,0.001000,23.363411,0.000000
15.631281,0.001000,0.001000,23.291527,0.000000
15.739291,0.001000,0.001000,23.206369,0.000000
15.829955,0.001000,0.001000,23.118747,0.000000
16.854427,0.001000,0.000000,23.045395,0.000000
17.876433,0.001000,0.000000,22.220552,0.000000
18.327887,0.001000,0.000000,21.432148,0.000000
**Microcontroller Awake! Current Speed: 23.005833 MPH **
18.431749,0.001000,0.000000,21.097861,23.005833
18.449392,0.001000,0.001000,21.022292,23.005833
18.535361,0.001000,0.001000,21.009284,23.005833
18.620649,0.001000,0.001000,20.946862,23.005833
18.725846,0.001000,0.001000,20.885693,23.005833
18.825817,0.001000,0.001000,20.809974,23.005833
18.927919,0.001000,0.001000,20.738341,23.005833
19.034171,0.001000,0.001000,20.665327,23.005833
19.120918,0.001000,0.001000,20.589801,23.005833
19.226259,0.001000,0.001000,20.528346,23.005833
19.330769,0.001000,0.001000,20.453570,23.005833
19.416447,0.001000,0.001000,20.380471,23.005833
19.526873,0.001000,0.001000,20.320396,23.005833
19.625216,0.001000,0.001000,20.243167,23.005833
19.727188,0.001000,0.001000,20.174763,23.005833
19.831283,0.001000,0.001000,20.104111,23.005833
19.935979,0.001000,0.001000,20.032195,23.005833
20.021137,0.001000,0.001000,19.960086,23.005833
20.123289,0.001000,0.001000,19.901743,23.005833
20.229415,0.001000,0.001000,19.831944,23.005833
20.316488,0.001000,0.001000,19.759412,23.005833
20.421857,0.001000,0.001000,19.700513,23.005833
20.523640,0.001000,0.001000,19.629222,23.005833
20.629364,0.001000,0.001000,19.560654,23.005833
20.733331,0.001000,0.001000,19.489507,23.005833
20.820077,0.001000,0.001000,19.420077,23.005833
20.923127,0.001000,0.001000,19.362266,23.005833
21.022148,0.001000,0.001000,19.293724,23.005833
21.123787,0.001000,0.001000,19.228110,23.005833
21.228776,0.001000,0.001000,19.161090,23.005833
21.335190,0.001000,0.001000,19.091967,23.005833
21.429702,0.001000,0.001000,19.022273,23.005833
21.517635,0.001000,0.001000,18.960497,23.005833
21.622198,0.001000,0.001000,18.903326,23.005833
21.726647,0.001000,0.001000,18.835442,23.005833
21.832293,0.001000,0.001000,18.767901,23.005833
21.916518,0.001000,0.001000,18.699905,23.005833
22.019709,0.001000,0.001000,18.645751,23.005833
22.120479,0.001000,0.001000,18.579546,23.005833
22.225845,0.001000,0.001000,18.513627,23.005833
22.333429,0.001000,0.001000,18.448298,23.005833
22.417156,0.001000,0.001000,18.380229,23.005833
22.516907,0.001000,0.001000,18.327281,23.005833
22.621777,0.001000,0.001000,18.264587,23.005833
22.725777,0.001000,0.001000,18.198755,23.005833
22.828993,0.001000,0.001000,18.133691,23.005833
22.918460,0.001000,0.001000,18.069169,23.005833
23.021384,0.001000,0.001000,18.013710,23.005833
23.123773,0.001000,0.001000,17.949979,23.005833
23.216009,0.001000,0.001000,17.886499,23.005833
23.321575,0.001000,0.001000,17.830012,23.005833
23.428199,0.001000,0.001000,17.765285,23.005833
23.519131,0.001000,0.001000,17.700047,23.005833
23.626174,0.001000,0.001000,17.644419,23.005833
23.734793,0.001000,0.001000,17.579564,23.005833
23.829766,0.001000,0.001000,17.513784,23.005833
23.929586,0.001000,0.001000,17.456177,23.005833
24.029799,0.001000,0.001000,17.396235,23.005833
24.134331,0.001000,0.001000,17.335983,23.005833
24.229709,0.001000,0.001000,17.273740,23.005833
24.331727,0.001000,0.001000,17.216804,23.005833
24.416955,0.001000,0.001000,17.155967,23.005833
24.519845,0.001000,0.001000,17.105798,23.005833
24.625313,0.001000,0.001000,17.044844,23.005833
24.731603,0.001000,0.001000,16.982862,23.005833
24.817397,0.001000,0.001000,16.920448,23.005833
24.920542,0.001000,0.001000,16.870267,23.005833
