Time(s),Torque Output 1,Torque Output 2,Steering Angle (Binary),0.003620,0.000000,0.000000,3092.000000,
0.023652,0.000000,0.000000,3092.000000,
0.048813,0.000000,0.000000,3092.000000,
0.055950,0.000000,0.000000,3092.000000,
0.120223,0.000000,0.000000,3092.000000,
0.127088,0.000000,0.000000,3092.000000,
0.170614,0.000000,0.000000,3092.000000,
0.184257,0.000000,0.000000,3092.000000,
0.196977,0.000000,0.000000,3092.000000,
0.215001,0.000000,0.000000,3092.000000,
0.222096,0.000000,0.000000,3092.000000,
0.244169,0.000000,0.000000,3092.000000,
0.296387,0.000000,0.000000,3092.000000,
0.398056,0.000000,0.000000,3092.000000,
0.496458,0.000000,0.000000,3092.000000,
0.589608,0.000000,0.000000,3092.000000,
0.699440,0.000000,0.000000,3092.000000,
0.789912,0.000000,0.000000,3092.000000,
0.903780,0.000000,0.000000,3092.000000,
0.991769,0.000000,0.000000,3092.000000,
1.100010,0.000000,0.000000,3092.000000,
1.191290,0.000000,0.000000,3092.000000,
1.292750,0.000000,0.000000,3092.000000,
1.387771,0.000000,0.000000,3092.000000,
1.511933,0.000000,0.000000,3092.000000,
1.595827,0.000000,0.000000,3092.000000,
1.707228,0.000000,0.000000,3092.000000,
1.795539,0.000000,0.000000,3092.000000,
1.907434,0.000000,0.000000,3092.000000,
1.995341,0.000000,0.000000,3092.000000,
2.087335,0.000000,0.000000,3092.000000,
2.206848,0.000000,0.000000,3092.000000,
2.295401,0.000000,0.000000,3092.000000,
2.406167,0.000000,0.000000,3092.000000,
2.493249,0.000000,0.000000,3092.000000,
2.604847,0.000000,0.000000,3092.000000,
2.690378,0.000000,0.000000,3092.000000,
2.797290,0.000000,0.000000,3092.000000,
2.906109,0.000000,0.000000,3092.000000,
2.994560,0.000000,0.000000,3092.000000,
3.105231,0.000000,0.000000,3092.000000,
3.202525,0.000000,0.000000,3092.000000,
3.294821,0.000000,0.000000,3092.000000,
3.407451,0.000000,0.000000,3092.000000,
3.488377,0.000000,0.000000,3092.000000,
3.606684,0.000000,0.000000,3092.000000,
3.693801,0.000000,0.000000,3092.000000,
3.788712,0.000000,0.000000,3092.000000,
3.887724,0.000000,0.000000,3092.000000,
4.002012,0.000000,0.000000,3092.000000,
4.091632,0.000000,0.000000,3092.000000,
4.202058,0.000000,0.000000,3092.000000,
4.292393,0.000000,0.000000,3092.000000,
4.404225,0.000000,0.000000,3092.000000,
4.495675,0.500000,0.355890,3092.000000,
4.590599,1.000000,0.711781,3092.000000,
4.703382,1.500000,1.067671,3092.000000,
4.795921,2.000000,1.423561,3092.000000,
4.889683,2.500000,1.779451,3092.000000,
5.003993,3.000000,2.135342,3092.000000,
5.095750,3.500000,2.491232,3092.000000,
5.206907,4.000000,2.847122,3092.000000,
5.295535,4.500000,3.203012,3092.000000,
5.397101,5.000000,3.558903,3092.000000,
5.492831,5.500000,3.914793,3092.000000,
5.603276,6.000000,4.270683,3092.000000,
5.707291,6.500000,4.626574,3092.000000,
5.806174,7.000000,4.982464,3092.000000,
5.894630,7.500000,5.338354,3092.000000,
6.003497,8.000000,5.694244,3092.000000,
6.103557,8.500000,6.050135,3092.000000,
6.191180,9.000000,6.406025,3092.000000,
6.302998,9.500000,6.761915,3092.000000,
6.393614,10.000000,7.117805,3092.000000,
6.495778,10.500000,7.473696,3092.000000,
6.607037,11.000000,7.829586,3092.000000,
6.691474,11.500000,8.185476,3092.000000,
6.801346,12.000000,8.541367,3092.000000,
6.894406,12.500000,8.897257,3092.000000,
7.005754,13.000000,9.253147,3092.000000,
7.094641,13.500000,9.609037,3092.000000,
7.205709,14.000000,9.964928,3092.000000,
7.293431,14.500000,10.320818,3092.000000,
7.406755,15.000000,10.676708,3092.000000,
7.495248,15.500000,11.032598,3092.000000,
7.591305,16.000000,11.388489,3092.000000,
7.703819,0.000000,0.000000,3092.000000,
7.789126,0.000000,0.000000,3092.000000,
7.901992,0.000000,0.000000,3092.000000,
7.995419,0.000000,0.000000,3092.000000,
8.093150,0.000000,0.000000,3092.000000,
8.204336,0.000000,0.000000,3092.000000,
8.289647,0.000000,0.000000,3092.000000,
8.403611,0.000000,0.000000,3092.000000,
8.492009,0.000000,0.000000,3092.000000,
8.605458,0.000000,0.000000,3092.000000,
8.691906,0.000000,0.000000,3092.000000,
8.803776,0.000000,0.000000,3092.000000,
8.892340,0.000000,0.000000,3092.000000,
9.004030,0.000000,0.000000,3092.000000,
9.092569,0.000000,0.000000,3092.000000,
9.204056,0.000000,0.000000,3092.000000,
9.292676,0.000000,0.000000,3092.000000,
9.405148,0.000000,0.000000,3092.000000,
9.495370,0.000000,0.000000,3092.000000,
9.607087,0.000000,0.000000,3092.000000,
9.691792,0.000000,0.000000,3092.000000,
9.804535,0.000000,0.000000,3092.000000,
9.891860,0.000000,0.000000,3092.000000,
10.004593,0.000000,0.000000,3092.000000,
10.096171,0.000000,0.000000,3092.000000,
10.189665,0.000000,0.000000,3092.000000,
10.304719,0.000000,0.000000,3092.000000,
10.395576,0.500000,0.355890,3092.000000,
10.532786,1.000000,0.711781,3092.000000,
10.602223,1.500000,1.067671,3092.000000,
10.698162,2.000000,1.423561,3092.000000,
10.790384,2.500000,1.779451,3092.000000,
10.905048,3.000000,2.135342,3092.000000,
11.007446,3.500000,2.491232,3092.000000,
11.099949,4.000000,2.847122,3092.000000,
11.191964,4.500000,3.203012,3092.000000,
11.303667,5.000000,3.558903,3092.000000,
11.406868,5.500000,3.914793,3092.000000,
11.495343,6.000000,4.270683,3092.000000,
11.607116,6.500000,4.626574,3092.000000,
11.694773,7.000000,4.982464,3092.000000,
11.806043,7.500000,5.338354,3092.000000,
11.897716,8.000000,5.694244,3092.000000,
11.989507,8.500000,6.050135,3092.000000,
12.103648,9.000000,6.406025,3092.000000,
12.207247,9.500000,6.761915,3092.000000,
12.294915,10.000000,7.121143,3093.000000,
12.411951,10.500000,7.515713,3104.000000,
12.493605,11.000000,7.917443,3116.000000,
12.608720,11.500000,8.269693,3114.000000,
12.688677,12.000000,8.641182,3117.000000,
12.803881,12.500000,9.009516,3119.000000,
12.891255,13.000000,9.369897,3119.000000,
13.002147,13.500000,9.734745,3120.000000,
13.095751,14.000000,10.109203,3123.000000,
13.205264,14.500000,10.470246,3123.000000,
13.293934,15.000000,10.831289,3123.000000,
13.405372,15.500000,11.192332,3123.000000,
13.494666,16.000000,11.574524,3127.000000,
13.588664,16.500000,11.963450,3132.000000,
13.692045,17.000000,12.409895,3147.000000,
13.803778,17.500000,12.917919,3172.000000,
13.896279,18.000000,13.368902,3186.000000,
14.006975,18.500000,13.740261,3186.000000,
14.095926,19.000000,14.111619,3186.000000,
14.187897,19.500000,14.482977,3186.000000,
14.295569,20.000000,14.854336,3186.000000,
14.405441,20.500000,15.225695,3186.000000,
14.495630,21.000000,15.597053,3186.000000,
14.606322,21.500000,15.940505,3182.000000,
14.695991,22.000000,16.311214,3182.000000,
14.805802,22.500000,16.681923,3182.000000,
14.893825,23.000000,17.052633,3182.000000,
15.004910,23.500000,17.277960,3163.000000,
15.095170,24.000000,17.464645,3140.000000,
15.206801,24.500000,17.828491,3140.000000,
15.293538,25.000000,18.192339,3140.000000,
15.405962,25.000000,18.192339,3140.000000,
15.493738,25.000000,18.192339,3140.000000,
15.603988,25.000000,18.192339,3140.000000,
15.697744,25.000000,18.109941,3130.000000,
15.789513,25.000000,18.101692,3129.000000,
15.902357,25.000000,18.101692,3129.000000,
15.994291,25.000000,18.101692,3129.000000,
16.107294,25.000000,18.101692,3129.000000,
16.195709,25.000000,18.101692,3129.000000,
16.306630,25.000000,18.019032,3119.000000,
16.389618,25.000000,18.035603,3121.000000,
16.501107,25.000000,18.200565,3141.000000,
16.596019,25.000000,18.559814,3185.000000,
16.693284,25.000000,18.993998,3239.000000,
16.805046,25.000000,19.546175,3309.000000,
16.894331,25.000000,19.786953,3340.000000,
17.004109,25.000000,20.170689,3390.000000,
17.092597,25.000000,20.451046,3427.000000,
17.202363,25.000000,20.683622,3458.000000,
17.294154,25.000000,21.127844,3518.000000,
17.406488,25.000000,21.069050,3510.000000,
17.508472,25.000000,21.069050,3510.000000,
17.590962,25.000000,21.069050,3510.000000,
17.703730,25.000000,21.046997,3507.000000,
17.794176,25.000000,20.988010,3499.000000,
17.906981,25.000000,20.988010,3499.000000,
17.993227,25.000000,21.339870,3547.000000,
18.104104,25.000000,21.951412,3632.000000,
18.198742,25.000000,22.852755,3761.000000,
18.289333,25.000000,23.663879,3881.000000,
18.403438,25.000000,24.411535,3995.000000,
18.495272,25.000000,24.688005,4038.000000,
18.607593,25.000000,24.579048,4021.000000,
18.696686,25.000000,24.579048,4021.000000,
18.789713,25.000000,24.579048,4021.000000,
18.906186,25.000000,24.527622,4013.000000,
18.996573,25.000000,24.591875,4023.000000,
19.107040,25.000000,24.585485,4022.000000,
19.196546,25.000000,24.643208,4031.000000,
19.306882,24.760500,25.000000,30.000000,
19.407406,23.962250,25.000000,133.000000,
19.505909,22.939249,25.000000,265.000000,
19.593622,22.125500,25.000000,370.000000,
19.690610,21.993750,25.000000,387.000000,
19.803532,22.016998,25.000000,384.000000,
19.892375,21.924000,25.000000,396.000000,
19.990988,21.916250,25.000000,397.000000,
20.102820,21.916250,25.000000,397.000000,
20.196121,21.916250,25.000000,397.000000,
20.296144,21.714750,25.000000,423.000000,
20.395247,20.528999,25.000000,576.000000,
20.496403,19.653248,25.000000,689.000000,
20.595551,18.769751,25.000000,803.000000,
20.696347,17.932749,25.000000,911.000000,
20.791953,17.281750,25.000000,995.000000,
20.895559,16.909748,25.000000,1043.000000,
20.994191,16.909748,25.000000,1043.000000,
21.109535,16.909748,25.000000,1043.000000,
21.192183,16.909748,25.000000,1043.000000,
21.292070,16.894249,25.000000,1045.000000,
21.389713,16.902000,25.000000,1044.000000,
21.501072,16.894249,25.000000,1045.000000,
21.592824,16.359499,25.000000,1114.000000,
21.691090,15.871249,25.000000,1177.000000,
21.802862,15.235749,25.000000,1259.000000,
21.890082,14.786249,25.000000,1317.000000,
22.003084,14.476249,25.000000,1357.000000,
22.091281,14.266999,25.000000,1384.000000,
22.205310,14.282499,25.000000,1382.000000,
22.290356,15.243499,25.000000,1258.000000,
22.402293,16.282000,25.000000,1124.000000,
22.489409,17.126749,25.000000,1015.000000,
22.601602,17.677000,25.000000,944.000000,
22.697931,18.320250,25.000000,861.000000,
22.796724,18.738750,25.000000,807.000000,
22.891123,18.986750,25.000000,775.000000,
23.004707,18.986750,25.000000,775.000000,
23.096112,18.986750,25.000000,775.000000,
23.190014,18.917000,25.000000,784.000000,
23.301239,18.452000,25.000000,844.000000,
23.390150,18.017998,25.000000,900.000000,
23.500645,17.506500,25.000000,966.000000,
23.592749,17.165501,25.000000,1010.000000,
23.691560,16.816750,25.000000,1055.000000,
23.804706,16.529999,25.000000,1092.000000,
23.900869,16.336250,25.000000,1117.000000,
23.995372,17.467749,25.000000,971.000000,
24.096648,18.320250,25.000000,861.000000,
24.191961,18.893749,25.000000,787.000000,
24.293416,18.715500,25.000000,810.000000,
24.391425,18.761999,25.000000,804.000000,
24.503155,18.761999,25.000000,804.000000,
24.605240,18.761999,25.000000,804.000000,
24.697583,0.000000,0.000000,804.000000,
24.794925,0.000000,0.000000,804.000000,
24.897726,0.000000,0.000000,804.000000,
25.003441,0.000000,0.000000,804.000000,
25.096683,0.000000,0.000000,804.000000,
25.198927,0.000000,0.000000,804.000000,
25.290896,0.000000,0.000000,804.000000,
25.391296,0.000000,0.000000,804.000000,
25.502921,0.000000,0.000000,804.000000,
25.605829,0.000000,0.000000,804.000000,
25.699974,0.000000,0.000000,804.000000,
25.794867,0.000000,0.000000,804.000000,
25.906067,0.000000,0.000000,804.000000,
25.998607,0.000000,0.000000,804.000000,
26.089362,0.000000,0.000000,804.000000,
26.199046,0.000000,0.000000,804.000000,
26.296381,0.000000,0.000000,804.000000,
26.398085,0.000000,0.000000,804.000000,
26.489504,0.000000,0.000000,804.000000,
26.590673,0.000000,0.000000,804.000000,
26.706310,0.000000,0.000000,804.000000,
26.799296,0.000000,0.000000,804.000000,
26.908468,0.000000,0.000000,804.000000,
26.996992,0.000000,0.000000,804.000000,
27.090076,0.000000,0.000000,804.000000,
27.203026,0.000000,0.000000,804.000000,
27.295326,0.000000,0.000000,804.000000,
27.406122,0.000000,0.000000,804.000000,
27.499249,0.000000,0.000000,804.000000,
27.591542,0.000000,0.000000,804.000000,
27.706450,0.000000,0.000000,804.000000,
27.797798,0.000000,0.000000,804.000000,
27.909328,0.000000,0.000000,804.000000,
27.998089,0.000000,0.000000,804.000000,
28.091200,0.000000,0.000000,804.000000,
28.202761,0.000000,0.000000,804.000000,
28.295515,0.000000,0.000000,804.000000,
28.406881,0.000000,0.000000,804.000000,
28.497967,0.000000,0.000000,804.000000,
28.597118,0.000000,0.000000,804.000000,
28.689302,0.000000,0.000000,804.000000,
28.802104,0.000000,0.000000,804.000000,
28.894429,0.000000,0.000000,804.000000,
29.005215,0.000000,0.000000,804.000000,
29.099474,0.000000,0.000000,804.000000,
29.192971,0.000000,0.000000,804.000000,
29.307723,0.000000,0.000000,804.000000,
29.398318,0.000000,0.000000,804.000000,
29.509556,0.000000,0.000000,804.000000,
29.601004,0.000000,0.000000,804.000000,
29.690965,0.000000,0.000000,804.000000,
29.803045,0.000000,0.000000,804.000000,
29.894704,0.000000,0.000000,804.000000,
30.009852,0.000000,0.000000,804.000000,
30.103277,0.000000,0.000000,804.000000,
30.193902,0.000000,0.000000,804.000000,
30.305159,0.000000,0.000000,804.000000,
30.397421,0.000000,0.000000,804.000000,
30.507083,0.000000,0.000000,804.000000,
30.597974,0.000000,0.000000,804.000000,
30.688775,0.000000,0.000000,804.000000,
30.801625,0.000000,0.000000,804.000000,
30.893262,0.000000,0.000000,804.000000,
31.004962,0.000000,0.000000,804.000000,
31.096450,0.000000,0.000000,804.000000,
31.205861,0.000000,0.000000,804.000000,
31.296317,0.000000,0.000000,804.000000,
31.389310,0.000000,0.000000,804.000000,
31.500580,0.000000,0.000000,804.000000,
31.597636,0.000000,0.000000,804.000000,
31.693199,0.000000,0.000000,804.000000,
31.804447,0.000000,0.000000,804.000000,
31.899042,0.000000,0.000000,804.000000,
31.989624,0.000000,0.000000,804.000000,
32.095627,0.000000,0.000000,804.000000,
32.205705,0.000000,0.000000,804.000000,
32.297254,0.000000,0.000000,804.000000,
32.406845,0.000000,0.000000,804.000000,
32.498300,0.000000,0.000000,804.000000,
32.609834,0.000000,0.000000,804.000000,
32.701209,0.000000,0.000000,804.000000,
32.795111,0.000000,0.000000,804.000000,
32.892418,0.000000,0.000000,804.000000,
33.005009,0.000000,0.000000,804.000000,
33.095328,0.000000,0.000000,804.000000,
33.197716,0.000000,0.000000,804.000000,
33.289251,0.000000,0.000000,804.000000,
33.405678,0.000000,0.000000,804.000000,
33.496353,0.000000,0.000000,804.000000,
33.589204,0.000000,0.000000,804.000000,
33.708953,0.000000,0.000000,804.000000,
33.807877,0.000000,0.000000,804.000000,
33.899533,0.000000,0.000000,804.000000,
33.994485,0.000000,0.000000,804.000000,
34.099146,0.000000,0.000000,804.000000,
34.193015,0.000000,0.000000,804.000000,
34.304838,0.000000,0.000000,804.000000,
34.397717,0.000000,0.000000,804.000000,
34.507786,0.000000,0.000000,804.000000,
34.597289,0.000000,0.000000,804.000000,
34.689147,0.000000,0.000000,804.000000,
34.800925,0.000000,0.000000,804.000000,
34.908314,0.000000,0.000000,804.000000,
35.001145,0.000000,0.000000,804.000000,
35.093584,0.000000,0.000000,804.000000,
35.199604,0.000000,0.000000,804.000000,
35.290815,0.000000,0.000000,804.000000,
35.402380,0.000000,0.000000,804.000000,
35.491867,0.000000,0.000000,804.000000,
35.604070,0.000000,0.000000,804.000000,
35.696490,0.000000,0.000000,804.000000,
35.807346,0.000000,0.000000,804.000000,
35.901346,0.000000,0.000000,804.000000,
35.995532,0.000000,0.000000,804.000000,
36.090685,0.000000,0.000000,804.000000,
36.204809,0.000000,0.000000,804.000000,
36.296119,0.000000,0.000000,804.000000,
36.407537,0.000000,0.000000,804.000000,
36.495755,0.000000,0.000000,804.000000,
36.588735,0.000000,0.000000,804.000000,
36.702930,0.000000,0.000000,804.000000,
36.793904,0.000000,0.000000,804.000000,
36.891972,0.000000,0.000000,804.000000,
37.002066,0.000000,0.000000,804.000000,
37.094504,0.000000,0.000000,804.000000,
37.209564,0.000000,0.000000,804.000000,
37.297584,0.000000,0.000000,804.000000,
37.407663,0.000000,0.000000,804.000000,
37.496047,0.000000,0.000000,804.000000,
37.594050,0.000000,0.000000,804.000000,
37.706896,0.000000,0.000000,804.000000,
37.799254,0.000000,0.000000,804.000000,
37.891126,0.000000,0.000000,804.000000,
38.007601,0.000000,0.000000,804.000000,
38.098689,0.000000,0.000000,804.000000,
38.189802,0.000000,0.000000,804.000000,
38.300996,0.000000,0.000000,804.000000,
38.396766,0.000000,0.000000,804.000000,
38.506846,0.000000,0.000000,804.000000,
38.599805,0.000000,0.000000,804.000000,
38.691201,0.000000,0.000000,804.000000,
38.803478,0.000000,0.000000,804.000000,
38.894694,0.000000,0.000000,804.000000,
38.987423,0.000000,0.000000,804.000000,
39.097932,0.000000,0.000000,804.000000,
39.197194,0.000000,0.000000,804.000000,
39.305162,0.000000,0.000000,804.000000,
39.398539,0.000000,0.000000,804.000000,
39.488529,0.000000,0.000000,804.000000,
39.602691,0.000000,0.000000,804.000000,
39.693911,0.000000,0.000000,804.000000,
39.805919,0.000000,0.000000,804.000000,
39.898249,0.000000,0.000000,804.000000,
39.992625,0.000000,0.000000,804.000000,
40.103901,0.000000,0.000000,804.000000,
40.194819,0.000000,0.000000,804.000000,
40.307878,0.000000,0.000000,804.000000,
40.399114,0.000000,0.000000,804.000000,
40.490353,0.000000,0.000000,804.000000,
40.591465,0.000000,0.000000,804.000000,
