Time(s),Input_Data1,Input_Data2,Input_Data3,Input_Data4,Input_Data5,Input_Data6
0.019926,0.000000,0.000000,2905.000000,
0.034085,0.000000,0.000000,2905.000000,
0.055925,0.000000,0.000000,2905.000000,
0.086845,0.000000,0.000000,2905.000000,
0.105477,0.000000,0.000000,2905.000000,
0.111737,0.000000,0.000000,2905.000000,
0.116926,0.000000,0.000000,2905.000000,
0.123164,0.000000,0.000000,2905.000000,
0.137799,0.000000,0.000000,2905.000000,
0.142268,0.000000,0.000000,2905.000000,
0.147729,0.000000,0.000000,2905.000000,
0.152064,0.000000,0.000000,2905.000000,
0.212429,0.000000,0.000000,2905.000000,
0.308415,0.000000,0.000000,2905.000000,
0.425752,0.000000,0.000000,2905.000000,
0.520786,0.000000,0.000000,2905.000000,
0.619198,0.000000,0.000000,2905.000000,
0.715634,0.000000,0.000000,2905.000000,
0.812766,0.000000,0.000000,2905.000000,
0.906083,0.000000,0.000000,2905.000000,
1.024220,0.000000,0.000000,2905.000000,
1.117863,0.000000,0.000000,2905.000000,
1.215471,0.000000,0.000000,2905.000000,
1.308438,0.000000,0.000000,2905.000000,
1.424499,0.000000,0.000000,2905.000000,
1.520346,0.000000,0.000000,2905.000000,
1.616851,0.000000,0.000000,2905.000000,
1.710664,0.000000,0.000000,2905.000000,
1.807659,0.000000,0.000000,2905.000000,
1.924736,0.000000,0.000000,2905.000000,
2.021234,0.000000,0.000000,2905.000000,
2.118304,0.000000,0.000000,2905.000000,
2.212734,0.000000,0.000000,2905.000000,
2.309245,0.000000,0.000000,2905.000000,
2.423882,0.000000,0.000000,2905.000000,
2.522322,0.000000,0.000000,2905.000000,
2.619887,0.000000,0.000000,2905.000000,
2.715170,0.000000,0.000000,2905.000000,
2.810046,0.000000,0.000000,2905.000000,
2.926395,0.000000,0.000000,2905.000000,
3.022760,0.000000,0.000000,2905.000000,
3.121411,0.000000,0.000000,2905.000000,
3.216197,0.000000,0.000000,2905.000000,
3.312340,0.000000,0.000000,2905.000000,
3.428011,0.000000,0.000000,2905.000000,
3.526272,0.000000,0.000000,2905.000000,
3.621693,0.000000,0.000000,2905.000000,
3.717205,0.000000,0.000000,2905.000000,
3.809964,0.000000,0.000000,2905.000000,
3.923486,0.000000,0.000000,2905.000000,
4.017093,0.000000,0.000000,2905.000000,
4.112929,0.000000,0.000000,2905.000000,
4.208294,0.000000,0.000000,2905.000000,
4.323312,0.000000,0.000000,2905.000000,
4.420465,0.000000,0.000000,2905.000000,
4.517326,0.000000,0.000000,2905.000000,
4.611973,0.000000,0.000000,2905.000000,
4.727499,0.000000,0.000000,2905.000000,
4.819478,0.000000,0.000000,2905.000000,
4.915395,0.000000,0.000000,2905.000000,
5.010217,0.000000,0.000000,2905.000000,
5.126399,0.000000,0.000000,2905.000000,
5.221758,0.000000,0.000000,2905.000000,
5.319857,0.000000,0.000000,2905.000000,
5.415341,0.000000,0.000000,2905.000000,
5.511738,0.000000,0.000000,2905.000000,
5.625595,0.000000,0.000000,2905.000000,
5.717817,0.000000,0.000000,2905.000000,
5.811382,0.000000,0.000000,2905.000000,
5.927263,0.000000,0.000000,2905.000000,
6.020795,0.000000,0.000000,2905.000000,
6.116880,0.500000,0.323668,2905.000000,
6.212708,1.000000,0.647337,2905.000000,
6.308314,1.500000,0.971005,2905.000000,
6.423163,2.000000,1.294674,2905.000000,
6.517544,2.500000,1.618342,2905.000000,
6.612799,3.000000,1.942011,2905.000000,
6.727587,3.500000,2.265679,2905.000000,
6.824142,4.000000,2.589348,2905.000000,
6.918616,4.500000,2.913016,2905.000000,
7.011169,5.000000,3.236685,2905.000000,
7.127159,5.500000,3.560353,2905.000000,
7.222677,6.000000,3.884022,2905.000000,
7.315451,6.500000,4.207690,2905.000000,
7.409825,7.000000,4.531359,2905.000000,
7.526939,7.500000,4.855027,2905.000000,
7.617644,8.000000,5.178696,2905.000000,
7.717896,8.500000,5.502364,2905.000000,
7.812251,9.000000,5.826033,2905.000000,
7.910615,9.500000,6.149701,2905.000000,
8.026030,10.000000,6.473370,2905.000000,
8.121981,10.500000,6.797038,2905.000000,
8.217729,11.000000,7.120707,2905.000000,
8.313111,11.500000,7.444375,2905.000000,
8.409957,12.000000,7.768044,2905.000000,
8.525956,12.500000,8.091712,2905.000000,
8.620315,13.000000,8.415380,2905.000000,
8.713929,13.500000,8.739049,2905.000000,
8.829817,14.000000,9.062717,2905.000000,
8.921620,14.500000,9.386386,2905.000000,
9.015387,15.000000,9.710054,2905.000000,
9.110881,15.500000,10.033723,2905.000000,
9.227223,16.000000,10.357391,2905.000000,
9.322864,0.000000,0.000000,2905.000000,
9.418482,0.000000,0.000000,2905.000000,
9.514812,0.500000,0.323668,2905.000000,
9.610906,1.000000,0.647337,2905.000000,
9.725193,1.500000,0.971005,2905.000000,
9.820445,2.000000,1.294674,2905.000000,
9.924681,2.500000,1.618342,2905.000000,
10.019974,3.000000,1.942011,2905.000000,
10.116000,3.500000,2.265679,2905.000000,
10.211177,4.000000,2.589348,2905.000000,
10.326083,4.500000,2.913016,2905.000000,
10.419383,5.000000,3.236685,2905.000000,
10.513723,5.500000,3.560353,2905.000000,
10.610165,6.000000,3.884022,2905.000000,
10.725014,6.500000,4.207690,2905.000000,
10.819668,7.000000,4.531359,2905.000000,
10.915197,7.500000,4.855027,2905.000000,
11.009466,8.000000,5.178696,2905.000000,
11.121068,8.500000,5.502364,2905.000000,
11.215989,9.000000,5.826033,2905.000000,
11.311047,9.500000,6.176691,2913.000000,
11.427027,10.000000,6.519489,2918.000000,
11.521971,10.500000,6.845464,2918.000000,
11.617542,11.000000,7.206434,2927.000000,
11.711325,11.500000,7.913434,3022.000000,
11.823336,12.000000,8.541367,3092.000000,
11.918839,12.500000,9.087944,3138.000000,
12.013452,13.000000,9.532518,3157.000000,
12.109177,13.500000,9.907986,3159.000000,
12.224747,14.000000,10.039562,3108.000000,
12.320125,14.500000,9.848389,2996.000000,
12.417620,15.000000,9.795156,2921.000000,
12.510224,15.500000,9.155764,2750.000000,
12.627191,16.000000,9.324417,2729.000000,
12.720265,16.500000,9.319708,2682.000000,
12.812941,17.000000,9.171277,2617.000000,
12.926520,17.500000,9.392588,2610.000000,
13.021519,18.000000,9.359304,2568.000000,
13.114535,18.500000,9.619286,2568.000000,
13.209536,19.000000,9.879266,2568.000000,
13.323766,19.500000,9.322835,2466.000000,
13.417260,20.000000,7.649670,2248.000000,
13.513128,20.500000,6.956025,2156.000000,
13.610324,21.000000,7.004610,2144.000000,
13.726129,21.500000,7.098741,2137.000000,
13.821308,22.000000,7.369927,2147.000000,
13.915729,22.500000,9.666896,2353.000000,
14.012974,23.000000,12.033009,2576.000000,
14.127358,23.500000,12.752033,2625.000000,
14.220975,24.000000,13.730942,2701.000000,
14.315223,24.500000,14.462808,2749.000000,
14.412843,25.000000,15.131044,2789.000000,
14.526618,25.000000,15.861392,2869.000000,
14.620858,25.000000,16.281033,2916.000000,
14.716336,25.000000,16.562866,2948.000000,
14.809749,25.000000,16.928219,2990.000000,
14.925450,25.000000,17.057442,3005.000000,
15.021431,25.000000,17.134666,3014.000000,
15.115260,25.000000,17.237282,3026.000000,
15.209793,25.000000,17.177486,3019.000000,
15.325311,25.000000,16.571640,2949.000000,
15.420527,25.000000,15.205002,2797.000000,
15.513568,25.000000,14.757967,2749.000000,
15.609580,25.000000,13.624954,2631.000000,
15.724750,25.000000,13.644576,2633.000000,
15.822828,25.000000,13.585663,2627.000000,
15.918595,25.000000,12.958789,2564.000000,
16.012349,25.000000,11.636257,2436.000000,
16.127170,25.000000,11.561942,2429.000000,
16.219146,25.000000,11.046481,2381.000000,
16.313825,25.000000,10.992217,2376.000000,
16.410215,25.000000,10.197533,2304.000000,
16.523145,25.000000,9.927106,2280.000000,
16.617407,25.000000,9.156847,2213.000000,
16.711490,25.000000,7.791007,2099.000000,
16.824329,25.000000,7.256460,2056.000000,
16.920321,9.461999,25.000000,2004.000000,
17.015588,9.508499,25.000000,1998.000000,
17.111469,25.000000,8.242273,2136.000000,
17.227048,25.000000,11.024785,2379.000000,
17.320232,25.000000,13.259196,2594.000000,
17.418812,25.000000,13.259196,2594.000000,
17.515104,25.000000,13.229322,2591.000000,
17.608202,25.000000,13.189411,2587.000000,
17.720034,25.000000,12.888193,2557.000000,
17.816627,25.000000,12.888193,2557.000000,
17.912391,25.000000,12.888193,2557.000000,
18.027017,25.000000,12.888193,2557.000000,
18.118497,25.000000,12.898278,2558.000000,
18.212972,25.000000,12.948704,2563.000000,
18.309673,25.000000,13.019156,2570.000000,
18.422966,25.000000,13.417983,2610.000000,
18.517265,25.000000,13.437772,2612.000000,
18.610706,25.000000,13.487172,2617.000000,
18.725808,25.000000,13.556147,2624.000000,
18.818266,25.000000,13.089395,2577.000000,
18.910692,25.000000,11.476731,2421.000000,
19.024824,25.000000,10.520554,2333.000000,
19.119565,25.000000,10.051405,2291.000000,
19.214180,25.000000,10.085201,2294.000000,
19.310696,25.000000,10.152650,2300.000000,
19.425328,25.000000,10.152650,2300.000000,
19.522556,25.000000,10.175109,2302.000000,
19.616108,25.000000,10.175109,2302.000000,
19.715498,25.000000,10.365105,2319.000000,
19.808050,25.000000,10.197533,2304.000000,
19.924408,25.000000,10.197533,2304.000000,
20.007557,25.000000,9.273279,2223.000000,
20.123189,9.384500,25.000000,2014.000000,
20.219517,9.554998,25.000000,1992.000000,
20.313154,9.717749,25.000000,1971.000000,
20.425696,9.771999,25.000000,1964.000000,
20.519016,9.826249,25.000000,1957.000000,
20.612652,9.833999,25.000000,1956.000000,
20.707615,9.648000,25.000000,1980.000000,
20.822792,9.314749,25.000000,2023.000000,
20.916977,9.268250,25.000000,2029.000000,
21.011713,9.330249,25.000000,2021.000000,
21.126192,9.337999,25.000000,2020.000000,
21.219754,9.337999,25.000000,2020.000000,
21.315042,9.337999,25.000000,2020.000000,
21.411060,9.337999,25.000000,2020.000000,
21.508980,9.337999,25.000000,2020.000000,
21.624671,9.539500,25.000000,1994.000000,
21.718638,9.911500,25.000000,1946.000000,
21.812545,10.035500,25.000000,1930.000000,
21.926795,10.205999,25.000000,1908.000000,
22.017148,10.577999,25.000000,1860.000000,
22.113095,11.166999,25.000000,1784.000000,
22.208512,11.376249,25.000000,1757.000000,
22.323863,11.376249,25.000000,1757.000000,
22.419433,11.376249,25.000000,1757.000000,
22.512935,11.593249,25.000000,1729.000000,
22.626657,12.065999,25.000000,1668.000000,
22.721965,12.065999,25.000000,1668.000000,
22.817409,11.872250,25.000000,1693.000000,
22.909870,11.872250,25.000000,1693.000000,
23.025354,11.872250,25.000000,1693.000000,
23.118022,11.872250,25.000000,1693.000000,
23.213084,11.662999,25.000000,1720.000000,
23.327975,10.399750,25.000000,1883.000000,
23.420080,9.888249,25.000000,1949.000000,
23.516911,9.330249,25.000000,2021.000000,
23.612529,25.000000,7.494020,2075.000000,
23.725602,25.000000,7.580996,2082.000000,
23.817882,25.000000,7.218754,2053.000000,
23.911192,9.833999,25.000000,1956.000000,
24.008262,9.965749,25.000000,1939.000000,
24.123344,10.128500,25.000000,1918.000000,
24.219697,10.686499,25.000000,1846.000000,
24.314146,10.949999,25.000000,1812.000000,
24.428615,11.616500,25.000000,1726.000000,
24.522122,11.996250,25.000000,1677.000000,
24.615407,12.112500,25.000000,1662.000000,
24.712076,12.151249,25.000000,1657.000000,
24.826968,12.190000,25.000000,1652.000000,
24.920956,12.469000,25.000000,1616.000000,
25.015492,12.949499,25.000000,1554.000000,
25.109582,13.143250,25.000000,1529.000000,
25.225616,13.437750,25.000000,1491.000000,
25.321918,13.445499,25.000000,1490.000000,
25.416150,13.329249,25.000000,1505.000000,
25.511671,13.329249,25.000000,1505.000000,
25.607841,13.313749,25.000000,1507.000000,
25.722517,13.244000,25.000000,1516.000000,
25.814808,13.143250,25.000000,1529.000000,
25.927183,12.701500,25.000000,1586.000000,
26.021734,12.616250,25.000000,1597.000000,
26.114774,12.732500,25.000000,1582.000000,
26.207402,13.259501,25.000000,1514.000000,
26.320834,13.615998,25.000000,1468.000000,
26.414790,13.763248,25.000000,1449.000000,
26.511247,13.538499,25.000000,1478.000000,
26.623137,13.515249,25.000000,1481.000000,
26.718079,13.530749,25.000000,1479.000000,
26.813580,13.538499,25.000000,1478.000000,
26.927777,13.639251,25.000000,1465.000000,
27.018905,13.646999,25.000000,1464.000000,
27.115080,13.926000,25.000000,1428.000000,
27.210573,14.801749,25.000000,1315.000000,
27.325984,14.794000,25.000000,1316.000000,
27.419614,14.763000,25.000000,1320.000000,
27.515225,14.701000,25.000000,1328.000000,
27.608592,14.677750,25.000000,1331.000000,
27.722304,14.313499,25.000000,1378.000000,
27.815513,14.266999,25.000000,1384.000000,
27.908915,14.732000,25.000000,1324.000000,
28.024965,14.925750,25.000000,1299.000000,
28.118061,14.956749,25.000000,1295.000000,
28.213330,14.933499,25.000000,1298.000000,
28.328987,14.910250,25.000000,1301.000000,
28.418735,14.460749,25.000000,1359.000000,
28.513398,13.949249,25.000000,1425.000000,
28.625630,13.298249,25.000000,1509.000000,
28.719990,12.996000,25.000000,1548.000000,
28.815643,12.895250,25.000000,1561.000000,
28.909887,12.895250,25.000000,1561.000000,
29.023832,13.181999,25.000000,1524.000000,
29.118736,13.871750,25.000000,1435.000000,
29.214282,14.181749,25.000000,1395.000000,
29.309395,14.274749,25.000000,1383.000000,
29.423318,14.305750,25.000000,1379.000000,
29.518156,14.344499,25.000000,1374.000000,
29.611244,14.367750,25.000000,1371.000000,
29.707474,13.755501,25.000000,1450.000000,
29.812241,12.871999,25.000000,1564.000000,
29.926236,12.244250,25.000000,1645.000000,
30.023386,12.050499,25.000000,1670.000000,
30.117501,12.073750,25.000000,1667.000000,
30.213932,12.244250,25.000000,1645.000000,
30.309889,12.918499,25.000000,1558.000000,
30.412094,14.794000,25.000000,1316.000000,
30.527394,15.320998,25.000000,1248.000000,
30.617862,15.476000,25.000000,1228.000000,
30.713212,15.468248,25.000000,1229.000000,
30.824337,14.894750,25.000000,1303.000000,
30.919829,12.786749,25.000000,1575.000000,
31.013111,11.941999,25.000000,1684.000000,
31.126593,11.833499,25.000000,1698.000000,
31.221024,12.275249,25.000000,1641.000000,
31.314734,14.119750,25.000000,1403.000000,
31.410051,14.584750,25.000000,1343.000000,
31.521619,14.569250,25.000000,1345.000000,
31.614094,12.337250,25.000000,1633.000000,
31.708442,11.221250,25.000000,1777.000000,
31.824650,11.019750,25.000000,1803.000000,
31.917560,12.647250,25.000000,1593.000000,
32.011802,13.662499,25.000000,1462.000000,
32.126574,13.801999,25.000000,1444.000000,
32.219866,13.809750,25.000000,1443.000000,
32.313756,11.507999,25.000000,1740.000000,
32.424752,11.112749,25.000000,1791.000000,
32.522688,11.081749,25.000000,1795.000000,
32.615543,12.004000,25.000000,1676.000000,
32.709594,13.205250,25.000000,1521.000000,
32.823941,13.918249,25.000000,1429.000000,
32.919416,14.499500,25.000000,1354.000000,
33.012028,14.669999,25.000000,1332.000000,
33.126155,14.848250,25.000000,1309.000000,
33.221194,14.902499,25.000000,1302.000000,
33.315177,14.925750,25.000000,1299.000000,
33.408972,14.794000,25.000000,1316.000000,
33.525535,14.236000,25.000000,1388.000000,
33.619499,13.794250,25.000000,1445.000000,
33.712872,13.577250,25.000000,1473.000000,
33.808798,13.538499,25.000000,1478.000000,
33.924364,13.344749,25.000000,1503.000000,
34.019602,13.228500,25.000000,1518.000000,
34.114226,13.050249,25.000000,1541.000000,
34.209519,12.748000,25.000000,1580.000000,
34.322535,12.414749,25.000000,1623.000000,
34.417690,12.205500,25.000000,1650.000000,
34.512283,12.128000,25.000000,1660.000000,
34.627394,11.965249,25.000000,1681.000000,
34.720797,11.717250,25.000000,1713.000000,
34.816308,11.500250,25.000000,1741.000000,
34.910447,11.081749,25.000000,1795.000000,
35.028030,11.019750,25.000000,1803.000000,
35.121960,10.802749,25.000000,1831.000000,
35.215893,10.523750,25.000000,1867.000000,
35.309784,10.298999,25.000000,1896.000000,
35.424315,9.888249,25.000000,1949.000000,
35.515624,9.516250,25.000000,1997.000000,
35.610993,9.322498,25.000000,2022.000000,
35.725987,9.283750,25.000000,2027.000000,
35.818047,9.276000,25.000000,2028.000000,
35.914579,9.276000,25.000000,2028.000000,
36.010154,9.268250,25.000000,2029.000000,
36.123375,9.268250,25.000000,2029.000000,
36.216902,9.400000,25.000000,2012.000000,
36.313173,10.577999,25.000000,1860.000000,
36.427615,11.624249,25.000000,1725.000000,
36.525818,12.267499,25.000000,1642.000000,
36.619642,13.561749,25.000000,1475.000000,
36.714930,14.205000,25.000000,1392.000000,
36.808482,14.546000,25.000000,1348.000000,
36.923327,14.964500,25.000000,1294.000000,
37.016602,15.204748,25.000000,1263.000000,
37.111616,15.359751,25.000000,1243.000000,
37.226771,15.421750,25.000000,1235.000000,
37.323777,15.437248,25.000000,1233.000000,
37.417707,14.933499,25.000000,1298.000000,
37.513239,14.491749,25.000000,1355.000000,
37.608318,14.088750,25.000000,1407.000000,
37.720504,13.770999,25.000000,1448.000000,
37.812646,13.468748,25.000000,1487.000000,
37.925969,13.212999,25.000000,1520.000000,
38.020927,12.717000,25.000000,1584.000000,
38.114843,12.135749,25.000000,1659.000000,
38.208583,11.941999,25.000000,1684.000000,
38.322993,11.732750,25.000000,1711.000000,
38.416562,11.221250,25.000000,1777.000000,
38.527619,10.841499,25.000000,1826.000000,
38.618622,10.353250,25.000000,1889.000000,
38.713665,10.043250,25.000000,1929.000000,
38.808679,9.531750,25.000000,1995.000000,
38.922905,9.368999,25.000000,2016.000000,
39.015228,9.229499,25.000000,2034.000000,
39.111547,9.190748,25.000000,2039.000000,
39.225624,9.175250,25.000000,2041.000000,
39.324533,9.167500,25.000000,2042.000000,
39.418879,9.198499,25.000000,2038.000000,
39.514128,10.066499,25.000000,1926.000000,
39.610610,11.267750,25.000000,1771.000000,
39.725100,12.685999,25.000000,1588.000000,
39.816811,13.515249,25.000000,1481.000000,
39.910547,14.104250,25.000000,1405.000000,
40.025612,14.716500,25.000000,1326.000000,
40.119048,15.165999,25.000000,1268.000000,
40.213375,15.522499,25.000000,1222.000000,
40.327147,15.739499,25.000000,1194.000000,
40.422168,15.762750,25.000000,1191.000000,
40.515295,15.778250,25.000000,1189.000000,
40.609515,15.522499,25.000000,1222.000000,
40.723467,14.763000,25.000000,1320.000000,
40.817203,13.964748,25.000000,1423.000000,
40.911939,13.298249,25.000000,1509.000000,
41.015458,11.996250,25.000000,1677.000000,
41.111192,10.485000,25.000000,1872.000000,
41.225908,10.159500,25.000000,1914.000000,
41.319910,10.128500,25.000000,1918.000000,
41.412483,10.120749,25.000000,1919.000000,
41.525807,10.926749,25.000000,1815.000000,
41.620575,11.996250,25.000000,1677.000000,
41.714130,13.135499,25.000000,1530.000000,
41.809147,13.964748,25.000000,1423.000000,
41.924238,14.553749,25.000000,1347.000000,
42.018691,14.948999,25.000000,1296.000000,
42.111452,14.972249,25.000000,1293.000000,
42.226274,14.321250,25.000000,1377.000000,
42.321457,12.569750,25.000000,1603.000000,
42.412784,11.662999,25.000000,1720.000000,
42.509180,10.392000,25.000000,1884.000000,
42.623838,9.795250,25.000000,1961.000000,
42.717856,9.702249,25.000000,1973.000000,
42.811327,10.523750,25.000000,1867.000000,
42.927246,11.197999,25.000000,1780.000000,
43.021334,12.174500,25.000000,1654.000000,
43.115566,13.236248,25.000000,1517.000000,
43.209524,13.553999,25.000000,1476.000000,
43.323826,13.639251,25.000000,1465.000000,
43.418258,13.104498,25.000000,1534.000000,
43.510830,11.756000,25.000000,1708.000000,
43.625084,10.934499,25.000000,1814.000000,
43.719849,10.678749,25.000000,1847.000000,
43.815306,11.732750,25.000000,1711.000000,
43.911187,11.779249,25.000000,1705.000000,
44.025398,11.794749,25.000000,1703.000000,
44.122579,11.414999,25.000000,1752.000000,
44.217736,11.779249,25.000000,1705.000000,
44.310257,12.841000,25.000000,1568.000000,
44.425406,13.336998,25.000000,1504.000000,
44.518772,13.344749,25.000000,1503.000000,
44.612228,12.662749,25.000000,1591.000000,
44.726266,12.461249,25.000000,1617.000000,
44.820780,11.763750,25.000000,1707.000000,
44.916282,11.546749,25.000000,1735.000000,
45.009734,11.345249,25.000000,1761.000000,
45.122802,10.562499,25.000000,1862.000000,
45.216554,10.128500,25.000000,1918.000000,
45.310922,9.973499,25.000000,1938.000000,
45.425281,9.934749,25.000000,1943.000000,
45.519651,9.756499,25.000000,1966.000000,
45.616511,9.733250,25.000000,1969.000000,
45.711341,9.733250,25.000000,1969.000000,
45.824003,9.733250,25.000000,1969.000000,
45.920621,9.733250,25.000000,1969.000000,
46.015313,0.000000,0.000000,1969.000000,
46.129072,0.000000,0.000000,1969.000000,
46.220193,0.000000,0.000000,1969.000000,
46.315117,0.000000,0.000000,1969.000000,
46.410941,0.000000,0.000000,1969.000000,
46.526104,0.000000,0.000000,1969.000000,
46.622375,0.000000,0.000000,1969.000000,
46.713902,0.000000,0.000000,1969.000000,
46.808886,0.000000,0.000000,1969.000000,
46.925262,0.000000,0.000000,1969.000000,
47.021107,0.000000,0.000000,1969.000000,
47.114584,0.000000,0.000000,1969.000000,
47.212190,0.000000,0.000000,1969.000000,
47.326088,0.000000,0.000000,1969.000000,
47.421982,0.000000,0.000000,1969.000000,
47.517386,0.000000,0.000000,1969.000000,
47.612231,0.000000,0.000000,1969.000000,
47.726792,0.000000,0.000000,1969.000000,
47.820932,0.000000,0.000000,1969.000000,
47.914256,0.000000,0.000000,1969.000000,
48.009939,0.000000,0.000000,1969.000000,
48.123560,0.000000,0.000000,1969.000000,
48.220065,0.000000,0.000000,1969.000000,
48.315022,0.000000,0.000000,1969.000000,
48.411603,0.000000,0.000000,1969.000000,
48.526585,0.000000,0.000000,1969.000000,
48.620443,0.000000,0.000000,1969.000000,
48.715420,0.000000,0.000000,1969.000000,
48.828370,0.000000,0.000000,1969.000000,
48.919968,0.000000,0.000000,1969.000000,
49.016068,0.000000,0.000000,1969.000000,
49.109383,0.000000,0.000000,1969.000000,
49.223672,0.000000,0.000000,1969.000000,
49.319479,0.000000,0.000000,1969.000000,
49.415985,0.000000,0.000000,1969.000000,
49.510706,0.000000,0.000000,1969.000000,
49.626899,0.000000,0.000000,1969.000000,
49.720209,0.000000,0.000000,1969.000000,
49.815216,0.000000,0.000000,1969.000000,
49.908770,0.000000,0.000000,1969.000000,
50.024297,0.000000,0.000000,1969.000000,
50.115358,0.000000,0.000000,1969.000000,
50.208845,0.000000,0.000000,1969.000000,
50.325055,0.000000,0.000000,1969.000000,
50.419779,0.000000,0.000000,1969.000000,
50.512565,0.000000,0.000000,1969.000000,
50.627803,0.000000,0.000000,1969.000000,
50.712292,0.000000,0.000000,1969.000000,
50.828377,0.000000,0.000000,1969.000000,
50.920834,0.000000,0.000000,1969.000000,
51.018319,0.000000,0.000000,1969.000000,
51.111277,0.000000,0.000000,1969.000000,
51.228067,0.000000,0.000000,1969.000000,
51.320145,0.000000,0.000000,1969.000000,
51.413761,0.000000,0.000000,1969.000000,
51.527096,0.000000,0.000000,1969.000000,
51.611682,0.000000,0.000000,1969.000000,
51.725866,0.000000,0.000000,1969.000000,
51.817617,0.000000,0.000000,1969.000000,
51.911411,0.000000,0.000000,1969.000000,
52.025478,0.000000,0.000000,1969.000000,
52.118742,0.000000,0.000000,1969.000000,
52.213960,0.000000,0.000000,1969.000000,
52.309444,0.000000,0.000000,1969.000000,
52.423526,0.000000,0.000000,1969.000000,
52.516089,0.000000,0.000000,1969.000000,
52.611776,0.000000,0.000000,1969.000000,
52.725619,0.000000,0.000000,1969.000000,
52.821997,0.000000,0.000000,1969.000000,
52.913240,0.000000,0.000000,1969.000000,
53.008487,0.000000,0.000000,1969.000000,
53.127753,0.000000,0.000000,1969.000000,
53.219232,0.000000,0.000000,1969.000000,
53.316381,0.000000,0.000000,1969.000000,
53.426873,0.000000,0.000000,1969.000000,
53.509955,0.000000,0.000000,1969.000000,
53.627262,0.000000,0.000000,1969.000000,
53.715325,0.000000,0.000000,1969.000000,
53.808195,0.000000,0.000000,1969.000000,
53.921330,0.000000,0.000000,1969.000000,
54.026638,0.000000,0.000000,1969.000000,
54.120546,0.000000,0.000000,1969.000000,
54.216152,0.000000,0.000000,1969.000000,
54.309070,0.000000,0.000000,1969.000000,
54.422651,0.000000,0.000000,1969.000000,
54.514682,0.000000,0.000000,1969.000000,
54.608930,0.000000,0.000000,1969.000000,
54.723879,0.000000,0.000000,1969.000000,
54.819303,0.000000,0.000000,1969.000000,
54.912969,0.000000,0.000000,1969.000000,
55.025510,0.000000,0.000000,1969.000000,
55.120345,0.000000,0.000000,1969.000000,
55.213774,0.000000,0.000000,1969.000000,
55.310186,0.000000,0.000000,1969.000000,
55.426356,0.000000,0.000000,1969.000000,
55.519201,0.000000,0.000000,1969.000000,
55.614514,0.000000,0.000000,1969.000000,
55.728943,0.000000,0.000000,1969.000000,
55.813804,0.000000,0.000000,1969.000000,
55.927961,0.000000,0.000000,1969.000000,
56.013340,0.000000,0.000000,1969.000000,
56.124970,0.000000,0.000000,1969.000000,
56.220081,0.000000,0.000000,1969.000000,
56.311943,0.000000,0.000000,1969.000000,
56.424244,0.000000,0.000000,1969.000000,
56.523540,0.000000,0.000000,1969.000000,
56.615835,0.000000,0.000000,1969.000000,
56.709056,0.000000,0.000000,1969.000000,
56.823993,0.000000,0.000000,1969.000000,
56.917519,0.000000,0.000000,1969.000000,
57.009187,0.000000,0.000000,1969.000000,
57.123288,0.000000,0.000000,1969.000000,
57.216478,0.000000,0.000000,1969.000000,
57.327350,0.000000,0.000000,1969.000000,
57.411615,0.000000,0.000000,1969.000000,
57.528177,0.000000,0.000000,1969.000000,
57.613859,0.000000,0.000000,1969.000000,
57.727347,0.000000,0.000000,1969.000000,
57.822047,0.000000,0.000000,1969.000000,
57.912996,0.000000,0.000000,1969.000000,
58.025900,0.000000,0.000000,1969.000000,
58.118333,0.000000,0.000000,1969.000000,
58.228603,0.000000,0.000000,1969.000000,
58.313417,0.000000,0.000000,1969.000000,
58.410840,0.000000,0.000000,1969.000000,
58.518445,0.000000,0.000000,1969.000000,
58.611081,0.000000,0.000000,1969.000000,
58.723508,0.000000,0.000000,1969.000000,
58.815255,0.000000,0.000000,1969.000000,
58.927112,0.000000,0.000000,1969.000000,
59.012005,0.000000,0.000000,1969.000000,
59.124021,0.000000,0.000000,1969.000000,
59.218756,0.000000,0.000000,1969.000000,
59.312058,0.000000,0.000000,1969.000000,
59.419865,0.000000,0.000000,1969.000000,
59.514596,0.000000,0.000000,1969.000000,
59.627757,0.000000,0.000000,1969.000000,
59.720577,0.000000,0.000000,1969.000000,
59.812726,0.000000,0.000000,1969.000000,
59.922945,0.000000,0.000000,1969.000000,
60.018949,0.000000,0.000000,1969.000000,
60.110089,0.000000,0.000000,1969.000000,
60.222127,0.000000,0.000000,1969.000000,
60.315805,0.000000,0.000000,1969.000000,
60.427291,0.000000,0.000000,1969.000000,
60.520348,0.000000,0.000000,1969.000000,
60.611672,0.000000,0.000000,1969.000000,
60.724392,0.000000,0.000000,1969.000000,
60.815685,0.000000,0.000000,1969.000000,
60.927462,0.000000,0.000000,1969.000000,
61.010185,0.000000,0.000000,1969.000000,
61.124662,0.000000,0.000000,1969.000000,
61.221159,0.000000,0.000000,1969.000000,
61.311615,0.000000,0.000000,1969.000000,
61.422577,0.000000,0.000000,1969.000000,
61.515720,0.000000,0.000000,1969.000000,
61.626915,0.000000,0.000000,1969.000000,
61.720047,0.000000,0.000000,1969.000000,
61.809532,0.000000,0.000000,1969.000000,
61.923152,0.000000,0.000000,1969.000000,
62.015491,0.000000,0.000000,1969.000000,
62.108387,0.000000,0.000000,1969.000000,
62.220871,0.000000,0.000000,1969.000000,
62.315046,0.000000,0.000000,1969.000000,
62.427759,0.000000,0.000000,1969.000000,
62.513985,0.000000,0.000000,1969.000000,
62.625346,0.000000,0.000000,1969.000000,
62.719959,0.000000,0.000000,1969.000000,
62.812856,0.000000,0.000000,1969.000000,
62.924224,0.000000,0.000000,1969.000000,
63.017585,0.000000,0.000000,1969.000000,
63.109230,0.000000,0.000000,1969.000000,
63.221069,0.000000,0.000000,1969.000000,
63.313543,0.000000,0.000000,1969.000000,
63.427495,0.000000,0.000000,1969.000000,
63.519393,0.000000,0.000000,1969.000000,
63.611383,0.000000,0.000000,1969.000000,
63.721219,0.000000,0.000000,1969.000000,
63.813287,0.000000,0.000000,1969.000000,
63.910924,0.000000,0.000000,1969.000000,
64.024161,0.000000,0.000000,1969.000000,
64.117166,0.000000,0.000000,1969.000000,
64.210828,0.000000,0.000000,1969.000000,
64.321078,0.000000,0.000000,1969.000000,
64.414145,0.000000,0.000000,1969.000000,
64.525323,0.000000,0.000000,1969.000000,
64.616796,0.000000,0.000000,1969.000000,
64.708571,0.000000,0.000000,1969.000000,
64.820057,0.000000,0.000000,1969.000000,
64.914118,0.000000,0.000000,1969.000000,
65.022605,0.000000,0.000000,1969.000000,
65.128417,0.000000,0.000000,1969.000000,
65.212410,0.000000,0.000000,1969.000000,
65.313706,0.000000,0.000000,1969.000000,
65.426483,0.000000,0.000000,1969.000000,
65.518409,0.000000,0.000000,1969.000000,
65.609660,0.000000,0.000000,1969.000000,
65.720853,0.000000,0.000000,1969.000000,
65.808693,0.000000,0.000000,1969.000000,
65.919993,0.000000,0.000000,1969.000000,
66.012138,0.000000,0.000000,1969.000000,
66.109902,0.000000,0.000000,1969.000000,
66.219656,0.000000,0.000000,1969.000000,
66.309338,0.000000,0.000000,1969.000000,
66.420969,0.000000,0.000000,1969.000000,
66.512544,0.000000,0.000000,1969.000000,
66.623853,0.000000,0.000000,1969.000000,
66.716311,0.000000,0.000000,1969.000000,
66.825968,0.000000,0.000000,1969.000000,
66.918270,0.000000,0.000000,1969.000000,
67.028633,0.000000,0.000000,1969.000000,
67.110863,0.000000,0.000000,1969.000000,
67.222521,0.000000,0.000000,1969.000000,
67.317332,0.000000,0.000000,1969.000000,
67.429208,0.000000,0.000000,1969.000000,
67.514623,0.000000,0.000000,1969.000000,
67.627808,0.000000,0.000000,1969.000000,
67.719948,0.000000,0.000000,1969.000000,
67.812392,0.000000,0.000000,1969.000000,
67.923620,0.000000,0.000000,1969.000000,
68.014280,0.000000,0.000000,1969.000000,
68.127916,0.000000,0.000000,1969.000000,
68.219516,0.000000,0.000000,1969.000000,
68.313146,0.000000,0.000000,1969.000000,
68.430342,0.000000,0.000000,1969.000000,
68.522024,0.000000,0.000000,1969.000000,
68.612015,0.000000,0.000000,1969.000000,
68.722322,0.000000,0.000000,1969.000000,
68.814455,0.000000,0.000000,1969.000000,
68.924633,0.000000,0.000000,1969.000000,
69.025455,0.000000,0.000000,1969.000000,
69.117875,0.000000,0.000000,1969.000000,
69.212974,0.000000,0.000000,1969.000000,
69.323664,0.000000,0.000000,1969.000000,
69.416786,0.000000,0.000000,1969.000000,
69.526598,0.000000,0.000000,1969.000000,
69.615595,0.000000,0.000000,1969.000000,
69.727170,0.000000,0.000000,1969.000000,
69.817967,0.000000,0.000000,1969.000000,
69.909495,0.000000,0.000000,1969.000000,
70.022870,0.000000,0.000000,1969.000000,
70.115397,0.000000,0.000000,1969.000000,
70.210194,0.000000,0.000000,1969.000000,
70.318830,0.000000,0.000000,1969.000000,
70.413401,0.000000,0.000000,1969.000000,
70.524141,0.000000,0.000000,1969.000000,
70.618883,0.000000,0.000000,1969.000000,
70.709722,0.000000,0.000000,1969.000000,
70.823875,0.000000,0.000000,1969.000000,
70.916110,0.000000,0.000000,1969.000000,
71.008325,0.000000,0.000000,1969.000000,
71.122121,0.000000,0.000000,1969.000000,
71.213911,0.000000,0.000000,1969.000000,
71.310019,0.000000,0.000000,1969.000000,
71.422675,0.000000,0.000000,1969.000000,
71.515282,0.000000,0.000000,1969.000000,
71.607991,0.000000,0.000000,1969.000000,
71.720485,0.000000,0.000000,1969.000000,
71.814679,0.000000,0.000000,1969.000000,
71.928944,0.000000,0.000000,1969.000000,
72.015382,0.000000,0.000000,1969.000000,
72.111899,0.000000,0.000000,1969.000000,
72.224077,0.000000,0.000000,1969.000000,
72.316083,0.000000,0.000000,1969.000000,
72.409569,0.000000,0.000000,1969.000000,
72.523906,0.000000,0.000000,1969.000000,
72.619159,0.000000,0.000000,1969.000000,
72.712124,0.000000,0.000000,1969.000000,
72.825058,0.000000,0.000000,1969.000000,
72.917600,0.000000,0.000000,1969.000000,
73.011602,0.000000,0.000000,1969.000000,
73.122965,0.000000,0.000000,1969.000000,
73.216009,0.000000,0.000000,1969.000000,
73.308696,0.000000,0.000000,1969.000000,
73.421685,0.000000,0.000000,1969.000000,
