Time(s),StartByte(2),PayloadSize(#ofBytes),Command,Payload2,Payload3,Payload4,Payload5,CRCByte1,CRCByte2,EndByte(3)
0.102162,2,5,6,0,0,0,0,205,133,3,
0.120419,2,5,6,0,0,0,0,205,133,3,
0.136631,2,5,6,0,0,0,0,205,133,3,
0.150258,2,5,6,0,0,0,0,205,133,3,
0.159603,2,5,6,0,0,0,0,205,133,3,
0.167584,2,5,6,0,0,0,0,205,133,3,
0.183042,2,5,6,0,0,0,0,205,133,3,
0.189459,2,5,6,0,0,0,0,205,133,3,
0.201970,2,5,6,0,0,0,0,205,133,3,
0.209367,2,5,6,0,0,0,0,205,133,3,
0.227092,2,5,6,0,0,0,0,205,133,3,
0.234057,2,5,6,0,0,0,0,205,133,3,
0.258674,2,5,6,0,0,0,0,205,133,3,
0.357602,2,5,6,0,0,0,0,205,133,3,
0.472818,2,5,6,0,0,0,0,205,133,3,
0.559464,2,5,6,0,0,0,0,205,133,3,
0.676628,2,5,6,0,0,0,0,205,133,3,
0.762138,2,5,6,0,0,0,0,205,133,3,
0.865663,2,5,6,0,0,0,0,205,133,3,
0.967626,2,5,6,0,0,0,0,205,133,3,
1.072800,2,5,6,0,0,0,0,205,133,3,
1.170786,2,5,6,0,0,0,0,205,133,3,
1.270826,2,5,6,0,0,0,0,205,133,3,
1.371779,2,5,6,0,0,0,0,205,133,3,
1.470977,2,5,6,0,0,0,0,205,133,3,
1.570283,2,5,6,0,0,0,0,205,133,3,
1.671634,2,5,6,0,0,0,0,205,133,3,
1.772466,2,5,6,0,0,0,0,205,133,3,
1.874570,2,5,6,0,0,0,0,205,133,3,
1.974155,2,5,6,0,0,0,0,205,133,3,
2.057485,2,5,6,0,0,0,0,205,133,3,
2.166925,2,5,6,0,0,0,0,205,133,3,
2.270427,2,5,6,0,0,0,0,205,133,3,
2.374721,2,5,6,0,0,0,0,205,133,3,
2.458640,2,5,6,0,0,0,0,205,133,3,
2.558457,2,5,6,0,0,0,0,205,133,3,
2.660204,2,5,6,0,0,0,0,205,133,3,
2.764650,2,5,6,0,0,0,0,205,133,3,
2.866708,2,5,6,0,0,0,0,205,133,3,
2.960841,2,5,6,0,0,0,0,205,133,3,
3.067680,2,5,6,0,0,0,0,205,133,3,
3.169161,2,5,6,0,0,0,0,205,133,3,
3.258455,2,5,6,0,0,0,0,205,133,3,
3.365827,2,5,6,0,0,0,0,205,133,3,
3.471040,2,5,6,0,0,0,0,205,133,3,
3.565767,2,5,6,0,0,0,0,205,133,3,
3.664233,2,5,6,0,0,0,0,205,133,3,
3.758819,2,5,6,0,0,0,0,205,133,3,
3.870836,2,5,6,0,0,0,0,205,133,3,
3.966774,2,5,6,0,0,0,0,205,133,3,
4.061534,2,5,6,0,0,0,0,205,133,3,
4.157772,2,5,6,0,0,0,0,205,133,3,
4.256227,2,5,6,0,0,0,0,205,133,3,
4.371376,2,5,6,0,0,0,0,205,133,3,
4.466940,2,5,6,0,0,0,0,205,133,3,
4.560517,2,5,6,0,0,0,0,205,133,3,
4.657514,2,5,6,0,0,0,0,205,133,3,
4.768443,2,5,6,0,0,0,0,205,133,3,
4.864124,2,5,6,0,0,0,0,205,133,3,
4.957666,2,5,6,0,0,0,0,205,133,3,
5.071882,2,5,6,0,0,0,0,205,133,3,
5.163613,2,5,6,0,0,0,0,205,133,3,
5.259771,2,5,6,0,0,0,0,205,133,3,
5.374277,2,5,6,0,0,0,0,205,133,3,
5.467966,2,5,6,0,0,0,0,205,133,3,
5.560159,2,5,6,0,0,0,0,205,133,3,
5.674434,2,5,6,0,0,0,0,205,133,3,
5.758655,2,5,6,0,0,0,0,205,133,3,
5.874506,2,5,6,0,0,0,0,205,133,3,
5.968124,2,5,6,0,0,0,0,205,133,3,
6.064309,2,5,6,0,0,0,0,205,133,3,
6.157800,2,5,6,0,0,0,0,205,133,3,
6.274042,2,5,6,0,0,0,0,205,133,3,
6.368605,2,5,6,0,0,0,0,205,133,3,
6.462771,2,5,6,0,0,0,0,205,133,3,
6.559162,2,5,6,0,0,0,0,205,133,3,
6.671127,2,5,6,0,0,0,0,205,133,3,
6.763852,2,5,6,0,0,0,0,205,133,3,
6.859170,2,5,6,0,0,0,0,205,133,3,
6.973121,2,5,6,0,0,0,0,205,133,3,
7.065363,2,5,6,0,0,0,0,205,133,3,
7.159665,2,5,6,0,0,0,0,205,133,3,
7.273581,2,5,6,0,0,0,0,205,133,3,
7.368182,2,5,6,0,0,0,0,205,133,3,
7.463706,2,5,6,0,0,0,0,205,133,3,
7.558714,2,5,6,0,0,0,0,205,133,3,
7.672193,2,5,6,0,0,0,0,205,133,3,
7.767455,2,5,6,0,0,0,0,205,133,3,
7.864515,2,5,6,0,0,0,0,205,133,3,
7.957218,2,5,6,0,0,0,0,205,133,3,
8.072038,2,5,6,0,0,0,0,205,133,3,
8.165628,2,5,6,0,0,0,0,205,133,3,
8.261789,2,5,6,0,0,0,0,205,133,3,
8.359558,2,5,6,0,0,0,0,205,133,3,
8.473417,2,5,6,0,0,0,0,205,133,3,
8.567976,2,5,6,0,0,0,0,205,133,3,
8.662618,2,5,6,0,0,0,0,205,133,3,
8.756186,2,5,6,0,0,0,0,205,133,3,
8.870145,2,5,6,0,0,0,0,205,133,3,
8.963061,2,5,6,0,0,0,0,205,133,3,
9.057286,2,5,6,0,0,0,0,205,133,3,
9.170835,2,5,6,0,0,0,0,205,133,3,
9.265841,2,5,6,0,0,0,0,205,133,3,
9.360285,2,5,6,0,0,0,0,205,133,3,
9.466404,2,5,6,0,0,0,0,205,133,3,
9.559979,2,5,6,0,0,0,0,205,133,3,
9.672117,2,5,6,0,0,0,0,205,133,3,
9.766309,2,5,6,0,0,0,0,205,133,3,
9.859804,2,5,6,0,0,0,0,205,133,3,
9.973996,2,5,6,0,0,0,0,205,133,3,
10.055255,2,5,6,0,0,0,0,205,133,3,
10.169863,2,5,6,0,0,0,0,205,133,3,
10.264622,2,5,6,0,0,0,0,205,133,3,
10.358040,2,5,6,0,0,0,0,205,133,3,
10.473300,2,5,6,0,0,0,0,205,133,3,
10.566546,2,5,6,0,0,0,0,205,133,3,
10.660137,2,5,6,0,0,0,0,205,133,3,
10.773528,2,5,6,0,0,0,0,205,133,3,
10.872837,2,5,6,0,0,0,0,205,133,3,
10.967731,2,5,6,0,0,0,0,205,133,3,
11.066673,2,5,6,0,0,0,0,205,133,3,
11.164284,2,5,6,0,0,0,0,205,133,3,
11.258577,2,5,6,0,0,0,0,205,133,3,
11.371844,2,5,6,0,0,0,0,205,133,3,
11.466528,2,5,6,0,0,0,0,205,133,3,
11.560592,2,5,6,0,0,0,0,205,133,3,
11.673511,2,5,6,0,0,0,0,205,133,3,
11.767157,2,5,6,0,0,0,0,205,133,3,
11.857153,2,5,6,0,0,0,0,205,133,3,
11.972531,2,5,6,0,0,0,0,205,133,3,
12.065943,2,5,6,0,0,0,0,205,133,3,
12.158825,2,5,6,0,0,0,0,205,133,3,
12.271905,2,5,6,0,0,0,0,205,133,3,
12.366236,2,5,6,0,0,0,0,205,133,3,
12.462667,2,5,6,0,0,0,0,205,133,3,
12.555123,2,5,6,0,0,0,0,205,133,3,
12.670207,2,5,6,0,0,0,0,205,133,3,
12.762811,2,5,6,0,0,0,0,205,133,3,
12.857961,2,5,6,0,0,0,0,205,133,3,
12.970848,2,5,6,0,0,0,0,205,133,3,
13.066218,2,5,6,0,0,0,0,205,133,3,
13.159072,2,5,6,0,0,0,0,205,133,3,
13.272239,2,5,6,0,0,0,0,205,133,3,
13.366723,2,5,6,0,0,0,0,205,133,3,
13.459251,2,5,6,0,0,0,0,205,133,3,
13.573547,2,5,6,0,0,0,0,205,133,3,
13.666724,2,5,6,0,0,0,0,205,133,3,
13.760574,2,5,6,0,0,0,0,205,133,3,
13.855420,2,5,6,0,0,0,0,205,133,3,
13.972702,2,5,6,0,0,0,0,205,133,3,
14.067355,2,5,6,0,0,0,0,205,133,3,
14.164086,2,5,6,0,0,0,0,205,133,3,
14.259308,2,5,6,0,0,0,0,205,133,3,
14.373449,2,5,6,0,0,0,0,205,133,3,
14.467561,2,5,6,0,0,0,0,205,133,3,
14.562271,2,5,6,0,0,0,0,205,133,3,
14.657190,2,5,6,0,0,0,0,205,133,3,
14.773051,2,5,6,0,0,0,0,205,133,3,
14.866319,2,5,6,0,0,0,0,205,133,3,
14.960586,2,5,6,0,0,0,0,205,133,3,
15.073179,2,5,6,0,0,0,0,205,133,3,
15.166352,2,5,6,0,0,0,0,205,133,3,
15.263472,2,5,6,0,0,0,0,205,133,3,
15.357388,2,5,6,0,0,0,0,205,133,3,
15.473071,2,5,6,0,0,0,0,205,133,3,
15.567054,2,5,6,0,0,0,0,205,133,3,
15.664084,2,5,6,0,0,0,0,205,133,3,
15.757855,2,5,6,0,0,0,0,205,133,3,
15.874676,2,5,6,0,0,0,0,205,133,3,
15.969193,2,5,6,0,0,0,0,205,133,3,
16.061977,2,5,6,0,0,0,0,205,133,3,
16.173903,2,5,6,0,0,0,0,205,133,3,
16.266957,2,5,6,0,0,0,0,205,133,3,
16.370374,2,5,6,0,0,0,0,205,133,3,
16.467359,2,5,6,0,0,0,0,205,133,3,
16.560741,2,5,6,0,0,0,0,205,133,3,
16.676828,2,5,6,0,0,2,89,96,59,3,
16.770567,2,5,6,0,0,4,177,182,187,3,
16.863699,2,5,6,0,0,7,9,197,59,3,
16.959403,2,5,6,0,0,9,97,11,154,3,
17.073400,2,5,6,0,0,11,185,39,141,3,
17.168585,2,5,6,0,0,14,16,252,187,3,
17.264933,2,5,6,0,0,16,104,35,88,3,
17.363358,2,5,6,0,0,18,192,113,216,3,
17.458137,2,5,6,0,0,21,24,162,58,3,
17.570128,2,5,6,0,0,23,112,41,246,3,
17.666162,2,5,6,0,0,25,200,44,42,3,
17.761690,2,5,6,0,0,28,32,175,249,3,
17.874067,2,5,6,0,0,30,120,18,102,3,
17.968218,2,5,6,0,0,32,208,0,30,3,
18.062479,2,5,6,0,0,35,40,59,90,3,
18.175171,2,5,6,0,0,37,129,181,63,3,
18.270109,2,5,6,0,0,39,217,8,160,3,
18.365106,2,5,6,0,0,42,49,2,218,3,
18.466146,2,5,6,0,0,44,137,142,175,3,
18.569102,2,5,6,0,0,46,225,5,99,3,
18.671361,2,5,6,0,0,49,57,92,91,3,
18.770291,2,5,6,0,0,51,145,14,219,3,
18.864712,2,5,6,0,0,53,233,91,226,3,
18.959773,2,5,6,0,0,56,65,25,92,3,
19.058872,2,5,6,0,0,58,153,53,75,3,
19.176305,2,5,6,0,0,60,241,114,67,3,
19.273963,2,5,6,0,0,63,73,1,195,3,
19.377030,2,5,6,0,0,65,161,86,179,3,
19.459292,2,5,6,0,0,67,249,235,44,3,
19.559082,2,5,6,0,0,70,81,32,59,3,
19.658745,2,5,6,0,0,72,169,109,35,3,
19.778563,2,5,6,0,0,75,1,12,146,3,
19.875165,2,5,6,0,0,77,89,125,201,3,
19.966161,2,5,6,0,0,78,32,199,36,3,
20.063445,2,5,6,0,0,78,32,199,36,3,
20.165419,2,5,6,0,0,78,32,199,36,3,
20.266486,2,5,6,0,0,78,32,199,36,3,
20.366344,2,5,6,0,0,78,32,199,36,3,
20.467643,2,5,6,0,0,78,32,199,36,3,
20.571385,2,5,6,0,0,78,32,199,36,3,
20.669441,2,5,6,0,0,78,32,199,36,3,
20.767008,2,5,6,0,0,78,32,199,36,3,
20.867688,2,5,6,0,0,78,32,199,36,3,
20.962884,2,5,6,0,0,78,32,199,36,3,
21.057494,2,5,6,0,0,78,32,199,36,3,
21.171050,2,5,6,0,0,78,32,199,36,3,
21.264361,2,5,6,0,0,78,32,199,36,3,
21.359423,2,5,6,0,0,78,32,199,36,3,
21.474211,2,5,6,0,0,78,32,199,36,3,
21.570488,2,5,6,0,0,78,32,199,36,3,
21.663125,2,5,6,0,0,78,32,199,36,3,
21.776683,2,5,6,0,0,78,32,199,36,3,
21.870008,2,5,6,0,0,78,32,199,36,3,
21.965182,2,5,6,0,0,78,32,199,36,3,
22.058850,2,5,6,0,0,78,32,199,36,3,
22.173925,2,5,6,0,0,78,32,199,36,3,
22.266992,2,5,6,0,0,78,32,199,36,3,
22.361349,2,5,6,0,0,0,0,205,133,3,
22.475208,2,5,6,0,0,0,0,205,133,3,
22.569883,2,5,6,0,0,0,0,205,133,3,
22.662306,2,5,6,0,0,0,0,205,133,3,
22.757951,2,5,6,0,0,0,0,205,133,3,
22.875312,2,5,6,0,0,0,0,205,133,3,
22.966728,2,5,6,0,0,0,0,205,133,3,
23.064229,2,5,6,0,0,0,0,205,133,3,
23.158823,2,5,6,0,0,0,0,205,133,3,
23.273838,2,5,6,0,0,0,0,205,133,3,
23.368242,2,5,6,0,0,0,0,205,133,3,
23.462586,2,5,6,0,0,0,0,205,133,3,
23.574829,2,5,6,0,0,0,0,205,133,3,
23.671580,2,5,6,0,0,0,0,205,133,3,
23.761994,2,5,6,0,0,0,0,205,133,3,
23.856743,2,5,6,0,0,0,0,205,133,3,
23.972018,2,5,6,0,0,0,0,205,133,3,
24.064024,2,5,6,0,0,0,0,205,133,3,
24.157311,2,5,6,0,0,0,0,205,133,3,
24.271264,2,5,6,0,0,2,89,96,59,3,
24.363896,2,5,6,0,0,4,177,182,187,3,
24.459567,2,5,6,0,0,7,9,197,59,3,
24.572700,2,5,6,0,0,9,97,11,154,3,
24.667111,2,5,6,0,0,11,185,39,141,3,
24.759855,2,5,6,0,0,14,16,252,187,3,
24.875083,2,5,6,0,0,16,104,35,88,3,
24.968046,2,5,6,0,0,18,192,113,216,3,
25.061695,2,5,6,0,0,21,24,162,58,3,
25.176370,2,5,6,0,0,23,112,41,246,3,
25.269684,2,5,6,0,0,25,200,44,42,3,
25.363183,2,5,6,0,0,28,32,175,249,3,
25.460176,2,5,6,0,0,30,120,18,102,3,
25.574046,2,5,6,0,0,32,208,0,30,3,
25.665745,2,5,6,0,0,35,40,59,90,3,
25.760577,2,5,6,0,0,37,129,181,63,3,
25.875145,2,5,6,0,0,39,217,8,160,3,
25.965383,2,5,6,0,0,42,49,2,218,3,
26.057661,2,5,6,0,0,44,137,142,175,3,
26.172118,2,5,6,0,0,46,225,5,99,3,
26.264797,2,5,6,0,0,49,57,92,91,3,
26.361669,2,5,6,0,0,51,145,14,219,3,
26.474432,2,5,6,0,0,53,233,91,226,3,
26.570005,2,5,6,0,0,56,65,25,92,3,
26.664208,2,5,6,0,0,58,153,53,75,3,
26.775651,2,5,6,0,0,60,241,114,67,3,
26.873236,2,5,6,0,0,63,73,1,195,3,
26.967750,2,5,6,0,0,65,161,86,179,3,
27.061909,2,5,6,0,0,67,249,235,44,3,
27.175992,2,5,6,0,0,0,0,205,133,3,
27.268759,2,5,6,0,0,0,0,205,133,3,
27.361828,2,5,6,0,0,0,0,205,133,3,
27.456605,2,5,6,0,0,0,0,205,133,3,
27.571660,2,5,6,0,0,0,0,205,133,3,
27.664607,2,5,6,0,0,2,89,96,59,3,
27.759329,2,5,6,0,0,4,177,182,187,3,
27.872174,2,5,6,0,0,7,9,197,59,3,
27.967033,2,5,6,0,0,9,97,11,154,3,
28.059966,2,5,6,0,0,11,185,39,141,3,
28.174063,2,5,6,0,0,14,16,252,187,3,
28.267575,2,5,6,0,0,16,104,35,88,3,
28.360984,2,5,6,0,0,18,192,113,216,3,
28.477434,2,5,6,0,0,21,24,162,58,3,
28.571929,2,5,6,0,0,23,112,41,246,3,
28.665453,2,5,6,0,0,25,200,44,42,3,
28.758173,2,5,6,0,0,28,32,175,249,3,
28.870079,2,5,6,0,0,30,120,18,102,3,
28.965231,2,5,6,0,0,32,208,0,30,3,
29.057935,2,5,6,0,0,35,40,59,90,3,
29.158096,2,5,6,0,0,37,129,181,63,3,
29.272021,2,5,6,0,0,39,217,8,160,3,
29.365352,2,5,6,0,0,42,49,2,218,3,
29.458703,2,5,6,0,0,44,137,142,175,3,
29.574671,2,5,6,0,0,46,225,5,99,3,
29.669061,2,5,6,0,0,49,57,92,91,3,
29.765050,2,5,6,0,0,51,145,14,219,3,
29.860745,2,5,6,0,0,53,233,91,226,3,
29.973920,2,5,6,0,0,0,0,205,133,3,
30.071386,2,5,6,0,0,2,89,96,59,3,
30.162960,2,5,6,0,0,0,0,205,133,3,
30.259916,2,5,6,0,0,0,0,205,133,3,
30.373977,2,5,6,0,0,0,0,205,133,3,
30.466458,2,5,6,0,0,0,0,205,133,3,
30.561480,2,5,6,0,0,2,89,96,59,3,
30.674012,2,5,6,0,0,4,177,182,187,3,
30.768685,2,5,6,0,0,7,9,197,59,3,
30.864126,2,5,6,0,0,9,97,11,154,3,
30.957887,2,5,6,0,0,11,185,39,141,3,
31.070841,2,5,6,0,0,14,16,252,187,3,
31.164008,2,5,6,0,0,16,104,35,88,3,
31.278295,2,5,6,0,0,18,192,113,216,3,
31.369451,2,5,6,0,0,21,24,162,58,3,
31.464443,2,5,6,0,0,23,112,41,246,3,
31.558103,2,5,6,0,0,25,200,44,42,3,
31.672006,2,5,6,0,0,28,32,175,249,3,
31.766407,2,5,6,0,0,30,120,18,102,3,
31.863129,2,5,6,0,0,32,208,0,30,3,
31.974939,2,5,6,0,0,35,40,59,90,3,
32.069272,2,5,6,0,0,37,129,181,63,3,
32.164917,2,5,6,0,0,39,217,8,160,3,
32.258592,2,5,6,0,0,42,49,2,218,3,
32.374745,2,5,6,0,0,44,137,142,175,3,
32.468112,2,5,6,0,0,46,225,5,99,3,
32.563907,2,5,6,0,0,49,57,92,91,3,
32.659572,2,5,6,0,0,51,145,14,219,3,
32.772705,2,5,6,0,0,53,233,91,226,3,
32.865521,2,5,6,0,0,56,65,25,92,3,
32.960377,2,5,6,0,0,58,153,53,75,3,
33.072134,2,5,6,0,0,0,0,205,133,3,
33.172867,2,5,6,0,0,0,0,205,133,3,
33.266832,2,5,6,0,0,0,0,205,133,3,
33.361512,2,5,6,0,0,0,0,205,133,3,
33.469258,2,5,6,0,0,0,0,205,133,3,
33.564749,2,5,6,0,0,0,0,205,133,3,
33.660461,2,5,6,0,0,0,0,205,133,3,
33.769736,2,5,6,0,0,0,0,205,133,3,
33.863398,2,5,6,0,0,0,0,205,133,3,
33.956275,2,5,6,0,0,0,0,205,133,3,
34.070943,2,5,6,0,0,0,0,205,133,3,
34.165698,2,5,6,0,0,0,0,205,133,3,
34.257013,2,5,6,0,0,0,0,205,133,3,
34.371452,2,5,6,0,0,0,0,205,133,3,
34.468004,2,5,6,0,0,0,0,205,133,3,
34.561525,2,5,6,0,0,0,0,205,133,3,
34.675314,2,5,6,0,0,0,0,205,133,3,
34.769819,2,5,6,0,0,0,0,205,133,3,
34.866553,2,5,6,0,0,0,0,205,133,3,
34.960560,2,5,6,0,0,0,0,205,133,3,
35.073268,2,5,6,0,0,0,0,205,133,3,
35.167377,2,5,6,0,0,0,0,205,133,3,
35.259503,2,5,6,0,0,0,0,205,133,3,
35.373910,2,5,6,0,0,0,0,205,133,3,
35.466659,2,5,6,0,0,0,0,205,133,3,
35.559231,2,5,6,0,0,0,0,205,133,3,
35.672518,2,5,6,0,0,0,0,205,133,3,
35.765404,2,5,6,0,0,0,0,205,133,3,
35.858243,2,5,6,0,0,0,0,205,133,3,
35.972885,2,5,6,0,0,0,0,205,133,3,
36.068254,2,5,6,0,0,0,0,205,133,3,
36.162414,2,5,6,0,0,0,0,205,133,3,
36.257820,2,5,6,0,0,0,0,205,133,3,
36.358025,2,5,6,0,0,0,0,205,133,3,
36.470298,2,5,6,0,0,0,0,205,133,3,
36.562385,2,5,6,0,0,0,0,205,133,3,
36.657990,2,5,6,0,0,0,0,205,133,3,
36.771184,2,5,6,0,0,0,0,205,133,3,
36.865918,2,5,6,0,0,0,0,205,133,3,
36.960708,2,5,6,0,0,0,0,205,133,3,
37.073909,2,5,6,0,0,0,0,205,133,3,
37.167375,2,5,6,0,0,0,0,205,133,3,
37.262028,2,5,6,0,0,0,0,205,133,3,
37.356802,2,5,6,0,0,0,0,205,133,3,
37.471155,2,5,6,0,0,0,0,205,133,3,
37.562730,2,5,6,0,0,0,0,205,133,3,
37.659136,2,5,6,0,0,0,0,205,133,3,
37.772834,2,5,6,0,0,0,0,205,133,3,
37.864959,2,5,6,0,0,0,0,205,133,3,
37.963036,2,5,6,0,0,0,0,205,133,3,
38.077339,2,5,6,0,0,0,0,205,133,3,
38.169276,2,5,6,0,0,0,0,205,133,3,
38.262755,2,5,6,0,0,0,0,205,133,3,
38.357086,2,5,6,0,0,0,0,205,133,3,
38.472751,2,5,6,0,0,0,0,205,133,3,
38.566184,2,5,6,0,0,0,0,205,133,3,
38.660597,2,5,6,0,0,0,0,205,133,3,
38.772744,2,5,6,0,0,0,0,205,133,3,
38.866297,2,5,6,0,0,0,0,205,133,3,
38.963216,2,5,6,0,0,0,0,205,133,3,
39.076517,2,5,6,0,0,0,0,205,133,3,
39.169469,2,5,6,0,0,0,0,205,133,3,
39.264888,2,5,6,0,0,0,0,205,133,3,
39.366321,2,5,6,0,0,0,0,205,133,3,
39.465642,2,5,6,0,0,0,0,205,133,3,
39.561081,2,5,6,0,0,0,0,205,133,3,
39.676058,2,5,6,0,0,0,0,205,133,3,
39.772247,2,5,6,0,0,0,0,205,133,3,
39.865845,2,5,6,0,0,0,0,205,133,3,
39.960765,2,5,6,0,0,0,0,205,133,3,
40.075262,2,5,6,0,0,0,0,205,133,3,
40.167408,2,5,6,0,0,0,0,205,133,3,
40.261571,2,5,6,0,0,0,0,205,133,3,
40.358696,2,5,6,0,0,0,0,205,133,3,
40.472875,2,5,6,0,0,0,0,205,133,3,
40.566528,2,5,6,0,0,0,0,205,133,3,
40.658579,2,5,6,0,0,0,0,205,133,3,
40.771978,2,5,6,0,0,0,0,205,133,3,
40.866233,2,5,6,0,0,0,0,205,133,3,
40.959721,2,5,6,0,0,0,0,205,133,3,
41.072998,2,5,6,0,0,0,0,205,133,3,
41.166308,2,5,6,0,0,0,0,205,133,3,
41.260029,2,5,6,0,0,0,0,205,133,3,
41.375654,2,5,6,0,0,0,0,205,133,3,
41.467335,2,5,6,0,0,0,0,205,133,3,
41.560915,2,5,6,0,0,0,0,205,133,3,
41.676348,2,5,6,0,0,0,0,205,133,3,
41.768913,2,5,6,0,0,0,0,205,133,3,
41.863307,2,5,6,0,0,2,89,96,59,3,
41.957604,2,5,6,0,0,4,177,182,187,3,
42.069957,2,5,6,0,0,7,9,197,59,3,
42.164451,2,5,6,0,0,9,97,11,154,3,
42.258039,2,5,6,0,0,11,185,39,141,3,
42.371092,2,5,6,0,0,14,16,252,187,3,
42.467217,2,5,6,0,0,16,104,35,88,3,
42.560720,2,5,6,0,0,18,192,113,216,3,
42.672114,2,5,6,0,0,21,24,162,58,3,
42.766362,2,5,6,0,0,23,112,41,246,3,
42.859970,2,5,6,0,0,25,200,44,42,3,
42.975037,2,5,6,0,0,28,32,175,249,3,
43.068208,2,5,6,0,0,30,120,18,102,3,
43.162440,2,5,6,0,0,32,208,0,30,3,
43.277177,2,5,6,0,0,35,40,59,90,3,
43.370577,2,5,6,0,0,37,129,181,63,3,
43.464023,2,5,6,0,0,39,217,8,160,3,
43.575467,2,5,6,0,0,42,49,2,218,3,
43.664720,2,5,6,0,0,0,0,205,133,3,
43.760521,2,5,6,0,0,0,0,205,133,3,
43.870840,2,5,6,0,0,0,0,205,133,3,
43.965367,2,5,6,0,0,0,0,205,133,3,
44.061439,2,5,6,0,0,0,0,205,133,3,
44.175396,2,5,6,0,0,0,0,205,133,3,
44.269681,2,5,6,0,0,0,0,205,133,3,
44.364298,2,5,6,0,0,0,0,205,133,3,
44.457555,2,5,6,0,0,0,0,205,133,3,
44.570978,2,5,6,0,0,0,0,205,133,3,
44.666057,2,5,6,0,0,0,0,205,133,3,
44.760718,2,5,6,0,0,0,0,205,133,3,
44.875750,2,5,6,0,0,0,0,205,133,3,
44.969555,2,5,6,0,0,0,0,205,133,3,
45.062901,2,5,6,0,0,0,0,205,133,3,
45.160258,2,5,6,0,0,0,0,205,133,3,
45.274067,2,5,6,0,0,0,0,205,133,3,
45.377321,2,5,6,0,0,0,0,205,133,3,
45.471462,2,5,6,0,0,0,0,205,133,3,
45.563665,2,5,6,0,0,0,0,205,133,3,
45.661072,2,5,6,0,0,0,0,205,133,3,
45.759298,2,5,6,0,0,0,0,205,133,3,
45.875431,2,5,6,0,0,0,0,205,133,3,
45.969271,2,5,6,0,0,0,0,205,133,3,
46.058983,2,5,6,0,0,0,0,205,133,3,
46.173487,2,5,6,0,0,0,0,205,133,3,
46.265411,2,5,6,0,0,0,0,205,133,3,
46.361765,2,5,6,0,0,0,0,205,133,3,
46.463772,2,5,6,0,0,0,0,205,133,3,
46.558076,2,5,6,0,0,0,0,205,133,3,
46.670897,2,5,6,0,0,0,0,205,133,3,
46.765258,2,5,6,0,0,0,0,205,133,3,
46.875479,2,5,6,0,0,0,0,205,133,3,
46.969282,2,5,6,0,0,0,0,205,133,3,
47.063890,2,5,6,0,0,0,0,205,133,3,
47.175495,2,5,6,0,0,0,0,205,133,3,
47.267627,2,5,6,0,0,0,0,205,133,3,
47.362289,2,5,6,0,0,0,0,205,133,3,
47.468382,2,5,6,0,0,0,0,205,133,3,
47.564811,2,5,6,0,0,0,0,205,133,3,
47.659270,2,5,6,0,0,0,0,205,133,3,
47.774293,2,5,6,0,0,0,0,205,133,3,
47.869116,2,5,6,0,0,0,0,205,133,3,
47.963547,2,5,6,0,0,0,0,205,133,3,
48.057483,2,5,6,0,0,0,0,205,133,3,
48.170593,2,5,6,0,0,0,0,205,133,3,
48.262758,2,5,6,0,0,0,0,205,133,3,
48.375693,2,5,6,0,0,0,0,205,133,3,
48.460453,2,5,6,0,0,0,0,205,133,3,
48.574152,2,5,6,0,0,0,0,205,133,3,
48.667465,2,5,6,0,0,0,0,205,133,3,
48.762880,2,5,6,0,0,0,0,205,133,3,
48.876230,2,5,6,0,0,0,0,205,133,3,
48.974797,2,5,6,0,0,0,0,205,133,3,
49.068905,2,5,6,0,0,0,0,205,133,3,
49.162494,2,5,6,0,0,0,0,205,133,3,
49.257607,2,5,6,0,0,0,0,205,133,3,
49.371496,2,5,6,0,0,0,0,205,133,3,
49.464698,2,5,6,0,0,0,0,205,133,3,
49.559363,2,5,6,0,0,0,0,205,133,3,
49.674802,2,5,6,0,0,0,0,205,133,3,
49.768612,2,5,6,0,0,0,0,205,133,3,
49.863950,2,5,6,0,0,0,0,205,133,3,
49.956994,2,5,6,0,0,0,0,205,133,3,
50.072010,2,5,6,0,0,0,0,205,133,3,
50.168042,2,5,6,0,0,0,0,205,133,3,
50.261161,2,5,6,0,0,0,0,205,133,3,
50.375186,2,5,6,0,0,0,0,205,133,3,
50.467062,2,5,6,0,0,0,0,205,133,3,
50.560757,2,5,6,0,0,0,0,205,133,3,
50.676733,2,5,6,0,0,0,0,205,133,3,
50.769432,2,5,6,0,0,0,0,205,133,3,
50.863940,2,5,6,0,0,0,0,205,133,3,
50.976598,2,5,6,0,0,0,0,205,133,3,
51.069676,2,5,6,0,0,0,0,205,133,3,
51.160959,2,5,6,0,0,0,0,205,133,3,
51.274801,2,5,6,0,0,0,0,205,133,3,
51.367501,2,5,6,0,0,0,0,205,133,3,
51.463400,2,5,6,0,0,0,0,205,133,3,
51.576675,2,5,6,0,0,0,0,205,133,3,
51.667149,2,5,6,0,0,0,0,205,133,3,
51.762029,2,5,6,0,0,0,0,205,133,3,
51.875004,2,5,6,0,0,0,0,205,133,3,
51.969230,2,5,6,0,0,0,0,205,133,3,
52.062702,2,5,6,0,0,0,0,205,133,3,
52.161127,2,5,6,0,0,0,0,205,133,3,
52.273709,2,5,6,0,0,0,0,205,133,3,
52.366237,2,5,6,0,0,0,0,205,133,3,
52.460264,2,5,6,0,0,0,0,205,133,3,
52.574335,2,5,6,0,0,0,0,205,133,3,
52.667592,2,5,6,0,0,0,0,205,133,3,
52.761878,2,5,6,0,0,0,0,205,133,3,
52.875319,2,5,6,0,0,0,0,205,133,3,
52.967081,2,5,6,0,0,0,0,205,133,3,
53.063489,2,5,6,0,0,0,0,205,133,3,
53.177056,2,5,6,0,0,0,0,205,133,3,
53.269362,2,5,6,0,0,0,0,205,133,3,
53.361459,2,5,6,0,0,0,0,205,133,3,
53.474659,2,5,6,0,0,0,0,205,133,3,
53.567729,2,5,6,0,0,0,0,205,133,3,
53.662356,2,5,6,0,0,0,0,205,133,3,
53.757380,2,5,6,0,0,0,0,205,133,3,
53.870787,2,5,6,0,0,0,0,205,133,3,
53.965231,2,5,6,0,0,0,0,205,133,3,
54.060856,2,5,6,0,0,0,0,205,133,3,
54.173781,2,5,6,0,0,0,0,205,133,3,
54.265131,2,5,6,0,0,0,0,205,133,3,
54.359442,2,5,6,0,0,0,0,205,133,3,
54.471213,2,5,6,0,0,0,0,205,133,3,
54.568447,2,5,6,0,0,0,0,205,133,3,
54.664256,2,5,6,0,0,0,0,205,133,3,
54.758411,2,5,6,0,0,0,0,205,133,3,
54.873761,2,5,6,0,0,0,0,205,133,3,
54.967222,2,5,6,0,0,0,0,205,133,3,
55.062623,2,5,6,0,0,0,0,205,133,3,
55.176251,2,5,6,0,0,0,0,205,133,3,
55.270545,2,5,6,0,0,0,0,205,133,3,
55.365673,2,5,6,0,0,0,0,205,133,3,
55.461529,2,5,6,0,0,0,0,205,133,3,
55.575060,2,5,6,0,0,0,0,205,133,3,
55.665679,2,5,6,0,0,0,0,205,133,3,
55.759393,2,5,6,0,0,0,0,205,133,3,
55.869982,2,5,6,0,0,0,0,205,133,3,
55.966081,2,5,6,0,0,0,0,205,133,3,
56.058388,2,5,6,0,0,0,0,205,133,3,
56.175401,2,5,6,0,0,0,0,205,133,3,
56.268712,2,5,6,0,0,0,0,205,133,3,
56.363331,2,5,6,0,0,0,0,205,133,3,
56.475612,2,5,6,0,0,0,0,205,133,3,
56.566590,2,5,6,0,0,0,0,205,133,3,
56.660481,2,5,6,0,0,0,0,205,133,3,
56.758307,2,5,6,0,0,0,0,205,133,3,
56.872417,2,5,6,0,0,0,0,205,133,3,
56.965088,2,5,6,0,0,0,0,205,133,3,
57.059399,2,5,6,0,0,0,0,205,133,3,
57.172706,2,5,6,0,0,0,0,205,133,3,
57.268822,2,5,6,0,0,0,0,205,133,3,
57.363876,2,5,6,0,0,0,0,205,133,3,
57.475762,2,5,6,0,0,0,0,205,133,3,
57.566480,2,5,6,0,0,0,0,205,133,3,
57.658283,2,5,6,0,0,0,0,205,133,3,
57.772196,2,5,6,0,0,0,0,205,133,3,
57.863032,2,5,6,0,0,0,0,205,133,3,
57.976740,2,5,6,0,0,0,0,205,133,3,
58.067017,2,5,6,0,0,0,0,205,133,3,
58.159381,2,5,6,0,0,0,0,205,133,3,
58.269566,2,5,6,0,0,0,0,205,133,3,
58.362290,2,5,6,0,0,0,0,205,133,3,
58.460123,2,5,6,0,0,0,0,205,133,3,
58.571088,2,5,6,0,0,0,0,205,133,3,
58.664164,2,5,6,0,0,0,0,205,133,3,
58.774205,2,5,6,0,0,0,0,205,133,3,
58.867210,2,5,6,0,0,0,0,205,133,3,
58.960075,2,5,6,0,0,0,0,205,133,3,
59.072924,2,5,6,0,0,0,0,205,133,3,
59.166715,2,5,6,0,0,0,0,205,133,3,
59.259050,2,5,6,0,0,0,0,205,133,3,
59.371378,2,5,6,0,0,0,0,205,133,3,
59.461782,2,5,6,0,0,0,0,205,133,3,
59.575950,2,5,6,0,0,0,0,205,133,3,
59.667043,2,5,6,0,0,0,0,205,133,3,
59.759679,2,5,6,0,0,0,0,205,133,3,
59.871770,2,5,6,0,0,0,0,205,133,3,
59.964310,2,5,6,0,0,0,0,205,133,3,
60.075925,2,5,6,0,0,0,0,205,133,3,
60.166070,2,5,6,0,0,0,0,205,133,3,
60.257413,2,5,6,0,0,0,0,205,133,3,
60.369093,2,5,6,0,0,0,0,205,133,3,
60.464303,2,5,6,0,0,0,0,205,133,3,
60.574236,2,5,6,0,0,0,0,205,133,3,
60.673211,2,5,6,0,0,0,0,205,133,3,
60.764584,2,5,6,0,0,0,0,205,133,3,
60.857023,2,5,6,0,0,0,0,205,133,3,
60.970134,2,5,6,0,0,0,0,205,133,3,
61.060625,2,5,6,0,0,0,0,205,133,3,
61.172392,2,5,6,0,0,0,0,205,133,3,
61.263918,2,5,6,0,0,0,0,205,133,3,
61.374875,2,5,6,0,0,0,0,205,133,3,
61.466659,2,5,6,0,0,0,0,205,133,3,
61.557283,2,5,6,0,0,0,0,205,133,3,
61.669525,2,5,6,0,0,0,0,205,133,3,
61.762992,2,5,6,0,0,0,0,205,133,3,
61.874752,2,5,6,0,0,0,0,205,133,3,
61.967104,2,5,6,0,0,0,0,205,133,3,
62.060355,2,5,6,0,0,0,0,205,133,3,
62.172001,2,5,6,0,0,0,0,205,133,3,
62.263760,2,5,6,0,0,0,0,205,133,3,
62.374566,2,5,6,0,0,0,0,205,133,3,
62.463892,2,5,6,0,0,0,0,205,133,3,
62.558486,2,5,6,0,0,0,0,205,133,3,
62.669876,2,5,6,0,0,0,0,205,133,3,
62.760818,2,5,6,0,0,0,0,205,133,3,
62.874170,2,5,6,0,0,0,0,205,133,3,
62.965922,2,5,6,0,0,0,0,205,133,3,
63.058445,2,5,6,0,0,0,0,205,133,3,
63.168804,2,5,6,0,0,0,0,205,133,3,
63.260115,2,5,6,0,0,0,0,205,133,3,
63.372332,2,5,6,0,0,0,0,205,133,3,
63.466557,2,5,6,0,0,0,0,205,133,3,
63.576803,2,5,6,0,0,0,0,205,133,3,
63.665997,2,5,6,0,0,0,0,205,133,3,
63.759691,2,5,6,0,0,0,0,205,133,3,
63.869232,2,5,6,0,0,0,0,205,133,3,
63.960165,2,5,6,0,0,0,0,205,133,3,
64.071413,2,5,6,0,0,0,0,205,133,3,
64.163055,2,5,6,0,0,0,0,205,133,3,
64.277042,2,5,6,0,0,0,0,205,133,3,
64.367227,2,5,6,0,0,0,0,205,133,3,
64.461817,2,5,6,0,0,0,0,205,133,3,
64.573932,2,5,6,0,0,0,0,205,133,3,
64.664394,2,5,6,0,0,0,0,205,133,3,
64.759878,2,5,6,0,0,0,0,205,133,3,
64.873433,2,5,6,0,0,0,0,205,133,3,
64.964495,2,5,6,0,0,0,0,205,133,3,
65.075754,2,5,6,0,0,0,0,205,133,3,
65.168145,2,5,6,0,0,0,0,205,133,3,
65.259476,2,5,6,0,0,0,0,205,133,3,
65.374182,2,5,6,0,0,0,0,205,133,3,
65.465492,2,5,6,0,0,0,0,205,133,3,
65.556203,2,5,6,0,0,0,0,205,133,3,
65.669787,2,5,6,0,0,0,0,205,133,3,
65.761102,2,5,6,0,0,0,0,205,133,3,
65.874345,2,5,6,0,0,0,0,205,133,3,
65.966324,2,5,6,0,0,0,0,205,133,3,
66.058326,2,5,6,0,0,0,0,205,133,3,
66.171021,2,5,6,0,0,0,0,205,133,3,
66.265045,2,5,6,0,0,0,0,205,133,3,
66.358337,2,5,6,0,0,0,0,205,133,3,
66.469327,2,5,6,0,0,0,0,205,133,3,
66.563655,2,5,6,0,0,0,0,205,133,3,
66.676635,2,5,6,0,0,0,0,205,133,3,
66.768042,2,5,6,0,0,0,0,205,133,3,
66.860516,2,5,6,0,0,0,0,205,133,3,
66.970735,2,5,6,0,0,0,0,205,133,3,
67.064071,2,5,6,0,0,0,0,205,133,3,
67.177018,2,5,6,0,0,0,0,205,133,3,
67.267481,2,5,6,0,0,0,0,205,133,3,
67.359610,2,5,6,0,0,0,0,205,133,3,
67.470024,2,5,6,0,0,0,0,205,133,3,
67.563365,2,5,6,0,0,0,0,205,133,3,
67.676719,2,5,6,0,0,0,0,205,133,3,
67.767736,2,5,6,0,0,0,0,205,133,3,
67.858903,2,5,6,0,0,0,0,205,133,3,
67.974816,2,5,6,0,0,0,0,205,133,3,
68.065070,2,5,6,0,0,0,0,205,133,3,
68.157651,2,5,6,0,0,0,0,205,133,3,
68.270657,2,5,6,0,0,0,0,205,133,3,
68.362284,2,5,6,0,0,0,0,205,133,3,
68.476628,2,5,6,0,0,0,0,205,133,3,
68.568011,2,5,6,0,0,0,0,205,133,3,
68.660313,2,5,6,0,0,0,0,205,133,3,
68.769813,2,5,6,0,0,0,0,205,133,3,
68.862978,2,5,6,0,0,0,0,205,133,3,
68.972811,2,5,6,0,0,0,0,205,133,3,
69.063394,2,5,6,0,0,0,0,205,133,3,
69.176200,2,5,6,0,0,0,0,205,133,3,
69.266458,2,5,6,0,0,0,0,205,133,3,
69.357193,2,5,6,0,0,0,0,205,133,3,
69.470270,2,5,6,0,0,0,0,205,133,3,
69.562078,2,5,6,0,0,0,0,205,133,3,
69.671335,2,5,6,0,0,0,0,205,133,3,
69.765731,2,5,6,0,0,0,0,205,133,3,
69.860706,2,5,6,0,0,0,0,205,133,3,
69.973534,2,5,6,0,0,0,0,205,133,3,
70.067270,2,5,6,0,0,0,0,205,133,3,
70.159842,2,5,6,0,0,0,0,205,133,3,
70.271336,2,5,6,0,0,0,0,205,133,3,
70.361430,2,5,6,0,0,0,0,205,133,3,
70.473877,2,5,6,0,0,0,0,205,133,3,
70.567177,2,5,6,0,0,0,0,205,133,3,
70.656572,2,5,6,0,0,0,0,205,133,3,
70.769374,2,5,6,0,0,0,0,205,133,3,
70.871886,2,5,6,0,0,0,0,205,133,3,
70.965270,2,5,6,0,0,0,0,205,133,3,
71.060632,2,5,6,0,0,0,0,205,133,3,
71.173989,2,5,6,0,0,0,0,205,133,3,
71.265776,2,5,6,0,0,0,0,205,133,3,
71.356964,2,5,6,0,0,0,0,205,133,3,
71.470503,2,5,6,0,0,0,0,205,133,3,
71.565730,2,5,6,0,0,0,0,205,133,3,
71.675151,2,5,6,0,0,0,0,205,133,3,
71.766581,2,5,6,0,0,0,0,205,133,3,
71.858019,2,5,6,0,0,0,0,205,133,3,
71.968678,2,5,6,0,0,0,0,205,133,3,
72.060975,2,5,6,0,0,0,0,205,133,3,
72.175306,2,5,6,0,0,0,0,205,133,3,
72.267250,2,5,6,0,0,0,0,205,133,3,
72.357490,2,5,6,0,0,0,0,205,133,3,
72.470807,2,5,6,0,0,0,0,205,133,3,
72.563223,2,5,6,0,0,0,0,205,133,3,
72.676105,2,5,6,0,0,0,0,205,133,3,
72.768981,2,5,6,0,0,0,0,205,133,3,
72.861423,2,5,6,0,0,0,0,205,133,3,
72.969861,2,5,6,0,0,0,0,205,133,3,
73.063071,2,5,6,0,0,0,0,205,133,3,
73.171665,2,5,6,0,0,0,0,205,133,3,
73.262886,2,5,6,0,0,0,0,205,133,3,
73.376105,2,5,6,0,0,0,0,205,133,3,
73.467902,2,5,6,0,0,0,0,205,133,3,
73.558339,2,5,6,0,0,0,0,205,133,3,
73.671347,2,5,6,0,0,0,0,205,133,3,
73.764599,2,5,6,0,0,0,0,205,133,3,
73.858174,2,5,6,0,0,0,0,205,133,3,
73.968974,2,5,6,0,0,0,0,205,133,3,
74.065655,2,5,6,0,0,0,0,205,133,3,
74.158228,2,5,6,0,0,0,0,205,133,3,
74.269081,2,5,6,0,0,0,0,205,133,3,
74.359764,2,5,6,0,0,0,0,205,133,3,
74.474021,2,5,6,0,0,0,0,205,133,3,
74.566379,2,5,6,0,0,0,0,205,133,3,
74.657126,2,5,6,0,0,0,0,205,133,3,
74.767995,2,5,6,0,0,0,0,205,133,3,
74.858911,2,5,6,0,0,0,0,205,133,3,
74.974098,2,5,6,0,0,0,0,205,133,3,
75.066893,2,5,6,0,0,0,0,205,133,3,
75.157246,2,5,6,0,0,0,0,205,133,3,
75.269730,2,5,6,0,0,0,0,205,133,3,
75.362673,2,5,6,0,0,0,0,205,133,3,
75.458318,2,5,6,0,0,0,0,205,133,3,
75.569351,2,5,6,0,0,0,0,205,133,3,
75.661621,2,5,6,0,0,0,0,205,133,3,
75.772296,2,5,6,0,0,0,0,205,133,3,
75.865640,2,5,6,0,0,0,0,205,133,3,
75.964155,2,5,6,0,0,0,0,205,133,3,
76.077342,2,5,6,0,0,0,0,205,133,3,
76.167651,2,5,6,0,0,0,0,205,133,3,
76.260676,2,5,6,0,0,0,0,205,133,3,
76.371240,2,5,6,0,0,0,0,205,133,3,
76.464565,2,5,6,0,0,0,0,205,133,3,
76.557849,2,5,6,0,0,0,0,205,133,3,
76.671220,2,5,6,0,0,0,0,205,133,3,
76.765160,2,5,6,0,0,0,0,205,133,3,
76.858551,2,5,6,0,0,0,0,205,133,3,
76.969867,2,5,6,0,0,0,0,205,133,3,
77.058241,2,5,6,0,0,0,0,205,133,3,
77.170388,2,5,6,0,0,0,0,205,133,3,
77.263624,2,5,6,0,0,0,0,205,133,3,
77.358887,2,5,6,0,0,0,0,205,133,3,
77.471338,2,5,6,0,0,0,0,205,133,3,
77.562621,2,5,6,0,0,0,0,205,133,3,
77.674065,2,5,6,0,0,0,0,205,133,3,
77.767555,2,5,6,0,0,0,0,205,133,3,
77.856642,2,5,6,0,0,0,0,205,133,3,
77.967709,2,5,6,0,0,0,0,205,133,3,
78.057315,2,5,6,0,0,0,0,205,133,3,
78.168457,2,5,6,0,0,0,0,205,133,3,
78.260272,2,5,6,0,0,0,0,205,133,3,
78.372900,2,5,6,0,0,0,0,205,133,3,
78.463162,2,5,6,0,0,0,0,205,133,3,
78.574130,2,5,6,0,0,0,0,205,133,3,
78.665639,2,5,6,0,0,0,0,205,133,3,
78.756933,2,5,6,0,0,0,0,205,133,3,
78.867261,2,5,6,0,0,0,0,205,133,3,
78.957502,2,5,6,0,0,0,0,205,133,3,
79.068647,2,5,6,0,0,0,0,205,133,3,
79.159537,2,5,6,0,0,0,0,205,133,3,
79.271581,2,5,6,0,0,0,0,205,133,3,
79.364768,2,5,6,0,0,0,0,205,133,3,
79.476410,2,5,6,0,0,0,0,205,133,3,
79.567724,2,5,6,0,0,0,0,205,133,3,
79.660516,2,5,6,0,0,0,0,205,133,3,
79.769872,2,5,6,0,0,0,0,205,133,3,
79.861930,2,5,6,0,0,0,0,205,133,3,
79.975110,2,5,6,0,0,0,0,205,133,3,
80.070124,2,5,6,0,0,0,0,205,133,3,
80.161284,2,5,6,0,0,0,0,205,133,3,
80.273589,2,5,6,0,0,0,0,205,133,3,
80.364799,2,5,6,0,0,0,0,205,133,3,
80.458403,2,5,6,0,0,0,0,205,133,3,
80.569815,2,5,6,0,0,0,0,205,133,3,
80.662485,2,5,6,0,0,0,0,205,133,3,
80.773694,2,5,6,0,0,0,0,205,133,3,
80.867307,2,5,6,0,0,0,0,205,133,3,
80.957904,2,5,6,0,0,0,0,205,133,3,
81.072473,2,5,6,0,0,0,0,205,133,3,
81.164867,2,5,6,0,0,0,0,205,133,3,
81.276111,2,5,6,0,0,0,0,205,133,3,
81.366272,2,5,6,0,0,0,0,205,133,3,
81.457635,2,5,6,0,0,0,0,205,133,3,
81.571760,2,5,6,0,0,0,0,205,133,3,
81.666350,2,5,6,0,0,0,0,205,133,3,
81.763137,2,5,6,0,0,0,0,205,133,3,
81.872532,2,5,6,0,0,0,0,205,133,3,
81.964901,2,5,6,0,0,0,0,205,133,3,
82.066909,2,5,6,0,0,0,0,205,133,3,
82.160639,2,5,6,0,0,0,0,205,133,3,
82.273359,2,5,6,0,0,0,0,205,133,3,
82.366461,2,5,6,0,0,0,0,205,133,3,
82.460184,2,5,6,0,0,0,0,205,133,3,
82.576677,2,5,6,0,0,0,0,205,133,3,
82.665107,2,5,6,0,0,0,0,205,133,3,
82.775765,2,5,6,0,0,0,0,205,133,3,
82.865373,2,5,6,0,0,0,0,205,133,3,
82.978654,2,5,6,0,0,0,0,205,133,3,
83.069098,2,5,6,0,0,0,0,205,133,3,
83.162269,2,5,6,0,0,0,0,205,133,3,
83.271735,2,5,6,0,0,0,0,205,133,3,
83.364933,2,5,6,0,0,0,0,205,133,3,
83.457290,2,5,6,0,0,0,0,205,133,3,
83.568844,2,5,6,0,0,0,0,205,133,3,
83.663101,2,5,6,0,0,0,0,205,133,3,
83.757530,2,5,6,0,0,0,0,205,133,3,
83.868941,2,5,6,0,0,0,0,205,133,3,
83.962490,2,5,6,0,0,0,0,205,133,3,
84.074692,2,5,6,0,0,0,0,205,133,3,
84.166953,2,5,6,0,0,0,0,205,133,3,
84.259605,2,5,6,0,0,0,0,205,133,3,
84.373847,2,5,6,0,0,0,0,205,133,3,
84.465091,2,5,6,0,0,0,0,205,133,3,
84.558412,2,5,6,0,0,0,0,205,133,3,
84.670374,2,5,6,0,0,0,0,205,133,3,
84.763583,2,5,6,0,0,0,0,205,133,3,
84.874209,2,5,6,0,0,0,0,205,133,3,
84.967139,2,5,6,0,0,0,0,205,133,3,
85.058610,2,5,6,0,0,0,0,205,133,3,
85.171919,2,5,6,0,0,0,0,205,133,3,
85.264004,2,5,6,0,0,0,0,205,133,3,
85.359505,2,5,6,0,0,0,0,205,133,3,
85.469766,2,5,6,0,0,0,0,205,133,3,
85.563072,2,5,6,0,0,0,0,205,133,3,
85.673136,2,5,6,0,0,0,0,205,133,3,
85.763588,2,5,6,0,0,0,0,205,133,3,
85.858647,2,5,6,0,0,0,0,205,133,3,
85.969193,2,5,6,0,0,0,0,205,133,3,
86.061598,2,5,6,0,0,0,0,205,133,3,
86.170731,2,5,6,0,0,0,0,205,133,3,
86.263976,2,5,6,0,0,0,0,205,133,3,
86.374703,2,5,6,0,0,0,0,205,133,3,
86.469037,2,5,6,0,0,0,0,205,133,3,
86.558593,2,5,6,0,0,0,0,205,133,3,
86.670236,2,5,6,0,0,0,0,205,133,3,
86.761696,2,5,6,0,0,0,0,205,133,3,
86.860133,2,5,6,0,0,0,0,205,133,3,
86.969332,2,5,6,0,0,0,0,205,133,3,
87.064417,2,5,6,0,0,0,0,205,133,3,
87.173559,2,5,6,0,0,0,0,205,133,3,
87.265749,2,5,6,0,0,0,0,205,133,3,
87.357640,2,5,6,0,0,0,0,205,133,3,
87.467807,2,5,6,0,0,0,0,205,133,3,
87.560934,2,5,6,0,0,0,0,205,133,3,
87.672875,2,5,6,0,0,0,0,205,133,3,
87.764214,2,5,6,0,0,0,0,205,133,3,
87.858494,2,5,6,0,0,0,0,205,133,3,
87.971116,2,5,6,0,0,0,0,205,133,3,
88.063472,2,5,6,0,0,0,0,205,133,3,
88.175878,2,5,6,0,0,0,0,205,133,3,
88.266441,2,5,6,0,0,0,0,205,133,3,
88.359993,2,5,6,0,0,0,0,205,133,3,
88.473134,2,5,6,0,0,0,0,205,133,3,
88.565267,2,5,6,0,0,0,0,205,133,3,
88.658667,2,5,6,0,0,0,0,205,133,3,
88.771830,2,5,6,0,0,0,0,205,133,3,
88.861704,2,5,6,0,0,0,0,205,133,3,
88.975412,2,5,6,0,0,0,0,205,133,3,
89.066480,2,5,6,0,0,0,0,205,133,3,
89.158792,2,5,6,0,0,0,0,205,133,3,
89.271476,2,5,6,0,0,0,0,205,133,3,
89.375562,2,5,6,0,0,0,0,205,133,3,
89.464763,2,5,6,0,0,0,0,205,133,3,
89.576625,2,5,6,0,0,0,0,205,133,3,
89.666171,2,5,6,0,0,0,0,205,133,3,
89.757481,2,5,6,0,0,0,0,205,133,3,
89.869707,2,5,6,0,0,0,0,205,133,3,
89.960963,2,5,6,0,0,0,0,205,133,3,
90.074102,2,5,6,0,0,0,0,205,133,3,
90.164023,2,5,6,0,0,0,0,205,133,3,
90.273594,2,5,6,0,0,0,0,205,133,3,
90.363911,2,5,6,0,0,0,0,205,133,3,
90.457524,2,5,6,0,0,0,0,205,133,3,
90.573400,2,5,6,0,0,0,0,205,133,3,
90.665038,2,5,6,0,0,0,0,205,133,3,
90.776810,2,5,6,0,0,0,0,205,133,3,
90.868479,2,5,6,0,0,0,0,205,133,3,
90.961940,2,5,6,0,0,0,0,205,133,3,
91.070668,2,5,6,0,0,0,0,205,133,3,
91.162893,2,5,6,0,0,0,0,205,133,3,
91.275381,2,5,6,0,0,0,0,205,133,3,
91.368434,2,5,6,0,0,0,0,205,133,3,
91.461473,2,5,6,0,0,0,0,205,133,3,
91.574420,2,5,6,0,0,0,0,205,133,3,
91.665063,2,5,6,0,0,0,0,205,133,3,
91.777264,2,5,6,0,0,0,0,205,133,3,
91.867026,2,5,6,0,0,0,0,205,133,3,
91.961047,2,5,6,0,0,0,0,205,133,3,
92.076462,2,5,6,0,0,0,0,205,133,3,
92.166286,2,5,6,0,0,0,0,205,133,3,
92.257837,2,5,6,0,0,0,0,205,133,3,
92.369581,2,5,6,0,0,0,0,205,133,3,
92.462835,2,5,6,0,0,0,0,205,133,3,
92.574114,2,5,6,0,0,0,0,205,133,3,
92.666608,2,5,6,0,0,0,0,205,133,3,
92.757369,2,5,6,0,0,0,0,205,133,3,
92.868006,2,5,6,0,0,0,0,205,133,3,
92.961525,2,5,6,0,0,0,0,205,133,3,
93.071493,2,5,6,0,0,0,0,205,133,3,
93.166357,2,5,6,0,0,0,0,205,133,3,
93.270663,2,5,6,0,0,0,0,205,133,3,
93.364988,2,5,6,0,0,0,0,205,133,3,
93.475438,2,5,6,0,0,0,0,205,133,3,
93.566657,2,5,6,0,0,0,0,205,133,3,
93.678570,2,5,6,0,0,0,0,205,133,3,
93.769548,2,5,6,0,0,0,0,205,133,3,
93.859770,2,5,6,0,0,0,0,205,133,3,
93.971295,2,5,6,0,0,0,0,205,133,3,
94.062026,2,5,6,0,0,0,0,205,133,3,
94.172914,2,5,6,0,0,0,0,205,133,3,
94.262288,2,5,6,0,0,0,0,205,133,3,
94.374353,2,5,6,0,0,0,0,205,133,3,
94.465100,2,5,6,0,0,0,0,205,133,3,
94.556364,2,5,6,0,0,0,0,205,133,3,
94.670713,2,5,6,0,0,0,0,205,133,3,
94.761607,2,5,6,0,0,0,0,205,133,3,
94.874799,2,5,6,0,0,0,0,205,133,3,
94.966186,2,5,6,0,0,0,0,205,133,3,
95.059012,2,5,6,0,0,0,0,205,133,3,
95.168990,2,5,6,0,0,0,0,205,133,3,
95.258462,2,5,6,0,0,0,0,205,133,3,
95.369580,2,5,6,0,0,0,0,205,133,3,
95.464985,2,5,6,0,0,0,0,205,133,3,
95.576088,2,5,6,0,0,0,0,205,133,3,
95.665775,2,5,6,0,0,0,0,205,133,3,
95.761044,2,5,6,0,0,0,0,205,133,3,
95.875027,2,5,6,0,0,0,0,205,133,3,
95.965757,2,5,6,0,0,0,0,205,133,3,
96.058265,2,5,6,0,0,0,0,205,133,3,
96.172285,2,5,6,0,0,0,0,205,133,3,
96.263728,2,5,6,0,0,0,0,205,133,3,
96.358326,2,5,6,0,0,0,0,205,133,3,
96.468636,2,5,6,0,0,0,0,205,133,3,
96.559993,2,5,6,0,0,0,0,205,133,3,
96.670270,2,5,6,0,0,0,0,205,133,3,
96.764389,2,5,6,0,0,0,0,205,133,3,
96.874417,2,5,6,0,0,0,0,205,133,3,
96.965732,2,5,6,0,0,0,0,205,133,3,
97.057544,2,5,6,0,0,0,0,205,133,3,
97.167761,2,5,6,0,0,0,0,205,133,3,
97.259356,2,5,6,0,0,0,0,205,133,3,
97.375637,2,5,6,0,0,0,0,205,133,3,
97.467444,2,5,6,0,0,0,0,205,133,3,
97.560194,2,5,6,0,0,0,0,205,133,3,
97.669968,2,5,6,0,0,0,0,205,133,3,
97.761735,2,5,6,0,0,0,0,205,133,3,
97.871778,2,5,6,0,0,0,0,205,133,3,
97.964464,2,5,6,0,0,0,0,205,133,3,
98.076609,2,5,6,0,0,0,0,205,133,3,
98.167978,2,5,6,0,0,0,0,205,133,3,
98.258631,2,5,6,0,0,0,0,205,133,3,
98.371861,2,5,6,0,0,0,0,205,133,3,
98.463653,2,5,6,0,0,0,0,205,133,3,
98.573943,2,5,6,0,0,0,0,205,133,3,
98.665909,2,5,6,0,0,0,0,205,133,3,
98.758279,2,5,6,0,0,0,0,205,133,3,
98.870256,2,5,6,0,0,0,0,205,133,3,
98.965610,2,5,6,0,0,0,0,205,133,3,
99.060571,2,5,6,0,0,0,0,205,133,3,
99.171506,2,5,6,0,0,0,0,205,133,3,
99.262675,2,5,6,0,0,0,0,205,133,3,
99.375198,2,5,6,0,0,0,0,205,133,3,
99.471331,2,5,6,0,0,0,0,205,133,3,
99.562187,2,5,6,0,0,0,0,205,133,3,
99.674567,2,5,6,0,0,0,0,205,133,3,
99.767671,2,5,6,0,0,0,0,205,133,3,
99.857562,2,5,6,0,0,0,0,205,133,3,
99.969848,2,5,6,0,0,0,0,205,133,3,
100.062023,2,5,6,0,0,0,0,205,133,3,
100.174894,2,5,6,0,0,0,0,205,133,3,
100.269249,2,5,6,0,0,0,0,205,133,3,
100.359277,2,5,6,0,0,0,0,205,133,3,
100.471631,2,5,6,0,0,0,0,205,133,3,
100.565209,2,5,6,0,0,0,0,205,133,3,
100.657126,2,5,6,0,0,0,0,205,133,3,
100.767815,2,5,6,0,0,0,0,205,133,3,
100.861200,2,5,6,0,0,0,0,205,133,3,
100.971750,2,5,6,0,0,0,0,205,133,3,
101.063890,2,5,6,0,0,0,0,205,133,3,
101.157247,2,5,6,0,0,0,0,205,133,3,
101.272078,2,5,6,0,0,0,0,205,133,3,
101.364444,2,5,6,0,0,0,0,205,133,3,
101.473923,2,5,6,0,0,0,0,205,133,3,
101.565444,2,5,6,0,0,0,0,205,133,3,
101.676834,2,5,6,0,0,0,0,205,133,3,
101.764884,2,5,6,0,0,0,0,205,133,3,
101.858197,2,5,6,0,0,0,0,205,133,3,
101.968598,2,5,6,0,0,0,0,205,133,3,
102.061025,2,5,6,0,0,0,0,205,133,3,
102.171813,2,5,6,0,0,0,0,205,133,3,
102.263503,2,5,6,0,0,0,0,205,133,3,
102.356122,2,5,6,0,0,0,0,205,133,3,
102.469700,2,5,6,0,0,0,0,205,133,3,
102.562731,2,5,6,0,0,0,0,205,133,3,
102.659787,2,5,6,0,0,0,0,205,133,3,
102.769643,2,5,6,0,0,0,0,205,133,3,
102.861347,2,5,6,0,0,0,0,205,133,3,
102.974878,2,5,6,0,0,0,0,205,133,3,
103.065290,2,5,6,0,0,0,0,205,133,3,
103.160372,2,5,6,0,0,0,0,205,133,3,
103.269753,2,5,6,0,0,0,0,205,133,3,
103.361176,2,5,6,0,0,0,0,205,133,3,
103.473808,2,5,6,0,0,0,0,205,133,3,
103.565302,2,5,6,0,0,0,0,205,133,3,
103.677184,2,5,6,0,0,0,0,205,133,3,
103.766643,2,5,6,0,0,0,0,205,133,3,
103.858220,2,5,6,0,0,0,0,205,133,3,
103.968698,2,5,6,0,0,0,0,205,133,3,
104.060390,2,5,6,0,0,0,0,205,133,3,
104.173567,2,5,6,0,0,0,0,205,133,3,
104.266156,2,5,6,0,0,0,0,205,133,3,
104.378024,2,5,6,0,0,0,0,205,133,3,
104.474808,2,5,6,0,0,0,0,205,133,3,
104.564865,2,5,6,0,0,0,0,205,133,3,
104.657238,2,5,6,0,0,0,0,205,133,3,
104.769077,2,5,6,0,0,0,0,205,133,3,
104.861152,2,5,6,0,0,0,0,205,133,3,
104.974692,2,5,6,0,0,0,0,205,133,3,
105.064822,2,5,6,0,0,0,0,205,133,3,
105.175317,2,5,6,0,0,0,0,205,133,3,
105.265866,2,5,6,0,0,0,0,205,133,3,
105.358026,2,5,6,0,0,0,0,205,133,3,
105.471192,2,5,6,0,0,0,0,205,133,3,
105.561042,2,5,6,0,0,0,0,205,133,3,
105.674115,2,5,6,0,0,0,0,205,133,3,
105.767412,2,5,6,0,0,0,0,205,133,3,
105.859064,2,5,6,0,0,0,0,205,133,3,
105.971096,2,5,6,0,0,0,0,205,133,3,
106.062496,2,5,6,0,0,0,0,205,133,3,
106.173324,2,5,6,0,0,0,0,205,133,3,
106.263214,2,5,6,0,0,0,0,205,133,3,
106.374347,2,5,6,0,0,0,0,205,133,3,
106.464625,2,5,6,0,0,0,0,205,133,3,
106.558612,2,5,6,0,0,0,0,205,133,3,
106.669042,2,5,6,0,0,0,0,205,133,3,
106.761219,2,5,6,0,0,0,0,205,133,3,
106.872529,2,5,6,0,0,0,0,205,133,3,
106.963697,2,5,6,0,0,0,0,205,133,3,
107.076375,2,5,6,0,0,0,0,205,133,3,
107.167127,2,5,6,0,0,0,0,205,133,3,
107.258067,2,5,6,0,0,0,0,205,133,3,
107.371300,2,5,6,0,0,0,0,205,133,3,
107.464256,2,5,6,0,0,0,0,205,133,3,
107.573708,2,5,6,0,0,0,0,205,133,3,
107.665385,2,5,6,0,0,0,0,205,133,3,
107.757451,2,5,6,0,0,0,0,205,133,3,
107.867855,2,5,6,0,0,0,0,205,133,3,
107.959413,2,5,6,0,0,0,0,205,133,3,
108.069378,2,5,6,0,0,0,0,205,133,3,
108.162557,2,5,6,0,0,0,0,205,133,3,
108.274835,2,5,6,0,0,0,0,205,133,3,
108.365935,2,5,6,0,0,0,0,205,133,3,
108.458918,2,5,6,0,0,0,0,205,133,3,
108.567023,2,5,6,0,0,0,0,205,133,3,
108.659485,2,5,6,0,0,0,0,205,133,3,
108.772503,2,5,6,0,0,0,0,205,133,3,
108.868064,2,5,6,0,0,0,0,205,133,3,
108.959043,2,5,6,0,0,0,0,205,133,3,
109.070007,2,5,6,0,0,0,0,205,133,3,
109.159115,2,5,6,0,0,0,0,205,133,3,
109.271713,2,5,6,0,0,0,0,205,133,3,
109.364657,2,5,6,0,0,0,0,205,133,3,
109.476318,2,5,6,0,0,0,0,205,133,3,
109.569588,2,5,6,0,0,0,0,205,133,3,
109.661449,2,5,6,0,0,0,0,205,133,3,
109.771487,2,5,6,0,0,0,0,205,133,3,
109.865099,2,5,6,0,0,0,0,205,133,3,
109.976345,2,5,6,0,0,0,0,205,133,3,
110.068375,2,5,6,0,0,0,0,205,133,3,
110.160768,2,5,6,0,0,0,0,205,133,3,
110.272499,2,5,6,0,0,0,0,205,133,3,
110.366629,2,5,6,0,0,0,0,205,133,3,
110.459874,2,5,6,0,0,0,0,205,133,3,
110.571081,2,5,6,0,0,0,0,205,133,3,
110.662775,2,5,6,0,0,0,0,205,133,3,
110.773598,2,5,6,0,0,0,0,205,133,3,
110.862751,2,5,6,0,0,0,0,205,133,3,
110.972781,2,5,6,0,0,0,0,205,133,3,
111.064793,2,5,6,0,0,0,0,205,133,3,
111.174968,2,5,6,0,0,0,0,205,133,3,
111.265001,2,5,6,0,0,0,0,205,133,3,
111.358088,2,5,6,0,0,0,0,205,133,3,
111.468152,2,5,6,0,0,0,0,205,133,3,
111.557157,2,5,6,0,0,0,0,205,133,3,
111.668341,2,5,6,0,0,0,0,205,133,3,
111.759381,2,5,6,0,0,0,0,205,133,3,
111.868368,2,5,6,0,0,0,0,205,133,3,
111.959759,2,5,6,0,0,0,0,205,133,3,
112.071484,2,5,6,0,0,0,0,205,133,3,
112.160589,2,5,6,0,0,0,0,205,133,3,
112.270647,2,5,6,0,0,0,0,205,133,3,
112.361705,2,5,6,0,0,0,0,205,133,3,
112.473776,2,5,6,0,0,0,0,205,133,3,
112.565928,2,5,6,0,0,0,0,205,133,3,
112.659004,2,5,6,0,0,0,0,205,133,3,
112.770057,2,5,6,0,0,0,0,205,133,3,
112.860608,2,5,6,0,0,0,0,205,133,3,
112.971157,2,5,6,0,0,0,0,205,133,3,
113.062718,2,5,6,0,0,0,0,205,133,3,
113.172406,2,5,6,0,0,0,0,205,133,3,
113.262494,2,5,6,0,0,0,0,205,133,3,
113.373451,2,5,6,0,0,0,0,205,133,3,
113.463516,2,5,6,0,0,0,0,205,133,3,
113.572356,2,5,6,0,0,0,0,205,133,3,
113.672609,2,5,6,0,0,0,0,205,133,3,
113.762714,2,5,6,0,0,0,0,205,133,3,
113.874758,2,5,6,0,0,0,0,205,133,3,
113.966855,2,5,6,0,0,0,0,205,133,3,
114.057416,2,5,6,0,0,0,0,205,133,3,
114.168037,2,5,6,0,0,0,0,205,133,3,
114.258233,2,5,6,0,0,0,0,205,133,3,
114.372043,2,5,6,0,0,0,0,205,133,3,
114.461245,2,5,6,0,0,0,0,205,133,3,
114.572147,2,5,6,0,0,0,0,205,133,3,
114.663887,2,5,6,0,0,0,0,205,133,3,
114.758175,2,5,6,0,0,0,0,205,133,3,
114.867481,2,5,6,0,0,0,0,205,133,3,
114.959605,2,5,6,0,0,0,0,205,133,3,
115.071414,2,5,6,0,0,0,0,205,133,3,
115.164363,2,5,6,0,0,0,0,205,133,3,
115.275505,2,5,6,0,0,0,0,205,133,3,
115.367603,2,5,6,0,0,0,0,205,133,3,
115.462454,2,5,6,0,0,0,0,205,133,3,
115.572636,2,5,6,0,0,0,0,205,133,3,
115.665105,2,5,6,0,0,0,0,205,133,3,
115.775108,2,5,6,0,0,0,0,205,133,3,
115.869216,2,5,6,0,0,0,0,205,133,3,
115.963752,2,5,6,0,0,0,0,205,133,3,
116.076101,2,5,6,0,0,0,0,205,133,3,
116.166747,2,5,6,0,0,0,0,205,133,3,
116.258222,2,5,6,0,0,0,0,205,133,3,
116.367881,2,5,6,0,0,0,0,205,133,3,
116.461605,2,5,6,0,0,0,0,205,133,3,
116.571582,2,5,6,0,0,0,0,205,133,3,
116.664215,2,5,6,0,0,0,0,205,133,3,
116.775663,2,5,6,0,0,0,0,205,133,3,
116.867847,2,5,6,0,0,0,0,205,133,3,
116.960487,2,5,6,0,0,0,0,205,133,3,
117.073567,2,5,6,0,0,0,0,205,133,3,
117.164976,2,5,6,0,0,0,0,205,133,3,
117.257065,2,5,6,0,0,0,0,205,133,3,
117.369448,2,5,6,0,0,0,0,205,133,3,
117.461864,2,5,6,0,0,0,0,205,133,3,
117.576234,2,5,6,0,0,0,0,205,133,3,
117.665653,2,5,6,0,0,0,0,205,133,3,
117.760242,2,5,6,0,0,0,0,205,133,3,
117.871888,2,5,6,0,0,0,0,205,133,3,
117.963473,2,5,6,0,0,0,0,205,133,3,
118.060224,2,5,6,0,0,0,0,205,133,3,
118.173066,2,5,6,0,0,0,0,205,133,3,
118.267504,2,5,6,0,0,0,0,205,133,3,
118.358010,2,5,6,0,0,0,0,205,133,3,
118.469886,2,5,6,0,0,0,0,205,133,3,
118.560552,2,5,6,0,0,0,0,205,133,3,
118.672690,2,5,6,0,0,0,0,205,133,3,
118.766398,2,5,6,0,0,0,0,205,133,3,
118.858804,2,5,6,0,0,0,0,205,133,3,
118.968275,2,5,6,0,0,0,0,205,133,3,
119.060175,2,5,6,0,0,0,0,205,133,3,
119.171179,2,5,6,0,0,0,0,205,133,3,
119.262238,2,5,6,0,0,0,0,205,133,3,
119.375258,2,5,6,0,0,0,0,205,133,3,
119.467856,2,5,6,0,0,0,0,205,133,3,
119.557390,2,5,6,0,0,0,0,205,133,3,
119.670354,2,5,6,0,0,0,0,205,133,3,
119.759921,2,5,6,0,0,0,0,205,133,3,
119.875000,2,5,6,0,0,0,0,205,133,3,
119.967488,2,5,6,0,0,0,0,205,133,3,
120.057112,2,5,6,0,0,0,0,205,133,3,
120.165548,2,5,6,0,0,0,0,205,133,3,
120.257996,2,5,6,0,0,0,0,205,133,3,
120.371973,2,5,6,0,0,0,0,205,133,3,
120.462081,2,5,6,0,0,0,0,205,133,3,
120.558030,2,5,6,0,0,0,0,205,133,3,
120.670709,2,5,6,0,0,0,0,205,133,3,
120.762419,2,5,6,0,0,0,0,205,133,3,
120.875311,2,5,6,0,0,0,0,205,133,3,
120.969526,2,5,6,0,0,0,0,205,133,3,
121.061409,2,5,6,0,0,0,0,205,133,3,
121.177235,2,5,6,0,0,0,0,205,133,3,
121.268546,2,5,6,0,0,0,0,205,133,3,
121.362107,2,5,6,0,0,0,0,205,133,3,
121.473600,2,5,6,0,0,0,0,205,133,3,
121.563070,2,5,6,0,0,0,0,205,133,3,
121.676069,2,5,6,0,0,0,0,205,133,3,
121.767348,2,5,6,0,0,0,0,205,133,3,
121.860002,2,5,6,0,0,0,0,205,133,3,
