Time(s),Set Current,Actual Current,Velocity of Vehicle (mph),Speed,Packets Recieved,Packet Errors
0.038540,0.001000,0.001000,0.000000,0.000000,1.000000,0.000000.
0.065586,0.001000,0.001000,0.000000,0.000000,2.000000,0.000000.
0.090784,0.001000,0.001000,0.000000,0.000000,3.000000,0.000000.
0.102809,0.001000,0.001000,0.000000,0.000000,4.000000,0.000000.
0.124907,0.001000,0.001000,0.000000,0.000000,5.000000,0.000000.
0.135688,0.001000,0.001000,0.000000,0.000000,6.000000,0.000000.
0.149414,0.001000,0.001000,0.000000,0.000000,7.000000,0.000000.
0.162027,0.001000,0.001000,0.000000,0.000000,8.000000,0.000000.
0.177426,0.001000,0.001000,0.000000,0.000000,9.000000,0.000000.
0.188797,0.001000,0.001000,0.000000,0.000000,10.000000,0.000000.
0.203825,0.001000,0.001000,0.000000,0.000000,11.000000,0.000000.
0.216867,0.001000,0.001000,0.000000,0.000000,12.000000,0.000000.
0.228256,0.001000,0.001000,0.000000,0.000000,13.000000,0.000000.
0.239385,0.001000,0.001000,0.000000,0.000000,14.000000,0.000000.
0.256324,0.001000,0.001000,0.000000,0.000000,15.000000,0.000000.
0.270607,0.001000,0.001000,0.000000,0.000000,16.000000,0.000000.
0.278504,0.001000,0.001000,0.000000,0.000000,17.000000,0.000000.
0.291381,0.001000,0.001000,0.000000,0.000000,18.000000,0.000000.
0.303489,0.001000,0.001000,0.000000,0.000000,19.000000,0.000000.
0.315058,0.001000,0.001000,0.000000,0.000000,20.000000,0.000000.
0.326872,0.001000,0.001000,0.000000,0.000000,21.000000,0.000000.
0.337353,0.001000,0.001000,0.000000,0.000000,22.000000,0.000000.
0.350250,0.001000,0.001000,0.000000,0.000000,23.000000,0.000000.
0.360361,0.001000,0.001000,0.000000,0.000000,24.000000,0.000000.
0.370959,0.001000,0.001000,0.000000,0.000000,25.000000,0.000000.
0.380399,0.001000,0.001000,0.000000,0.000000,26.000000,0.000000.
0.396678,0.001000,0.001000,0.000000,0.000000,27.000000,0.000000.
0.407999,0.001000,0.001000,0.000000,0.000000,28.000000,0.000000.
0.422001,0.001000,0.001000,0.000000,0.000000,29.000000,0.000000.
0.438301,0.001000,0.001000,0.000000,0.000000,30.000000,0.000000.
0.447928,0.001000,0.001000,0.000000,0.000000,31.000000,0.000000.
0.456430,0.001000,0.001000,0.000000,0.000000,32.000000,0.000000.
0.473302,0.001000,0.001000,0.000000,0.000000,33.000000,0.000000.
0.492904,0.001000,0.001000,0.000000,0.000000,34.000000,0.000000.
0.503663,0.001000,0.001000,0.000000,0.000000,35.000000,0.000000.
0.513120,0.001000,0.001000,0.000000,0.000000,36.000000,0.000000.
0.524471,0.001000,0.001000,0.000000,0.000000,37.000000,0.000000.
0.537298,0.001000,0.001000,0.000000,0.000000,38.000000,0.000000.
0.545375,0.001000,0.001000,0.000000,0.000000,39.000000,0.000000.
0.561215,0.001000,0.001000,0.000000,0.000000,40.000000,0.000000.
0.572888,0.001000,0.001000,0.000000,0.000000,41.000000,0.000000.
0.585287,0.001000,0.001000,0.000000,0.000000,42.000000,0.000000.
0.596002,0.001000,0.001000,0.000000,0.000000,43.000000,0.000000.
0.609498,0.001000,0.001000,0.000000,0.000000,44.000000,0.000000.
0.618466,0.001000,0.001000,0.000000,0.000000,45.000000,0.000000.
0.626747,0.001000,0.001000,0.000000,0.000000,46.000000,0.000000.
0.642441,0.001000,0.001000,0.000000,0.000000,47.000000,0.000000.
0.655388,0.001000,0.001000,0.000000,0.000000,48.000000,0.000000.
0.668075,0.001000,0.001000,0.000000,0.000000,49.000000,0.000000.
0.679675,0.001000,0.001000,0.000000,0.000000,50.000000,0.000000.
0.690225,0.001000,0.001000,0.000000,0.000000,51.000000,0.000000.
0.702876,0.001000,0.001000,0.000000,0.000000,52.000000,0.000000.
0.711306,0.001000,0.001000,0.000000,0.000000,53.000000,0.000000.
0.726377,0.001000,0.001000,0.000000,0.000000,54.000000,0.000000.
0.737459,0.001000,0.001000,0.000000,0.000000,55.000000,0.000000.
0.752864,0.001000,0.001000,0.000000,0.000000,56.000000,0.000000.
0.765087,0.001000,0.001000,0.000000,0.000000,57.000000,0.000000.
0.778599,0.001000,0.001000,0.000000,0.000000,58.000000,0.000000.
0.785914,0.001000,0.001000,0.000000,0.000000,59.000000,0.000000.
0.803929,0.001000,0.001000,0.000000,0.000000,60.000000,0.000000.
0.815523,0.001000,0.001000,0.000000,0.000000,61.000000,0.000000.
0.827238,0.001000,0.001000,0.000000,0.000000,62.000000,0.000000.
0.840753,0.001000,0.001000,0.000000,0.000000,63.000000,0.000000.
0.847871,0.001000,0.001000,0.000000,0.000000,64.000000,0.000000.
0.862601,0.001000,0.001000,0.000000,0.000000,65.000000,0.000000.
0.874098,0.001000,0.001000,0.000000,0.000000,66.000000,0.000000.
0.887238,0.001000,0.001000,0.000000,0.000000,67.000000,0.000000.
0.898070,0.001000,0.001000,0.000000,0.000000,68.000000,0.000000.
0.916520,0.001000,0.001000,0.000000,0.000000,69.000000,0.000000.
0.935818,0.001000,0.001000,0.000000,0.000000,70.000000,0.000000.
0.945689,0.001000,0.001000,0.000000,0.000000,71.000000,0.000000.
0.958889,0.001000,0.001000,0.000000,0.000000,72.000000,0.000000.
0.966021,0.001000,0.001000,0.000000,0.000000,73.000000,0.000000.
0.981338,0.001000,0.001000,0.000000,0.000000,74.000000,0.000000.
0.992667,0.001000,0.001000,0.000000,0.000000,75.000000,0.000000.
1.005394,0.001000,0.001000,0.000000,0.000000,76.000000,0.000000.
1.017139,0.001000,0.001000,0.000000,0.000000,77.000000,0.000000.
1.024659,0.001000,0.001000,0.000000,0.000000,78.000000,0.000000.
1.039027,0.001000,0.001000,0.000000,0.000000,79.000000,0.000000.
1.050429,0.001000,0.001000,0.000000,0.000000,80.000000,0.000000.
1.062155,0.001000,0.001000,0.000000,0.000000,81.000000,0.000000.
1.073216,0.001000,0.001000,0.000000,0.000000,82.000000,0.000000.
1.090767,0.001000,0.001000,0.000000,0.000000,83.000000,0.000000.
1.103768,0.001000,0.001000,0.000000,0.000000,84.000000,0.000000.
1.112243,0.001000,0.001000,0.000000,0.000000,85.000000,0.000000.
1.133125,0.001000,0.001000,0.000000,0.000000,86.000000,0.000000.
1.144919,0.001000,0.001000,0.000000,0.000000,87.000000,0.000000.
1.162394,0.001000,0.001000,0.000000,0.000000,88.000000,0.000000.
1.172827,0.001000,0.001000,0.000000,0.000000,89.000000,0.000000.
1.185752,0.001000,0.001000,0.000000,0.000000,90.000000,0.000000.
1.192675,0.001000,0.001000,0.000000,0.000000,91.000000,0.000000.
1.211085,0.001000,0.001000,0.000000,0.000000,92.000000,0.000000.
1.238992,0.001000,0.001000,0.000000,0.000000,93.000000,0.000000.
1.266070,0.001000,0.001000,0.000000,0.000000,94.000000,0.000000.
1.289266,0.001000,0.001000,0.000000,0.000000,95.000000,0.000000.
1.314987,0.001000,0.001000,0.000000,0.000000,96.000000,0.000000.
1.336251,0.001000,0.001000,0.000000,0.000000,97.000000,0.000000.
1.363172,0.001000,0.001000,0.000000,0.000000,98.000000,0.000000.
1.391417,0.001000,0.001000,0.000000,0.000000,99.000000,0.000000.
1.415190,0.001000,0.001000,0.000000,0.000000,100.000000,0.000000.
1.439005,0.001000,0.001000,0.000000,0.000000,101.000000,0.000000.
1.461444,0.001000,0.001000,0.000000,0.000000,102.000000,0.000000.
1.487636,0.001000,0.001000,0.000000,0.000000,103.000000,0.000000.
1.508761,0.001000,0.001000,0.000000,0.000000,104.000000,0.000000.
1.533663,0.001000,0.001000,0.000000,0.000000,105.000000,0.000000.
1.559776,0.001000,0.001000,0.000000,0.000000,106.000000,0.000000.
1.583948,0.001000,0.001000,0.000000,0.000000,107.000000,0.000000.
1.607810,0.001000,0.001000,0.000000,0.000000,108.000000,0.000000.
1.631447,0.001000,0.001000,0.000000,0.000000,109.000000,0.000000.
1.654046,0.001000,0.001000,0.000000,0.000000,110.000000,0.000000.
1.680020,0.001000,0.001000,0.000000,0.000000,111.000000,0.000000.
1.705609,0.001000,0.001000,0.000000,0.000000,112.000000,0.000000.
1.730407,0.001000,0.001000,0.000000,0.000000,113.000000,0.000000.
1.755701,0.001000,0.001000,0.000000,0.000000,114.000000,0.000000.
1.765856,0.001000,0.001000,0.000000,0.000000,115.000000,0.000000.
1.801503,0.001000,0.001000,0.000000,0.000000,116.000000,0.000000.
1.815991,0.001000,0.001000,0.000000,0.000000,117.000000,0.000000.
1.850873,0.001000,0.001000,0.000000,0.000000,118.000000,0.000000.
1.877689,0.001000,0.001000,0.000000,0.000000,119.000000,0.000000.
1.889457,0.001000,0.001000,0.000000,0.000000,120.000000,0.000000.
1.910805,0.001000,0.001000,0.000000,0.000000,121.000000,0.000000.
1.937725,0.001000,0.001000,0.000000,0.000000,122.000000,0.000000.
1.960165,0.001000,0.001000,0.000000,0.000000,123.000000,0.000000.
1.985662,0.001000,0.001000,0.000000,0.000000,124.000000,0.000000.
2.007488,0.001000,0.001000,0.000000,0.000000,125.000000,0.000000.
2.033487,0.001000,0.001000,0.000000,0.000000,126.000000,0.000000.
2.059452,0.001000,0.001000,0.000000,0.000000,127.000000,0.000000.
2.082772,0.001000,0.001000,0.000000,0.000000,128.000000,0.000000.
2.105130,0.001000,0.001000,0.000000,0.000000,129.000000,0.000000.
2.127715,0.001000,0.001000,0.000000,0.000000,130.000000,0.000000.
2.152720,0.001000,0.001000,0.000000,0.000000,131.000000,0.000000.
2.176766,0.001000,0.001000,0.000000,0.000000,132.000000,0.000000.
2.200981,0.001000,0.001000,0.000000,0.000000,133.000000,0.000000.
2.223886,0.001000,0.001000,0.000000,0.000000,134.000000,0.000000.
2.248077,0.001000,0.001000,0.000000,0.000000,135.000000,0.000000.
2.271838,0.001000,0.001000,0.000000,0.000000,136.000000,0.000000.
2.296659,0.001000,0.001000,0.000000,0.000000,137.000000,0.000000.
2.322114,0.001000,0.001000,0.000000,0.000000,138.000000,0.000000.
2.345785,0.001000,0.001000,0.000000,0.000000,139.000000,0.000000.
2.369283,0.001000,0.001000,0.000000,0.000000,140.000000,0.000000.
2.392901,0.001000,0.001000,0.000000,0.000000,141.000000,0.000000.
2.417791,0.001000,0.001000,0.000000,0.000000,142.000000,0.000000.
2.442956,0.001000,0.001000,0.000000,0.000000,143.000000,0.000000.
2.465278,0.001000,0.001000,0.000000,0.000000,144.000000,0.000000.
2.488197,0.001000,0.001000,0.000000,0.000000,145.000000,0.000000.
2.512965,0.001000,0.001000,0.000000,0.000000,146.000000,0.000000.
2.538333,0.001000,0.001000,0.000000,0.000000,147.000000,0.000000.
2.561708,0.001000,0.001000,0.000000,0.000000,148.000000,0.000000.
2.587587,0.001000,0.001000,0.000000,0.000000,149.000000,0.000000.
2.609193,0.001000,0.001000,0.000000,0.000000,150.000000,0.000000.
2.633298,0.001000,0.001000,0.000000,0.000000,151.000000,0.000000.
2.657223,0.001000,0.001000,0.000000,0.000000,152.000000,0.000000.
2.683818,0.001000,0.001000,0.000000,0.000000,153.000000,0.000000.
2.709296,0.001000,0.001000,0.000000,0.000000,154.000000,0.000000.
2.751114,0.001000,0.001000,0.000000,0.000000,155.000000,0.000000.
2.761662,0.001000,0.001000,0.000000,0.000000,156.000000,0.000000.
2.775260,0.001000,0.001000,0.000000,0.000000,157.000000,0.000000.
2.802473,0.001000,0.001000,0.000000,0.000000,158.000000,0.000000.
2.823048,0.001000,0.001000,0.000000,0.000000,159.000000,0.000000.
2.849940,0.001000,0.001000,0.000000,0.000000,160.000000,0.000000.
2.879633,0.001000,0.001000,0.000000,0.000000,161.000000,0.000000.
2.903618,0.001000,0.001000,0.000000,0.000000,162.000000,0.000000.
2.925417,0.001000,0.001000,0.000000,0.000000,163.000000,0.000000.
2.945736,0.001000,0.001000,0.000000,0.000000,164.000000,0.000000.
2.969727,0.001000,0.001000,0.000000,0.000000,165.000000,0.000000.
3.030637,0.001000,0.001000,0.000000,0.000000,166.000000,0.000000.
3.041036,0.001000,0.001000,0.000000,0.000000,167.000000,0.000000.
3.054171,0.001000,0.001000,0.000000,0.000000,168.000000,0.000000.
3.064605,0.001000,0.001000,0.000000,0.000000,169.000000,0.000000.
3.094695,0.001000,0.001000,0.000000,0.000000,170.000000,0.000000.
3.110623,0.001000,0.001000,0.000000,0.000000,171.000000,0.000000.
3.132613,0.001000,0.001000,0.000000,0.000000,172.000000,0.000000.
3.160362,0.001000,0.001000,0.000000,0.000000,173.000000,0.000000.
3.184052,0.001000,0.001000,0.000000,0.000000,174.000000,0.000000.
3.208753,0.001000,0.001000,0.000000,0.000000,175.000000,0.000000.
3.233184,0.001000,0.001000,0.000000,0.000000,176.000000,0.000000.
3.257116,0.001000,0.001000,0.000000,0.000000,177.000000,0.000000.
3.282193,0.001000,0.001000,0.000000,0.000000,178.000000,0.000000.
3.301330,0.001000,0.001000,0.000000,0.000000,179.000000,0.000000.
3.327921,0.001000,0.001000,0.000000,0.000000,180.000000,0.000000.
3.353574,0.001000,0.001000,0.000000,0.000000,181.000000,0.000000.
3.375600,0.001000,0.001000,0.000000,0.000000,182.000000,0.000000.
3.399624,0.001000,0.001000,0.000000,0.000000,183.000000,0.000000.
3.425838,0.001000,0.001000,0.000000,0.000000,184.000000,0.000000.
3.451316,0.001000,0.001000,0.000000,0.000000,185.000000,0.000000.
3.474815,0.001000,0.001000,0.000000,0.000000,186.000000,0.000000.
3.500401,0.001000,0.001000,0.000000,0.000000,187.000000,0.000000.
3.528963,0.001000,0.001000,0.000000,0.000000,188.000000,0.000000.
3.555853,0.001000,0.001000,0.000000,0.000000,189.000000,0.000000.
3.566780,0.001000,0.001000,0.000000,0.000000,190.000000,0.000000.
3.591636,0.001000,0.001000,0.000000,0.000000,191.000000,0.000000.
3.615809,0.001000,0.001000,0.000000,0.000000,192.000000,0.000000.
3.643041,0.001000,0.001000,0.000000,0.000000,193.000000,0.000000.
3.666285,0.001000,0.001000,0.000000,0.000000,194.000000,0.000000.
3.691417,0.001000,0.001000,0.000000,0.000000,195.000000,0.000000.
3.714786,0.001000,0.001000,0.000000,0.000000,196.000000,0.000000.
3.761008,0.001000,0.001000,0.000000,0.000000,197.000000,0.000000.
3.771307,0.001000,0.001000,0.000000,0.000000,198.000000,0.000000.
3.791685,0.001000,0.001000,0.000000,0.000000,199.000000,0.000000.
3.814004,0.001000,0.001000,0.000000,0.000000,200.000000,0.000000.
3.838901,0.001000,0.001000,0.000000,0.000000,201.000000,0.000000.
3.862140,0.001000,0.001000,0.000000,0.000000,202.000000,0.000000.
3.886477,0.001000,0.001000,0.000000,0.000000,203.000000,0.000000.
3.909997,0.001000,0.001000,0.000000,0.000000,204.000000,0.000000.
3.933427,0.001000,0.001000,0.000000,0.000000,205.000000,0.000000.
3.956602,0.001000,0.001000,0.000000,0.000000,206.000000,0.000000.
3.984140,0.001000,0.001000,0.000000,0.000000,207.000000,0.000000.
4.004360,0.001000,0.001000,0.000000,0.000000,208.000000,0.000000.
4.027515,0.001000,0.001000,0.000000,0.000000,209.000000,0.000000.
4.051194,0.001000,0.001000,0.000000,0.000000,210.000000,0.000000.
4.074986,0.001000,0.001000,0.000000,0.000000,211.000000,0.000000.
4.103096,0.001000,0.001000,0.000000,0.000000,212.000000,0.000000.
4.124287,0.001000,0.001000,0.000000,0.000000,213.000000,0.000000.
4.151761,0.001000,0.001000,0.000000,0.000000,214.000000,0.000000.
4.178676,0.001000,0.001000,0.000000,0.000000,215.000000,0.000000.
4.191242,0.001000,0.001000,0.000000,0.000000,216.000000,0.000000.
4.224415,0.001000,0.001000,0.000000,0.000000,217.000000,0.000000.
4.237046,0.001000,0.001000,0.000000,0.000000,218.000000,0.000000.
4.262795,0.001000,0.001000,0.000000,0.000000,219.000000,0.000000.
4.288340,0.001000,0.001000,0.000000,0.000000,220.000000,0.000000.
4.316227,0.001000,0.001000,0.000000,0.000000,221.000000,0.000000.
4.341170,0.001000,0.001000,0.000000,0.000000,222.000000,0.000000.
4.367556,0.001000,0.001000,0.000000,0.000000,223.000000,0.000000.
4.395165,0.001000,0.001000,0.000000,0.000000,224.000000,0.000000.
4.423378,0.001000,0.001000,0.000000,0.000000,225.000000,0.000000.
4.433234,0.001000,0.001000,0.000000,0.000000,226.000000,0.000000.
4.454705,0.001000,0.001000,0.000000,0.000000,227.000000,0.000000.
4.482780,0.001000,0.001000,0.000000,0.000000,228.000000,0.000000.
4.507400,0.001000,0.001000,0.000000,0.000000,229.000000,0.000000.
4.532390,0.001000,0.001000,0.000000,0.000000,230.000000,0.000000.
4.556083,0.001000,0.001000,0.000000,0.000000,231.000000,0.000000.
4.583643,0.001000,0.001000,0.000000,0.000000,232.000000,0.000000.
4.606961,0.001000,0.001000,0.000000,0.000000,233.000000,0.000000.
4.626517,0.001000,0.001000,0.000000,0.000000,234.000000,0.000000.
4.654526,0.001000,0.001000,0.000000,0.000000,235.000000,0.000000.
4.677763,0.001000,0.001000,0.000000,0.000000,236.000000,0.000000.
4.700489,0.001000,0.001000,0.000000,0.000000,237.000000,0.000000.
4.723022,0.001000,0.001000,0.000000,0.000000,238.000000,0.000000.
4.743996,0.001000,0.001000,0.000000,0.000000,239.000000,0.000000.
4.779016,0.001000,0.001000,0.000000,0.000000,240.000000,0.000000.
4.803755,0.001000,0.001000,0.000000,0.000000,241.000000,0.000000.
4.814891,0.001000,0.001000,0.000000,0.000000,242.000000,0.000000.
4.838347,0.001000,0.001000,0.000000,0.000000,243.000000,0.000000.
4.863156,0.001000,0.001000,0.000000,0.000000,244.000000,0.000000.
4.890744,0.001000,0.001000,0.000000,0.000000,245.000000,0.000000.
4.911769,0.001000,0.001000,0.000000,0.000000,246.000000,0.000000.
4.938022,0.001000,0.001000,0.000000,0.000000,247.000000,0.000000.
4.958980,0.001000,0.001000,0.000000,0.000000,248.000000,0.000000.
4.986027,0.001000,0.001000,0.000000,0.000000,249.000000,0.000000.
5.010794,0.001000,0.001000,0.000000,0.000000,250.000000,0.000000.
5.073363,0.001000,0.001000,0.000000,0.000000,251.000000,0.000000.
5.083015,0.001000,0.001000,0.000000,0.000000,252.000000,0.000000.
5.098778,0.001000,0.001000,0.000000,0.000000,253.000000,0.000000.
5.111894,0.001000,0.001000,0.000000,0.000000,254.000000,0.000000.
5.132795,0.001000,0.001000,0.000000,0.000000,255.000000,0.000000.
5.162767,0.001000,0.001000,0.000000,0.000000,256.000000,0.000000.
5.174930,0.001000,0.001000,0.000000,0.000000,257.000000,0.000000.
5.197240,0.001000,0.001000,0.000000,0.000000,258.000000,0.000000.
5.223078,0.001000,0.001000,0.000000,0.000000,259.000000,0.000000.
5.246765,0.001000,0.001000,0.000000,0.000000,260.000000,0.000000.
5.271227,0.001000,0.001000,0.000000,0.000000,261.000000,0.000000.
5.297967,0.001000,0.001000,0.000000,0.000000,262.000000,0.000000.
5.319459,0.001000,0.001000,0.000000,0.000000,263.000000,0.000000.
5.345093,0.001000,0.001000,0.000000,0.000000,264.000000,0.000000.
5.366248,0.001000,0.001000,0.000000,0.000000,265.000000,0.000000.
5.390961,0.001000,0.001000,0.000000,0.000000,266.000000,0.000000.
5.416905,0.001000,0.001000,0.000000,0.000000,267.000000,0.000000.
5.441008,0.001000,0.001000,0.000000,0.000000,268.000000,0.000000.
5.464727,0.001000,0.001000,0.000000,0.000000,269.000000,0.000000.
5.488462,0.001000,0.001000,0.000000,0.000000,270.000000,0.000000.
5.511371,0.001000,0.001000,0.000000,0.000000,271.000000,0.000000.
5.537801,0.001000,0.001000,0.000000,0.000000,272.000000,0.000000.
5.560869,0.001000,0.001000,0.000000,0.000000,273.000000,0.000000.
5.585991,0.001000,0.001000,0.000000,0.000000,274.000000,0.000000.
5.608470,0.001000,0.001000,0.000000,0.000000,275.000000,0.000000.
5.630625,0.001000,0.001000,0.000000,0.000000,276.000000,0.000000.
5.656501,0.001000,0.001000,0.000000,0.000000,277.000000,0.000000.
5.679245,0.001000,0.001000,0.000000,0.000000,278.000000,0.000000.
5.705720,0.001000,0.001000,0.000000,0.000000,279.000000,0.000000.
5.728934,0.001000,0.001000,0.000000,0.000000,280.000000,0.000000.
5.754894,0.001000,0.001000,0.000000,0.000000,281.000000,0.000000.
5.774914,0.001000,0.001000,0.000000,0.000000,282.000000,0.000000.
5.801853,0.001000,0.001000,0.000000,0.000000,283.000000,0.000000.
5.822713,0.001000,0.001000,0.000000,0.000000,284.000000,0.000000.
5.850063,0.001000,0.001000,0.000000,0.000000,285.000000,0.000000.
5.872517,0.001000,0.001000,0.000000,0.000000,286.000000,0.000000.
5.896643,0.001000,0.001000,0.000000,0.000000,287.000000,0.000000.
5.921956,0.001000,0.001000,0.000000,0.000000,288.000000,0.000000.
5.944518,0.001000,0.001000,0.000000,0.000000,289.000000,0.000000.
5.970230,0.001000,0.001000,0.000000,0.000000,290.000000,0.000000.
5.992704,0.001000,0.001000,0.000000,0.000000,291.000000,0.000000.
6.017162,0.601000,0.601000,0.000000,0.000000,292.000000,0.000000.
6.043060,1.201000,1.201000,0.003779,0.000000,293.000000,0.000000.
6.068321,1.801000,1.801000,0.013530,0.000000,294.000000,0.000000.
6.093901,2.401000,2.401000,0.029823,0.000000,295.000000,0.000000.
6.115370,3.001000,3.001000,0.051475,0.000000,296.000000,0.000000.
6.140664,3.601000,3.601000,0.076165,0.000000,297.000000,0.000000.
6.167460,4.201000,4.201000,0.109932,0.000000,298.000000,0.000000.
6.191628,4.801000,4.801000,0.153230,0.000000,299.000000,0.000000.
6.213318,0.001000,0.001000,0.145623,0.000000,300.000000,0.000000.
6.237641,0.001000,0.001000,0.138348,0.000000,301.000000,0.000000.
6.261914,0.001000,0.001000,0.130370,0.000000,302.000000,0.000000.
6.284971,0.001000,0.001000,0.122392,0.000000,303.000000,0.000000.
6.307738,0.001000,0.001000,0.114386,0.000000,304.000000,0.000000.
6.331149,0.001000,0.001000,0.107011,0.000000,305.000000,0.000000.
6.355646,0.001000,0.001000,0.099549,0.000000,306.000000,0.000000.
6.379843,0.001000,0.001000,0.091664,0.000000,307.000000,0.000000.
6.405066,0.001000,0.001000,0.083675,0.000000,308.000000,0.000000.
6.428902,0.001000,0.001000,0.075367,0.000000,309.000000,0.000000.
6.452801,0.001000,0.001000,0.067514,0.000000,310.000000,0.000000.
6.476707,0.001000,0.001000,0.059600,0.000000,311.000000,0.000000.
6.501237,0.001000,0.001000,0.051874,0.000000,312.000000,0.000000.
6.526050,0.001000,0.001000,0.043400,0.000000,313.000000,0.000000.
6.550786,0.001000,0.001000,0.035575,0.000000,314.000000,0.000000.
6.574833,0.001000,0.001000,0.027222,0.000000,315.000000,0.000000.
6.594638,0.001000,0.001000,0.019599,0.000000,316.000000,0.000000.
6.620674,0.001000,0.001000,0.013089,0.000000,317.000000,0.000000.
6.644190,0.001000,0.001000,0.004541,0.000000,318.000000,0.000000.
6.669112,0.001000,0.001000,0.000000,0.000000,319.000000,0.000000.
6.690327,0.001000,0.001000,0.000000,0.000000,320.000000,0.000000.
6.716774,0.001000,0.001000,0.000000,0.000000,321.000000,0.000000.
6.741079,0.001000,0.001000,0.000000,0.000000,322.000000,0.000000.
6.761996,0.001000,0.001000,0.000000,0.000000,323.000000,0.000000.
6.784903,0.001000,0.001000,0.000000,0.000000,324.000000,0.000000.
6.817629,0.001000,0.001000,0.000000,0.000000,325.000000,0.000000.
6.839916,0.001000,0.001000,0.000000,0.000000,326.000000,0.000000.
6.860187,0.001000,0.001000,0.000000,0.000000,327.000000,0.000000.
6.883538,0.001000,0.001000,0.000000,0.000000,328.000000,0.000000.
6.906438,0.001000,0.001000,0.000000,0.000000,329.000000,0.000000.
6.927632,0.001000,0.001000,0.000000,0.000000,330.000000,0.000000.
6.952915,0.001000,0.001000,0.000000,0.000000,331.000000,0.000000.
6.974824,0.001000,0.001000,0.000000,0.000000,332.000000,0.000000.
7.000523,0.001000,0.001000,0.000000,0.000000,333.000000,0.000000.
7.028109,0.001000,0.001000,0.000000,0.000000,334.000000,0.000000.
7.049701,0.001000,0.001000,0.000000,0.000000,335.000000,0.000000.
7.072963,0.001000,0.001000,0.000000,0.000000,336.000000,0.000000.
7.098526,0.001000,0.001000,0.000000,0.000000,337.000000,0.000000.
7.120833,0.001000,0.001000,0.000000,0.000000,338.000000,0.000000.
7.146038,0.001000,0.001000,0.000000,0.000000,339.000000,0.000000.
7.170003,0.001000,0.001000,0.000000,0.000000,340.000000,0.000000.
7.194149,0.001000,0.001000,0.000000,0.000000,341.000000,0.000000.
7.217641,0.001000,0.001000,0.000000,0.000000,342.000000,0.000000.
7.242599,0.001000,0.001000,0.000000,0.000000,343.000000,0.000000.
7.264849,0.001000,0.001000,0.000000,0.000000,344.000000,0.000000.
7.290505,0.001000,0.001000,0.000000,0.000000,345.000000,0.000000.
7.311528,0.001000,0.001000,0.000000,0.000000,346.000000,0.000000.
7.335705,0.001000,0.001000,0.000000,0.000000,347.000000,0.000000.
7.363300,0.001000,0.001000,0.000000,0.000000,348.000000,0.000000.
7.388639,0.001000,0.001000,0.000000,0.000000,349.000000,0.000000.
7.411630,0.001000,0.001000,0.000000,0.000000,350.000000,0.000000.
7.436025,0.001000,0.001000,0.000000,0.000000,351.000000,0.000000.
7.457653,0.001000,0.001000,0.000000,0.000000,352.000000,0.000000.
7.483376,0.001000,0.001000,0.000000,0.000000,353.000000,0.000000.
7.509302,0.001000,0.001000,0.000000,0.000000,354.000000,0.000000.
7.533871,0.001000,0.001000,0.000000,0.000000,355.000000,0.000000.
7.555425,0.001000,0.001000,0.000000,0.000000,356.000000,0.000000.
7.576623,0.001000,0.001000,0.000000,0.000000,357.000000,0.000000.
7.605303,0.001000,0.001000,0.000000,0.000000,358.000000,0.000000.
7.630381,0.001000,0.001000,0.000000,0.000000,359.000000,0.000000.
7.655125,0.001000,0.001000,0.000000,0.000000,360.000000,0.000000.
7.674256,0.001000,0.001000,0.000000,0.000000,361.000000,0.000000.
7.701710,0.001000,0.001000,0.000000,0.000000,362.000000,0.000000.
7.726425,0.001000,0.001000,0.000000,0.000000,363.000000,0.000000.
7.752982,0.001000,0.001000,0.000000,0.000000,364.000000,0.000000.
7.780122,0.001000,0.001000,0.000000,0.000000,365.000000,0.000000.
7.791887,0.001000,0.001000,0.000000,0.000000,366.000000,0.000000.
7.851618,0.001000,0.001000,0.000000,0.000000,367.000000,0.000000.
7.866706,0.001000,0.001000,0.000000,0.000000,368.000000,0.000000.
7.877459,0.001000,0.001000,0.000000,0.000000,369.000000,0.000000.
7.893000,0.001000,0.001000,0.000000,0.000000,370.000000,0.000000.
7.921628,0.001000,0.001000,0.000000,0.000000,371.000000,0.000000.
7.944467,0.601000,0.601000,0.000000,0.000000,372.000000,0.000000.
7.968540,1.201000,1.201000,0.003471,0.000000,373.000000,0.000000.
7.992389,1.801000,1.801000,0.012939,0.000000,374.000000,0.000000.
8.017090,2.401000,2.401000,0.027782,0.000000,375.000000,0.000000.
8.040892,3.001000,3.001000,0.049809,0.000000,376.000000,0.000000.
8.062117,3.601000,3.601000,0.075435,0.000000,377.000000,0.000000.
8.087369,4.201000,4.201000,0.104438,0.000000,378.000000,0.000000.
8.112470,4.801000,4.801000,0.144051,0.000000,379.000000,0.000000.
8.137836,5.401000,5.401000,0.189941,0.000000,380.000000,0.000000.
8.163051,6.000999,5.044330,0.233249,0.000000,381.000000,0.000000.
8.184469,6.600999,5.405211,0.279586,0.000000,382.000000,0.000000.
8.209016,7.200999,5.053680,0.316581,0.000000,383.000000,0.000000.
8.232700,7.800999,5.407688,0.362608,0.000000,384.000000,0.000000.
8.254142,8.400999,5.063765,0.400688,0.000000,385.000000,0.000000.
8.279859,9.000999,5.409591,0.441223,0.000000,386.000000,0.000000.
8.302646,9.601000,5.073763,0.485072,0.000000,387.000000,0.000000.
8.324655,10.201000,5.411668,0.528587,0.000000,388.000000,0.000000.
8.349534,10.801001,5.084922,0.562754,0.000000,389.000000,0.000000.
8.371934,11.401001,5.411696,0.608757,0.000000,390.000000,0.000000.
8.395469,12.001001,5.097016,0.646281,0.000000,391.000000,0.000000.
8.422029,12.601002,5.411688,0.689946,0.000000,392.000000,0.000000.
8.448425,13.201002,5.109300,0.735117,0.000000,393.000000,0.000000.
8.472267,13.801003,5.412307,0.783839,0.000000,394.000000,0.000000.
8.497164,14.401003,5.122892,0.824478,0.000000,395.000000,0.000000.
8.521444,15.001003,5.411785,0.870291,0.000000,396.000000,0.000000.
8.541809,15.601004,5.136474,0.911512,0.000000,397.000000,0.000000.
8.562513,16.201004,5.411007,0.948704,0.000000,398.000000,0.000000.
8.585289,16.801004,5.149088,0.984448,0.000000,399.000000,0.000000.
8.610427,17.401005,5.409206,1.027197,0.000000,400.000000,0.000000.
8.632968,18.001005,5.162704,1.069820,0.000000,401.000000,0.000000.
8.657902,18.601006,5.408280,1.112064,0.000000,402.000000,0.000000.
8.680894,19.201006,5.176428,1.154485,0.000000,403.000000,0.000000.
8.703935,19.801006,5.407211,1.196899,0.000000,404.000000,0.000000.
8.730019,20.000000,5.190280,1.236848,0.000000,405.000000,0.000000.
8.751805,20.000000,5.405750,1.284702,0.000000,406.000000,0.000000.
8.778703,20.000000,5.204953,1.323280,0.000000,407.000000,0.000000.
8.805842,20.000000,5.404153,1.372136,0.000000,408.000000,0.000000.
8.850797,20.000000,5.219695,1.419061,0.000000,409.000000,0.000000.
8.860860,20.000000,5.403925,1.496775,0.000000,410.000000,0.000000.
8.871888,20.000000,5.238733,1.520503,0.000000,411.000000,0.000000.
8.897154,20.000000,5.400489,1.534047,0.000000,412.000000,0.000000.
8.917648,20.000000,5.247649,1.586688,0.000000,413.000000,0.000000.
8.954752,20.000000,5.401657,1.621941,0.000000,414.000000,0.000000.
8.969491,20.000000,5.259797,1.686592,0.000000,415.000000,0.000000.
8.995143,20.000000,5.404729,1.713343,0.000000,416.000000,0.000000.
9.018611,20.000000,5.270666,1.758799,0.000000,417.000000,0.000000.
9.042105,20.000000,5.405005,1.802869,0.000000,418.000000,0.000000.
9.067284,20.000000,5.283923,1.843542,0.000000,419.000000,0.000000.
9.088988,20.000000,5.404911,1.889994,0.000000,420.000000,0.000000.
9.114811,20.000000,5.297170,1.928333,0.000000,421.000000,0.000000.
9.138319,20.000000,5.404896,1.975816,0.000000,422.000000,0.000000.
9.161331,20.000000,5.310144,2.017942,0.000000,423.000000,0.000000.
9.183782,20.000000,5.405915,2.059359,0.000000,424.000000,0.000000.
9.209500,20.000000,5.321799,2.101157,0.000000,425.000000,0.000000.
9.233673,20.000000,5.407290,2.146705,0.000000,426.000000,0.000000.
9.260851,20.000000,5.333700,2.191796,0.000000,427.000000,0.000000.
9.283973,20.000000,5.409596,2.239747,0.000000,428.000000,0.000000.
9.310521,20.000000,5.345595,2.283453,0.000000,429.000000,0.000000.
9.337037,20.000000,5.412118,2.329930,0.000000,430.000000,0.000000.
9.359804,20.000000,5.356867,2.378482,0.000000,431.000000,0.000000.
9.378109,20.000000,5.415788,2.419678,0.000000,432.000000,0.000000.
9.404033,20.000000,5.367016,2.453531,0.000000,433.000000,0.000000.
9.430213,20.000000,5.417568,2.499865,0.000000,434.000000,0.000000.
9.461117,20.000000,5.377495,2.547471,0.000000,435.000000,0.000000.
9.471171,20.000000,5.421921,2.604153,0.000000,436.000000,0.000000.
9.493463,20.000000,5.389244,2.616977,0.000000,437.000000,0.000000.
9.522889,20.000000,5.421475,2.665039,0.000000,438.000000,0.000000.
9.541681,20.000000,5.398881,2.717981,0.000000,439.000000,0.000000.
9.567190,20.000000,5.427778,2.751387,0.000000,440.000000,0.000000.
9.591059,20.000000,5.406141,2.799360,0.000000,441.000000,0.000000.
9.616990,20.000000,5.433361,2.845603,0.000000,442.000000,0.000000.
9.641018,20.000000,5.415290,2.889291,0.000000,443.000000,0.000000.
9.666389,20.000000,5.438534,2.933388,0.000000,444.000000,0.000000.
9.692674,20.000000,5.423868,2.981129,0.000000,445.000000,0.000000.
9.717309,20.000000,5.444567,3.027476,0.000000,446.000000,0.000000.
9.740256,20.000000,5.432642,3.073787,0.000000,447.000000,0.000000.
9.767139,20.000000,5.450588,3.115361,0.000000,448.000000,0.000000.
9.789938,20.000000,5.440514,3.165271,0.000000,449.000000,0.000000.
9.810600,20.000000,5.457298,3.206730,0.000000,450.000000,0.000000.
9.837903,20.000000,5.448320,3.238800,0.000000,451.000000,0.000000.
9.863427,20.000000,5.461375,3.296110,0.000000,452.000000,0.000000.
9.891614,20.000000,5.458247,3.342428,0.000000,453.000000,0.000000.
9.913484,20.000000,5.468151,3.393855,0.000000,454.000000,0.000000.
9.938642,20.000000,5.467029,3.433973,0.000000,455.000000,0.000000.
9.959804,20.000000,5.474172,3.480885,0.000000,456.000000,0.000000.
9.986037,20.000000,5.474889,3.520198,0.000000,457.000000,0.000000.
10.009148,20.000000,5.480256,3.571996,0.000000,458.000000,0.000000.
10.031895,20.000000,5.483348,3.612627,0.000000,459.000000,0.000000.
10.053663,20.000000,5.486789,3.655966,0.000000,460.000000,0.000000.
10.077259,20.000000,5.490339,3.693823,0.000000,461.000000,0.000000.
10.097147,20.000000,5.492959,3.739368,0.000000,462.000000,0.000000.
10.119235,20.000000,5.497600,3.775386,0.000000,463.000000,0.000000.
10.144403,20.000000,5.498976,3.814443,0.000000,464.000000,0.000000.
10.168827,20.000000,5.503746,3.861475,0.000000,465.000000,0.000000.
10.194980,20.000000,5.506717,3.906705,0.000000,466.000000,0.000000.
10.222187,20.000000,5.511025,3.955138,0.000000,467.000000,0.000000.
10.244136,20.000000,5.514645,4.005675,0.000000,468.000000,0.000000.
10.270089,20.000000,5.519212,4.047313,0.000000,469.000000,0.000000.
10.290924,20.000000,5.521577,4.094941,0.000000,470.000000,0.000000.
10.316941,20.000000,5.526827,4.134914,0.000000,471.000000,0.000000.
10.342662,20.000000,5.528350,4.183010,0.000000,472.000000,0.000000.
10.366089,20.000000,5.534432,4.231183,0.000000,473.000000,0.000000.
10.387152,20.000000,5.536510,4.276620,0.000000,474.000000,0.000000.
10.410860,20.000000,5.541706,4.316696,0.000000,475.000000,0.000000.
10.431686,20.000000,5.543336,4.358415,0.000000,476.000000,0.000000.
10.458430,20.000000,5.548364,4.396894,0.000000,477.000000,0.000000.
10.483715,20.000000,5.549913,4.446663,0.000000,478.000000,0.000000.
10.508143,20.000000,5.556272,4.494948,0.000000,479.000000,0.000000.
10.530909,20.000000,5.558199,4.540030,0.000000,480.000000,0.000000.
10.553812,20.000000,5.563515,4.582557,0.000000,481.000000,0.000000.
10.578548,20.000000,5.565484,4.625153,0.000000,482.000000,0.000000.
10.601727,20.000000,5.570391,4.671655,0.000000,483.000000,0.000000.
10.626173,20.000000,5.573356,4.715901,0.000000,484.000000,0.000000.
10.650292,20.000000,5.577668,4.761492,0.000000,485.000000,0.000000.
10.673753,20.000000,5.581029,4.807201,0.000000,486.000000,0.000000.
10.697664,20.000000,5.585243,4.851088,0.000000,487.000000,0.000000.
10.723452,20.000000,5.588443,4.896489,0.000000,488.000000,0.000000.
10.747617,20.000000,5.592765,4.944568,0.000000,489.000000,0.000000.
10.768454,20.000000,5.596548,4.991069,0.000000,490.000000,0.000000.
10.794758,20.000000,5.600559,5.030714,0.000000,491.000000,0.000000.
10.819196,20.000000,5.603311,5.079125,0.000000,492.000000,0.000000.
10.874473,20.000000,5.608525,5.125219,0.000000,493.000000,0.000000.
10.884928,20.000000,5.611273,5.229811,0.000000,494.000000,0.000000.
10.902491,20.000000,5.625316,5.244360,0.000000,495.000000,0.000000.
10.914883,20.000000,5.615612,5.284348,0.000000,496.000000,0.000000.
10.937612,20.000000,5.630169,5.300483,0.000000,497.000000,0.000000.
10.958739,20.000000,5.620299,5.352028,0.000000,498.000000,0.000000.
10.985618,20.000000,5.636801,5.388779,0.000000,499.000000,0.000000.
11.009190,20.000000,5.628555,5.439560,0.000000,500.000000,0.000000.
11.077841,20.000000,5.643545,5.485156,0.000000,501.000000,0.000000.
11.087520,20.000000,5.638023,5.609088,0.000000,502.000000,0.000000.
11.099482,20.000000,5.662222,5.635327,0.000000,503.000000,0.000000.
11.112398,20.000000,5.645966,5.651122,0.000000,504.000000,0.000000.
11.141495,20.000000,5.662154,5.682010,0.000000,505.000000,0.000000.
11.152467,20.000000,5.653409,5.735227,0.000000,506.000000,0.000000.
11.188248,20.000000,5.669171,5.750829,0.000000,507.000000,0.000000.
11.202106,20.000000,5.658406,5.826107,0.000000,508.000000,0.000000.
11.227265,20.000000,5.679343,5.850972,0.000000,509.000000,0.000000.
11.250098,20.000000,5.665759,5.898616,0.000000,510.000000,0.000000.
11.274941,20.000000,5.684664,5.943194,0.000000,511.000000,0.000000.
11.300647,20.000000,5.675955,5.989687,0.000000,512.000000,0.000000.
11.329551,20.000000,5.690591,6.039640,0.000000,513.000000,0.000000.
11.350261,20.000000,5.686347,6.093958,0.000000,514.000000,0.000000.
11.376708,20.000000,5.698505,6.136015,0.000000,515.000000,0.000000.
11.402174,20.000000,5.695113,6.184864,0.000000,516.000000,0.000000.
11.424504,20.000000,5.705696,6.233992,0.000000,517.000000,0.000000.
11.444693,20.000000,5.704774,6.275807,0.000000,518.000000,0.000000.
11.471020,20.000000,5.712201,6.314887,0.000000,519.000000,0.000000.
11.492259,20.000000,5.712313,6.364818,0.000000,520.000000,0.000000.
11.519436,20.000000,5.720190,6.406016,0.000000,521.000000,0.000000.
11.540973,20.000000,5.720298,6.458279,0.000000,522.000000,0.000000.
11.567630,20.000000,5.728562,6.499384,0.000000,523.000000,0.000000.
11.590114,20.000000,5.728369,6.556523,0.000000,524.000000,0.000000.
11.617774,20.000000,5.737672,6.593425,0.000000,525.000000,0.000000.
11.642058,20.000000,5.735989,6.647573,0.000000,526.000000,0.000000.
11.667846,20.000000,5.746040,6.693450,0.000000,527.000000,0.000000.
11.697039,20.000000,5.745221,6.744276,0.000000,528.000000,0.000000.
11.707121,20.000000,5.754045,6.799541,0.000000,529.000000,0.000000.
11.726759,20.000000,5.755768,6.813334,0.000000,530.000000,0.000000.
11.758034,20.000000,5.756591,6.858983,0.000000,531.000000,0.000000.
11.789344,20.000000,5.763267,6.917213,0.000000,532.000000,0.000000.
11.799405,20.000000,5.767247,6.978035,0.000000,533.000000,0.000000.
11.825080,20.000000,5.773837,6.998575,0.000000,534.000000,0.000000.
11.849156,20.000000,5.771845,7.047476,0.000000,535.000000,0.000000.
11.889800,20.000000,5.781333,7.093391,0.000000,536.000000,0.000000.
11.899929,20.000000,5.781130,7.172343,0.000000,537.000000,0.000000.
11.922664,20.000000,5.794046,7.185995,0.000000,538.000000,0.000000.
11.943513,20.000000,5.785928,7.237050,0.000000,539.000000,0.000000.
11.969027,20.000000,5.800669,7.276599,0.000000,540.000000,0.000000.
11.995161,20.000000,5.795319,7.326087,0.000000,541.000000,0.000000.
12.017736,20.000000,5.807595,7.376229,0.000000,542.000000,0.000000.
12.042377,20.000000,5.805968,7.421542,0.000000,543.000000,0.000000.
12.065770,20.000000,5.814610,7.468063,0.000000,544.000000,0.000000.
12.087510,20.000000,5.815318,7.514208,0.000000,545.000000,0.000000.
12.114696,20.000000,5.822255,7.556149,0.000000,546.000000,0.000000.
12.136538,20.000000,5.823597,7.608867,0.000000,547.000000,0.000000.
12.162097,20.000000,5.831116,7.652456,0.000000,548.000000,0.000000.
12.186821,20.000000,5.832297,7.701758,0.000000,549.000000,0.000000.
12.209125,20.000000,5.839403,7.749732,0.000000,550.000000,0.000000.
12.235186,20.000000,5.841653,7.793198,0.000000,551.000000,0.000000.
12.262381,20.000000,5.846984,7.844872,0.000000,552.000000,0.000000.
12.287329,20.000000,5.851256,7.896923,0.000000,553.000000,0.000000.
12.310031,20.000000,5.856430,7.945982,0.000000,554.000000,0.000000.
12.338489,20.000000,5.860425,7.990050,0.000000,555.000000,0.000000.
12.361743,20.000000,5.864533,8.045385,0.000000,556.000000,0.000000.
12.387073,20.000000,5.870409,8.091255,0.000000,557.000000,0.000000.
12.412436,20.000000,5.873377,8.140323,0.000000,558.000000,0.000000.
12.424501,20.000000,5.879132,8.190402,0.000000,559.000000,0.000000.
12.458165,20.000000,5.882912,8.208216,0.000000,560.000000,0.000000.
12.474391,20.000000,5.882925,8.281260,0.000000,561.000000,0.000000.
12.497028,20.000000,5.894921,8.312173,0.000000,562.000000,0.000000.
12.522896,20.000000,5.890792,8.356374,0.000000,563.000000,0.000000.
12.546687,20.000000,5.901237,8.407770,0.000000,564.000000,0.000000.
12.572716,20.000000,5.901705,8.454485,0.000000,565.000000,0.000000.
12.597887,20.000000,5.909050,8.505680,0.000000,566.000000,0.000000.
12.624448,20.000000,5.911892,8.555714,0.000000,567.000000,0.000000.
12.645658,20.000000,5.917990,8.606806,0.000000,568.000000,0.000000.
12.672642,20.000000,5.921798,8.653628,0.000000,569.000000,0.000000.
12.692331,20.000000,5.926653,8.701757,0.000000,570.000000,0.000000.
12.712925,20.000000,5.930941,8.740496,0.000000,571.000000,0.000000.
12.739970,20.000000,5.934115,8.781484,0.000000,572.000000,0.000000.
12.763478,20.000000,5.938512,8.834577,0.000000,573.000000,0.000000.
12.786822,20.000000,5.944003,8.881194,0.000000,574.000000,0.000000.
12.811481,20.000000,5.947609,8.927887,0.000000,575.000000,0.000000.
12.837271,20.000000,5.952657,8.976063,0.000000,576.000000,0.000000.
12.857082,20.000000,5.956881,9.027775,0.000000,577.000000,0.000000.
12.894762,20.000000,5.962323,9.065950,0.000000,578.000000,0.000000.
12.905335,20.000000,5.964613,9.141279,0.000000,579.000000,0.000000.
12.926369,20.000000,5.975457,9.162852,0.000000,580.000000,0.000000.
12.952599,20.000000,5.970984,9.205847,0.000000,581.000000,0.000000.
12.980368,20.000000,5.981485,9.256126,0.000000,582.000000,0.000000.
13.008359,20.000000,5.982088,9.312199,0.000000,583.000000,0.000000.
13.033288,20.000000,5.991013,9.366511,0.000000,584.000000,0.000000.
13.057084,20.000000,5.993501,9.416382,0.000000,585.000000,0.000000.
13.078535,20.000000,6.000015,9.463519,0.000000,586.000000,0.000000.
13.102345,20.000000,6.003117,9.505954,0.000000,587.000000,0.000000.
13.127332,20.000000,6.007953,9.552996,0.000000,588.000000,0.000000.
13.151541,20.000000,6.012298,9.602656,0.000000,589.000000,0.000000.
13.172796,20.000000,6.017455,9.651419,0.000000,590.000000,0.000000.
13.198770,20.000000,6.021880,9.693613,0.000000,591.000000,0.000000.
13.222770,20.000000,6.025747,9.745541,0.000000,592.000000,0.000000.
13.244705,20.000000,6.031670,9.792700,0.000000,593.000000,0.000000.
13.271966,20.000000,6.035307,9.836903,0.000000,594.000000,0.000000.
13.291807,20.000000,6.040119,9.891001,0.000000,595.000000,0.000000.
13.316978,20.000000,6.045759,9.930977,0.000000,596.000000,0.000000.
13.343448,20.000000,6.048430,9.981661,0.000000,597.000000,0.000000.
13.366953,20.000000,6.055066,10.034276,0.000000,598.000000,0.000000.
13.391183,20.000000,6.059182,10.087147,0.000000,599.000000,0.000000.
13.414874,20.000000,6.065171,10.131562,0.000000,600.000000,0.000000.
13.436038,20.000000,6.068396,10.179616,0.000000,601.000000,0.000000.
13.459914,20.000000,6.074231,10.221283,0.000000,602.000000,0.000000.
13.484221,20.000000,6.077127,10.267844,0.000000,603.000000,0.000000.
13.505801,20.000000,6.082964,10.317211,0.000000,604.000000,0.000000.
13.530141,20.000000,6.087192,10.359360,0.000000,605.000000,0.000000.
13.554850,20.000000,6.091352,10.409387,0.000000,606.000000,0.000000.
13.577420,20.000000,6.096910,10.458120,0.000000,607.000000,0.000000.
13.603072,20.000000,6.101270,10.503856,0.000000,608.000000,0.000000.
13.628860,20.000000,6.105981,10.555829,0.000000,609.000000,0.000000.
13.654041,20.000000,6.111519,10.606997,0.000000,610.000000,0.000000.
13.676454,20.000000,6.116351,10.657706,0.000000,611.000000,0.000000.
13.699751,20.000000,6.121617,10.702660,0.000000,612.000000,0.000000.
13.725680,20.000000,6.125608,10.750780,0.000000,613.000000,0.000000.
13.752284,20.000000,6.131046,10.801421,0.000000,614.000000,0.000000.
13.777166,20.000000,6.135916,10.855801,0.000000,615.000000,0.000000.
13.803850,20.000000,6.141839,10.905768,0.000000,616.000000,0.000000.
13.831544,20.000000,6.146287,10.960065,0.000000,617.000000,0.000000.
13.842895,20.000000,6.152518,11.017648,0.000000,618.000000,0.000000.
13.865891,20.000000,6.158094,11.032274,0.000000,619.000000,0.000000.
13.888495,20.000000,6.156751,11.090799,0.000000,620.000000,0.000000.
13.915669,20.000000,6.167747,11.124511,0.000000,621.000000,0.000000.
13.946650,20.000000,6.165968,11.187871,0.000000,622.000000,0.000000.
13.959162,20.000000,6.178110,11.247976,0.000000,623.000000,0.000000.
13.995802,20.000000,6.180139,11.267565,0.000000,624.000000,0.000000.
14.010939,20.000000,6.182130,11.350253,0.000000,625.000000,0.000000.
14.035665,20.000000,6.195048,11.378895,0.000000,626.000000,0.000000.
14.065110,20.000000,6.191184,11.431934,0.000000,627.000000,0.000000.
14.089106,20.000000,6.202994,11.489748,0.000000,628.000000,0.000000.
14.114337,20.000000,6.204976,11.537387,0.000000,629.000000,0.000000.
14.136112,20.000000,6.211890,11.591035,0.000000,630.000000,0.000000.
14.160906,20.000000,6.216516,11.636296,0.000000,631.000000,0.000000.
14.187802,20.000000,6.221249,11.685469,0.000000,632.000000,0.000000.
14.210644,20.000000,6.226602,11.740582,0.000000,633.000000,0.000000.
14.235766,20.000000,6.232585,11.789188,0.000000,634.000000,0.000000.
14.264450,20.000000,6.237029,11.837472,0.000000,635.000000,0.000000.
14.292974,20.000000,6.242463,11.895771,0.000000,636.000000,0.000000.
14.303174,20.000000,6.248994,11.952147,0.000000,637.000000,0.000000.
14.324804,20.000000,6.254477,11.967504,0.000000,638.000000,0.000000.
14.350183,20.000000,6.253509,12.019045,0.000000,639.000000,0.000000.
14.373553,20.000000,6.263158,12.070289,0.000000,640.000000,0.000000.
14.396187,20.000000,6.265717,12.116947,0.000000,641.000000,0.000000.
14.418841,20.000000,6.272189,12.167947,0.000000,642.000000,0.000000.
14.442206,20.000000,6.276845,12.211930,0.000000,643.000000,0.000000.
14.466772,20.000000,6.281486,12.257880,0.000000,644.000000,0.000000.
14.492041,20.000000,6.286493,12.310606,0.000000,645.000000,0.000000.
14.517780,20.000000,6.292462,12.359785,0.000000,646.000000,0.000000.
14.541346,20.000000,6.297192,12.414661,0.000000,647.000000,0.000000.
14.562757,20.000000,6.303750,12.460346,0.000000,648.000000,0.000000.
14.587991,20.000000,6.307513,12.504208,0.000000,649.000000,0.000000.
14.607464,20.000000,6.312790,12.555992,0.000000,650.000000,0.000000.
14.633923,20.000000,6.318491,12.596764,0.000000,651.000000,0.000000.
14.659378,20.000000,6.321988,12.652197,0.000000,652.000000,0.000000.
14.685753,20.000000,6.329513,12.703359,0.000000,653.000000,0.000000.
14.710908,20.000000,6.333696,12.758146,0.000000,654.000000,0.000000.
14.735077,20.000000,6.340693,12.808906,0.000000,655.000000,0.000000.
14.757461,20.000000,6.345182,12.859562,0.000000,656.000000,0.000000.
14.779605,20.000000,6.351280,12.904518,0.000000,657.000000,0.000000.
14.802787,20.000000,6.355351,12.950102,0.000000,658.000000,0.000000.
14.828422,20.000000,6.360842,12.998638,0.000000,659.000000,0.000000.
14.851649,20.000000,6.365964,13.051103,0.000000,660.000000,0.000000.
14.873902,20.000000,6.372034,13.099944,0.000000,661.000000,0.000000.
14.896865,20.000000,6.376872,13.146470,0.000000,662.000000,0.000000.
14.950422,20.000000,6.382094,13.192581,0.000000,663.000000,0.000000.
14.960348,20.000000,6.387013,13.297287,0.000000,664.000000,0.000000.
14.971426,20.000000,6.402592,13.325365,0.000000,665.000000,0.000000.
14.994068,20.000000,6.397824,13.340326,0.000000,666.000000,0.000000.
15.017921,20.000000,6.403492,13.395409,0.000000,667.000000,0.000000.
15.043749,20.000000,6.409791,13.443884,0.000000,668.000000,0.000000.
15.069999,20.000000,6.414531,13.496984,0.000000,669.000000,0.000000.
15.089926,20.000000,6.421088,13.552689,0.000000,670.000000,0.000000.
15.115621,20.000000,6.426997,13.592035,0.000000,671.000000,0.000000.
15.138192,20.000000,6.430391,13.645647,0.000000,672.000000,0.000000.
15.162039,20.000000,6.437918,13.691737,0.000000,673.000000,0.000000.
15.188106,20.000000,6.441551,13.741604,0.000000,674.000000,0.000000.
15.211299,20.000000,6.448283,13.795908,0.000000,675.000000,0.000000.
15.238652,20.000000,6.453920,13.843982,0.000000,676.000000,0.000000.
15.260957,20.000000,6.459125,13.900656,0.000000,677.000000,0.000000.
15.285176,20.000000,6.466161,13.946821,0.000000,678.000000,0.000000.
15.306728,20.000000,6.470198,14.005199,0.000000,679.000000,0.000000.
15.331773,20.000000,6.478287,14.042844,0.000000,680.000000,0.000000.
15.359378,20.000000,6.480177,14.095081,0.000000,681.000000,0.000000.
15.384343,20.000000,6.488486,14.152322,0.000000,682.000000,0.000000.
15.408862,20.000000,6.493827,14.206113,0.000000,683.000000,0.000000.
15.432510,20.000000,6.500358,14.258606,0.000000,684.000000,0.000000.
15.456536,20.000000,6.505953,14.310237,0.000000,685.000000,0.000000.
15.478354,20.000000,6.511972,14.358922,0.000000,686.000000,0.000000.
15.500524,20.000000,6.517217,14.400675,0.000000,687.000000,0.000000.
15.521676,20.000000,6.521679,14.451486,0.000000,688.000000,0.000000.
15.546103,20.000000,6.528271,14.493979,0.000000,689.000000,0.000000.
15.572556,20.000000,6.532092,14.546488,0.000000,690.000000,0.000000.
15.602994,20.000000,6.539401,14.609019,0.000000,691.000000,0.000000.
15.631789,20.000000,6.546487,14.661913,0.000000,692.000000,0.000000.
15.644140,20.000000,6.551968,14.722085,0.000000,693.000000,0.000000.
15.661774,20.000000,6.559748,14.740921,0.000000,694.000000,0.000000.
15.689773,20.000000,6.558621,14.786180,0.000000,695.000000,0.000000.
15.712827,20.000000,6.567577,14.843316,0.000000,696.000000,0.000000.
15.748430,20.000000,6.572805,14.892088,0.000000,697.000000,0.000000.
15.762136,20.000000,6.578702,14.966335,0.000000,698.000000,0.000000.
15.784928,20.000000,6.588906,14.994946,0.000000,699.000000,0.000000.
15.809892,20.000000,6.588236,15.043518,0.000000,700.000000,0.000000.
15.837120,20.000000,6.597566,15.095088,0.000000,701.000000,0.000000.
15.860623,20.000000,6.601664,15.153987,0.000000,702.000000,0.000000.
15.883390,20.000000,6.610158,15.201777,0.000000,703.000000,0.000000.
15.910939,20.000000,6.614087,15.251351,0.000000,704.000000,0.000000.
15.969621,20.000000,6.620988,15.308368,0.000000,705.000000,0.000000.
15.979646,20.000000,6.627575,15.431858,0.000000,706.000000,0.000000.
15.995559,20.000000,6.646673,15.446805,0.000000,707.000000,0.000000.
16.006069,20.000000,6.638585,15.487556,0.000000,708.000000,0.000000.
16.028328,20.000000,6.650741,15.502352,0.000000,709.000000,0.000000.
16.057118,20.000000,6.646594,15.558122,0.000000,710.000000,0.000000.
16.086109,20.000000,6.659302,15.616576,0.000000,711.000000,0.000000.
16.107272,20.000000,6.662994,15.680320,0.000000,712.000000,0.000000.
16.121024,20.000000,6.672780,15.722709,0.000000,713.000000,0.000000.
16.158368,20.000000,6.675184,15.745130,0.000000,714.000000,0.000000.
16.172827,20.000000,6.678017,15.832849,0.000000,715.000000,0.000000.
16.196439,20.000000,6.692797,15.861980,0.000000,716.000000,0.000000.
16.222878,20.000000,6.690003,15.911806,0.000000,717.000000,0.000000.
16.245874,20.000000,6.700872,15.968577,0.000000,718.000000,0.000000.
16.267487,20.000000,6.705464,16.015808,0.000000,719.000000,0.000000.
16.292477,20.000000,6.711770,16.063309,0.000000,720.000000,0.000000.
16.316417,20.000000,6.717193,16.115552,0.000000,721.000000,0.000000.
16.343488,20.000000,6.724009,16.167484,0.000000,722.000000,0.000000.
16.366896,20.000000,6.730019,16.223183,0.000000,723.000000,0.000000.
16.391040,20.000000,6.737197,16.274048,0.000000,724.000000,0.000000.
16.415516,20.000000,6.742847,16.324840,0.000000,725.000000,0.000000.
16.441149,20.000000,6.749335,16.377759,0.000000,726.000000,0.000000.
16.466187,20.000000,6.755786,16.430745,0.000000,727.000000,0.000000.
16.492952,20.000000,6.762288,16.484852,0.000000,728.000000,0.000000.
16.518501,20.000000,6.768994,16.541019,0.000000,729.000000,0.000000.
16.528950,20.000000,6.775999,16.596234,0.000000,730.000000,0.000000.
16.551986,20.000000,6.782685,16.611715,0.000000,731.000000,0.000000.
16.578007,20.000000,6.782033,16.672067,0.000000,732.000000,0.000000.
16.601415,20.000000,6.793818,16.722744,0.000000,733.000000,0.000000.
16.627872,20.000000,6.797142,16.773360,0.000000,734.000000,0.000000.
16.650087,20.000000,6.804984,16.829250,0.000000,735.000000,0.000000.
16.675198,20.000000,6.811444,16.877648,0.000000,736.000000,0.000000.
16.697685,20.000000,6.817232,16.932649,0.000000,737.000000,0.000000.
16.723869,20.000000,6.824650,16.979880,0.000000,738.000000,0.000000.
16.745750,20.000000,6.829747,17.035320,0.000000,739.000000,0.000000.
16.773128,20.000000,6.837647,17.082338,0.000000,740.000000,0.000000.
16.793656,20.000000,6.842490,17.140667,0.000000,741.000000,0.000000.
16.820328,20.000000,6.851110,17.184552,0.000000,742.000000,0.000000.
16.842771,20.000000,6.855018,17.243232,0.000000,743.000000,0.000000.
16.870293,20.000000,6.864225,17.289411,0.000000,744.000000,0.000000.
16.892190,20.000000,6.868311,17.353391,0.000000,745.000000,0.000000.
16.914360,20.000000,6.878477,17.395799,0.000000,746.000000,0.000000.
16.940069,20.000000,6.881390,17.449667,0.000000,747.000000,0.000000.
16.990185,20.000000,6.890249,17.499141,0.000000,748.000000,0.000000.
16.999880,20.000000,6.895234,17.600442,0.000000,749.000000,0.000000.
17.010679,20.000000,6.912202,17.628472,0.000000,750.000000,0.000000.
17.034437,20.000000,6.908991,17.644033,0.000000,751.000000,0.000000.
17.058612,20.000000,6.913625,17.705426,0.000000,752.000000,0.000000.
17.085984,20.000000,6.923134,17.754393,0.000000,753.000000,0.000000.
17.111853,20.000000,6.927801,17.814117,0.000000,754.000000,0.000000.
17.133299,20.000000,6.937010,17.868448,0.000000,755.000000,0.000000.
17.155400,20.000000,6.942915,17.915986,0.000000,756.000000,0.000000.
17.180229,20.000000,6.949179,17.962526,0.000000,757.000000,0.000000.
17.202211,20.000000,6.955087,18.017206,0.000000,758.000000,0.000000.
17.227653,20.000000,6.962770,18.066297,0.000000,759.000000,0.000000.
17.251644,20.000000,6.968505,18.119394,0.000000,760.000000,0.000000.
17.273909,20.000000,6.976003,18.171703,0.000000,761.000000,0.000000.
17.298675,20.000000,6.982496,18.219210,0.000000,762.000000,0.000000.
17.324129,20.000000,6.988568,18.274005,0.000000,763.000000,0.000000.
17.349408,20.000000,6.996286,18.327635,0.000000,764.000000,0.000000.
17.375110,20.000000,7.002992,18.383179,0.000000,765.000000,0.000000.
17.398077,20.000000,7.010588,18.438035,0.000000,766.000000,0.000000.
17.421008,20.000000,7.017638,18.488629,0.000000,767.000000,0.000000.
17.443789,20.000000,7.024140,18.537491,0.000000,768.000000,0.000000.
17.470101,20.000000,7.030586,18.587111,0.000000,769.000000,0.000000.
17.491354,20.000000,7.037226,18.644656,0.000000,770.000000,0.000000.
17.515282,20.000000,7.045349,18.691041,0.000000,771.000000,0.000000.
17.537368,20.000000,7.050588,18.743384,0.000000,772.000000,0.000000.
17.561670,20.000000,7.058396,18.790528,0.000000,773.000000,0.000000.
17.587225,20.000000,7.063974,18.844111,0.000000,774.000000,0.000000.
17.612337,20.000000,7.071900,18.899184,0.000000,775.000000,0.000000.
17.636157,20.000000,7.079029,18.953556,0.000000,776.000000,0.000000.
17.667524,20.000000,7.086419,19.007103,0.000000,777.000000,0.000000.
17.689482,20.000000,7.093544,19.075311,0.000000,778.000000,0.000000.
17.712141,20.000000,7.103721,19.121952,0.000000,779.000000,0.000000.
17.734324,20.000000,7.108225,19.171212,0.000000,780.000000,0.000000.
17.757499,20.000000,7.115911,19.221306,0.000000,781.000000,0.000000.
17.778059,20.000000,7.122302,19.272743,0.000000,782.000000,0.000000.
17.802629,20.000000,7.129579,19.317210,0.000000,783.000000,0.000000.
17.825788,20.000000,7.135078,19.372389,0.000000,784.000000,0.000000.
17.850541,20.000000,7.143547,19.420226,0.000000,785.000000,0.000000.
17.876186,20.000000,7.149210,19.475458,0.000000,786.000000,0.000000.
17.902003,20.000000,7.157652,19.530405,0.000000,787.000000,0.000000.
17.924062,20.000000,7.164792,19.588717,0.000000,788.000000,0.000000.
17.947530,20.000000,7.173221,19.634880,0.000000,789.000000,0.000000.
17.971918,20.000000,7.178658,19.686812,0.000000,790.000000,0.000000.
18.001222,20.000000,7.186620,19.740023,0.000000,791.000000,0.000000.
18.027085,20.000000,7.193722,19.804952,0.000000,792.000000,0.000000.
18.049147,20.000000,7.203587,19.862679,0.000000,793.000000,0.000000.
18.075537,20.000000,7.210799,19.910645,0.000000,794.000000,0.000000.
18.099494,20.000000,7.217253,19.967882,0.000000,795.000000,0.000000.
18.126678,20.000000,7.225931,20.020549,0.000000,796.000000,0.000000.
18.137745,20.000000,7.232728,20.080987,0.000000,797.000000,0.000000.
18.168955,20.000000,7.241947,20.097817,0.000000,798.000000,0.000000.
18.184633,20.000000,7.241305,20.175556,0.000000,799.000000,0.000000.
18.210898,20.000000,7.257315,20.207832,0.000000,800.000000,0.000000.
18.236654,20.000000,7.256875,20.266216,0.000000,801.000000,0.000000.
18.260172,20.000000,7.268904,20.322467,0.000000,802.000000,0.000000.
18.285665,20.000000,7.275110,20.375410,0.000000,803.000000,0.000000.
18.312753,20.000000,7.283190,20.442644,0.000000,804.000000,0.000000.
18.343463,20.000000,7.293391,20.490983,0.000000,805.000000,0.000000.
18.370500,20.000000,7.298867,20.559353,0.000000,806.000000,0.000000.
18.380677,20.000000,7.310469,20.618481,0.000000,807.000000,0.000000.
18.404175,20.000000,7.317609,20.634453,0.000000,808.000000,0.000000.
18.427965,20.000000,7.317847,20.694978,0.000000,809.000000,0.000000.
18.455088,20.000000,7.330121,20.746003,0.000000,810.000000,0.000000.
18.479165,20.000000,7.335394,20.805352,0.000000,811.000000,0.000000.
18.502926,20.000000,7.345341,20.858518,0.000000,812.000000,0.000000.
18.527224,20.000000,7.352088,20.917492,0.000000,813.000000,0.000000.
18.553061,20.000000,7.361387,20.966443,0.000000,814.000000,0.000000.
18.576869,20.000000,7.367591,21.022890,0.000000,815.000000,0.000000.
18.598874,20.000000,7.376641,21.076085,0.000000,816.000000,0.000000.
18.621495,20.000000,7.383870,21.125334,0.000000,817.000000,0.000000.
18.642924,20.000000,7.391058,21.174642,0.000000,818.000000,0.000000.
18.670987,20.000000,7.398295,21.223570,0.000000,819.000000,0.000000.
18.693801,20.000000,7.405454,21.285331,0.000000,820.000000,0.000000.
18.719347,20.000000,7.415319,21.336411,0.000000,821.000000,0.000000.
18.744399,20.000000,7.421904,21.394580,0.000000,822.000000,0.000000.
18.764612,20.000000,7.431307,21.453910,0.000000,823.000000,0.000000.
18.788253,20.000000,7.439843,21.496099,0.000000,824.000000,0.000000.
18.811849,20.000000,7.445193,21.549322,0.000000,825.000000,0.000000.
18.834987,20.000000,7.454128,21.601374,0.000000,826.000000,0.000000.
18.860452,20.000000,7.461413,21.651257,0.000000,827.000000,0.000000.
18.885211,20.000000,7.468924,21.708293,0.000000,828.000000,0.000000.
18.911350,20.000000,7.477859,21.763855,0.000000,829.000000,0.000000.
18.933147,20.000000,7.485952,21.821530,0.000000,830.000000,0.000000.
18.960823,20.000000,7.494844,21.871230,0.000000,831.000000,0.000000.
18.983390,20.000000,7.501781,21.932332,0.000000,832.000000,0.000000.
19.038311,20.000000,7.511890,21.982850,0.000000,833.000000,0.000000.
19.048411,20.000000,7.518578,22.105785,0.000000,834.000000,0.000000.
19.063726,20.000000,7.541823,22.121749,0.000000,835.000000,0.000000.
19.076426,20.000000,7.536299,22.165274,0.000000,836.000000,0.000000.
19.098466,20.000000,7.547573,22.184305,0.000000,837.000000,0.000000.
19.122760,20.000000,7.547294,22.243384,0.000000,838.000000,0.000000.
19.152836,20.000000,7.559858,22.295243,0.000000,839.000000,0.000000.
19.175362,20.000000,7.566056,22.364973,0.000000,840.000000,0.000000.
19.200951,20.000000,7.578460,22.414077,0.000000,841.000000,0.000000.
19.226808,20.000000,7.584204,22.473421,0.000000,842.000000,0.000000.
19.255139,20.000000,7.594632,22.529359,0.000000,843.000000,0.000000.
19.274863,20.000000,7.602622,22.592972,0.000000,844.000000,0.000000.
19.296463,20.000000,7.613174,22.637222,0.000000,845.000000,0.000000.
19.323155,20.000000,7.618695,22.687051,0.000000,846.000000,0.000000.
19.345241,20.000000,7.627273,22.746984,0.000000,847.000000,0.000000.
19.369744,20.000000,7.636905,22.797280,0.000000,848.000000,0.000000.
19.392672,20.000000,7.644126,22.851711,0.000000,849.000000,0.000000.
19.416492,20.000000,7.653130,22.904226,0.000000,850.000000,0.000000.
19.442721,20.000000,7.661104,22.958110,0.000000,851.000000,0.000000.
19.465155,20.000000,7.669767,23.016992,0.000000,852.000000,0.000000.
19.486170,20.000000,7.679279,23.067742,0.000000,853.000000,0.000000.
19.508977,20.000000,7.686772,23.115005,0.000000,854.000000,0.000000.
19.533503,20.000000,7.694259,23.167680,0.000000,855.000000,0.000000.
19.558711,20.000000,7.702931,23.223758,0.000000,856.000000,0.000000.
19.579750,20.000000,7.711942,23.279552,0.000000,857.000000,0.000000.
19.606223,20.000000,7.720800,23.328575,0.000000,858.000000,0.000000.
19.632040,20.000000,7.728279,23.388343,0.000000,859.000000,0.000000.
19.654147,20.000000,7.738580,23.446043,0.000000,860.000000,0.000000.
19.681384,20.000000,7.747486,23.497158,0.000000,861.000000,0.000000.
19.706775,20.000000,7.755479,23.558866,0.000000,862.000000,0.000000.
19.735568,20.000000,7.766105,23.616191,0.000000,863.000000,0.000000.
19.757246,20.000000,7.774912,23.681440,0.000000,864.000000,0.000000.
19.785551,20.000000,7.786090,23.731308,0.000000,865.000000,0.000000.
19.809107,20.000000,7.793156,23.796523,0.000000,866.000000,0.000000.
19.819772,20.000000,7.804975,23.849233,0.000000,867.000000,0.000000.
19.841295,20.000000,7.812509,23.868667,0.000000,868.000000,0.000000.
19.868621,20.000000,7.814238,23.924667,0.000000,869.000000,0.000000.
19.898316,20.000000,7.825888,23.985162,0.000000,870.000000,0.000000.
19.921339,20.000000,7.835253,24.053550,0.000000,871.000000,0.000000.
19.942806,20.000000,7.847135,24.105084,0.000000,872.000000,0.000000.
19.961993,20.000000,7.854537,24.154586,0.000000,873.000000,0.000000.
19.988100,20.000000,7.862984,24.198946,0.000000,874.000000,0.000000.
20.009459,20.000000,7.869983,24.260020,0.000000,875.000000,0.000000.
20.044327,20.000000,7.881146,24.299949,0.000000,876.000000,0.000000.
20.066010,20.000000,7.886342,24.392216,0.000000,877.000000,0.000000.
20.094918,20.000000,7.905004,24.437442,0.000000,878.000000,0.000000.
20.113740,0.001000,0.001000,24.411563,0.000000,879.000000,0.000000.
20.129350,0.001000,0.001000,24.395992,0.000000,880.000000,0.000000.
20.166683,0.001000,0.001000,24.385664,0.000000,881.000000,0.000000.
20.178542,0.001000,0.001000,24.349618,0.000000,882.000000,0.000000.
20.202535,0.001000,0.001000,24.340520,0.000000,883.000000,0.000000.
20.228125,0.001000,0.001000,24.320121,0.000000,884.000000,0.000000.
20.255932,0.001000,0.001000,24.298069,0.000000,885.000000,0.000000.
20.281983,0.001000,0.001000,24.274200,0.000000,886.000000,0.000000.
20.302241,0.001000,0.001000,24.251489,0.000000,887.000000,0.000000.
20.330143,0.001000,0.001000,24.234459,0.000000,888.000000,0.000000.
20.357116,0.001000,0.001000,24.210643,0.000000,889.000000,0.000000.
20.379789,0.001000,0.001000,24.187452,0.000000,890.000000,0.000000.
20.407895,0.001000,0.001000,24.168115,0.000000,891.000000,0.000000.
20.431789,0.001000,0.001000,24.144162,0.000000,892.000000,0.000000.
20.443925,0.001000,0.001000,24.123470,0.000000,893.000000,0.000000.
20.463665,0.001000,0.001000,24.116316,0.000000,894.000000,0.000000.
20.490496,0.001000,0.001000,24.095328,0.000000,895.000000,0.000000.
20.518105,0.001000,0.001000,24.074024,0.000000,896.000000,0.000000.
20.540336,0.001000,0.001000,24.050062,0.000000,897.000000,0.000000.
20.565448,0.001000,0.001000,24.031276,0.000000,898.000000,0.000000.
20.591999,0.001000,0.001000,24.010046,0.000000,899.000000,0.000000.
20.614528,0.001000,0.001000,23.988357,0.000000,900.000000,0.000000.
20.641742,0.001000,0.001000,23.968891,0.000000,901.000000,0.000000.
20.665215,0.001000,0.001000,23.946322,0.000000,902.000000,0.000000.
20.690969,0.001000,0.001000,23.925914,0.000000,903.000000,0.000000.
20.715984,0.001000,0.001000,23.904740,0.000000,904.000000,0.000000.
20.738473,0.001000,0.001000,23.883495,0.000000,905.000000,0.000000.
20.760895,0.001000,0.001000,23.864760,0.000000,906.000000,0.000000.
20.785281,0.001000,0.001000,23.846060,0.000000,907.000000,0.000000.
20.809778,0.001000,0.001000,23.825479,0.000000,908.000000,0.000000.
20.832354,0.001000,0.001000,23.805269,0.000000,909.000000,0.000000.
20.858162,0.001000,0.001000,23.785311,0.000000,910.000000,0.000000.
20.878749,0.001000,0.001000,23.763645,0.000000,911.000000,0.000000.
20.907291,0.001000,0.001000,23.747389,0.000000,912.000000,0.000000.
20.927867,0.001000,0.001000,23.723767,0.000000,913.000000,0.000000.
20.949753,0.001000,0.001000,23.706621,0.000000,914.000000,0.000000.
20.976025,0.001000,0.001000,23.687812,0.000000,915.000000,0.000000.
21.000729,0.001000,0.001000,23.666330,0.000000,916.000000,0.000000.
21.028894,0.001000,0.001000,23.645670,0.000000,917.000000,0.000000.
21.039624,0.001000,0.001000,23.622391,0.000000,918.000000,0.000000.
21.091662,0.001000,0.001000,23.616315,0.000000,919.000000,0.000000.
21.102370,0.001000,0.001000,23.570065,0.000000,920.000000,0.000000.
21.117741,0.001000,0.001000,23.564196,0.000000,921.000000,0.000000.
21.138561,0.001000,0.001000,23.548080,0.000000,922.000000,0.000000.
21.163965,0.001000,0.001000,23.531777,0.000000,923.000000,0.000000.
21.188689,0.001000,0.001000,23.510543,0.000000,924.000000,0.000000.
21.212425,0.001000,0.001000,23.490631,0.000000,925.000000,0.000000.
21.237873,0.001000,0.001000,23.470883,0.000000,926.000000,0.000000.
21.260019,0.001000,0.001000,23.450088,0.000000,927.000000,0.000000.
21.284543,0.001000,0.001000,23.432006,0.000000,928.000000,0.000000.
21.309352,0.001000,0.001000,23.411006,0.000000,929.000000,0.000000.
21.333726,0.001000,0.001000,23.391477,0.000000,930.000000,0.000000.
21.355684,0.001000,0.001000,23.371017,0.000000,931.000000,0.000000.
21.378237,0.001000,0.001000,23.353628,0.000000,932.000000,0.000000.
21.400970,0.001000,0.001000,23.335090,0.000000,933.000000,0.000000.
21.424894,0.001000,0.001000,23.316041,0.000000,934.000000,0.000000.
21.453374,0.001000,0.001000,23.297029,0.000000,935.000000,0.000000.
21.478533,0.001000,0.001000,23.273666,0.000000,936.000000,0.000000.
21.503427,0.001000,0.001000,23.253384,0.000000,937.000000,0.000000.
21.527109,0.001000,0.001000,23.232907,0.000000,938.000000,0.000000.
21.548718,0.001000,0.001000,23.213906,0.000000,939.000000,0.000000.
21.576175,0.001000,0.001000,23.195712,0.000000,940.000000,0.000000.
21.601640,0.001000,0.001000,23.173882,0.000000,941.000000,0.000000.
21.625494,0.001000,0.001000,23.153064,0.000000,942.000000,0.000000.
21.651122,0.001000,0.001000,23.134111,0.000000,943.000000,0.000000.
21.678506,0.001000,0.001000,23.112964,0.000000,944.000000,0.000000.
21.690915,0.001000,0.001000,23.091216,0.000000,945.000000,0.000000.
21.726680,0.001000,0.001000,23.083704,0.000000,946.000000,0.000000.
21.739684,0.001000,0.001000,23.051616,0.000000,947.000000,0.000000.
21.764301,0.001000,0.001000,23.041912,0.000000,948.000000,0.000000.
21.788623,0.001000,0.001000,23.021832,0.000000,949.000000,0.000000.
21.811246,0.001000,0.001000,23.002690,0.000000,950.000000,0.000000.
21.833867,0.001000,0.001000,22.984512,0.000000,951.000000,0.000000.
21.862196,0.001000,0.001000,22.965820,0.000000,952.000000,0.000000.
21.882432,0.001000,0.001000,22.943577,0.000000,953.000000,0.000000.
21.908653,0.001000,0.001000,22.927172,0.000000,954.000000,0.000000.
21.931077,0.001000,0.001000,22.906477,0.000000,955.000000,0.000000.
21.953866,0.001000,0.001000,22.888382,0.000000,956.000000,0.000000.
21.981080,0.001000,0.001000,22.870229,0.000000,957.000000,0.000000.
22.005682,0.001000,0.001000,22.848017,0.000000,958.000000,0.000000.
22.028847,0.001000,0.001000,22.829144,0.000000,959.000000,0.000000.
22.050374,0.001000,0.001000,22.810578,0.000000,960.000000,0.000000.
22.081000,0.001000,0.001000,22.795675,0.000000,961.000000,0.000000.
22.111166,0.001000,0.001000,22.768534,0.000000,962.000000,0.000000.
22.131465,0.001000,0.001000,22.745235,0.000000,963.000000,0.000000.
22.146019,0.001000,0.001000,22.728856,0.000000,964.000000,0.000000.
22.183787,0.001000,0.001000,22.720032,0.000000,965.000000,0.000000.
22.197515,0.001000,0.001000,22.686675,0.000000,966.000000,0.000000.
22.221063,0.001000,0.001000,22.676854,0.000000,967.000000,0.000000.
22.242919,0.001000,0.001000,22.658356,0.000000,968.000000,0.000000.
22.267169,0.001000,0.001000,22.641203,0.000000,969.000000,0.000000.
22.291032,0.001000,0.001000,22.621629,0.000000,970.000000,0.000000.
22.318507,0.001000,0.001000,22.602973,0.000000,971.000000,0.000000.
22.341931,0.001000,0.001000,22.581121,0.000000,972.000000,0.000000.
22.363414,0.001000,0.001000,22.563213,0.000000,973.000000,0.000000.
22.392496,0.001000,0.001000,22.546078,0.000000,974.000000,0.000000.
22.416857,0.001000,0.001000,22.523448,0.000000,975.000000,0.000000.
22.441225,0.001000,0.001000,22.502780,0.000000,976.000000,0.000000.
22.463876,0.001000,0.001000,22.485358,0.000000,977.000000,0.000000.
22.488279,0.001000,0.001000,22.467330,0.000000,978.000000,0.000000.
22.515489,0.001000,0.001000,22.448453,0.000000,979.000000,0.000000.
22.539375,0.001000,0.001000,22.427038,0.000000,980.000000,0.000000.
22.561439,0.001000,0.001000,22.408831,0.000000,981.000000,0.000000.
22.584755,0.001000,0.001000,22.391531,0.000000,982.000000,0.000000.
22.608789,0.001000,0.001000,22.372876,0.000000,983.000000,0.000000.
22.630679,0.001000,0.001000,22.353260,0.000000,984.000000,0.000000.
22.655030,0.001000,0.001000,22.337722,0.000000,985.000000,0.000000.
22.677884,0.001000,0.001000,22.318627,0.000000,986.000000,0.000000.
22.700907,0.001000,0.001000,22.301177,0.000000,987.000000,0.000000.
22.725708,0.001000,0.001000,22.282857,0.000000,988.000000,0.000000.
22.748239,0.001000,0.001000,22.264175,0.000000,989.000000,0.000000.
22.774113,0.001000,0.001000,22.246537,0.000000,990.000000,0.000000.
22.798821,0.001000,0.001000,22.226406,0.000000,991.000000,0.000000.
22.824426,0.001000,0.001000,22.207256,0.000000,992.000000,0.000000.
22.850197,0.001000,0.001000,22.187852,0.000000,993.000000,0.000000.
22.872099,0.001000,0.001000,22.167508,0.000000,994.000000,0.000000.
22.894264,0.001000,0.001000,22.151343,0.000000,995.000000,0.000000.
22.915132,0.001000,0.001000,22.134139,0.000000,996.000000,0.000000.
22.939092,0.001000,0.001000,22.117779,0.000000,997.000000,0.000000.
22.962239,0.001000,0.001000,22.099030,0.000000,998.000000,0.000000.
22.998714,0.001000,0.001000,22.081677,0.000000,999.000000,0.000000.
23.011138,0.001000,0.001000,22.052802,0.000000,1000.000000,0.000000.
23.097337,0.001000,0.001000,22.046882,0.000000,1001.000000,0.000000.
23.108642,0.001000,0.001000,21.977745,0.000000,1002.000000,0.000000.
23.191154,0.001000,0.001000,21.972482,0.000000,1003.000000,0.000000.
23.203347,0.001000,0.001000,21.906640,0.000000,1004.000000,0.000000.
23.289547,0.001000,0.001000,21.900318,0.000000,1005.000000,0.000000.
23.303749,0.001000,0.001000,21.831378,0.000000,1006.000000,0.000000.
23.315090,0.001000,0.001000,21.824265,0.000000,1007.000000,0.000000.
23.326018,0.001000,0.001000,21.814896,0.000000,1008.000000,0.000000.
23.336711,0.001000,0.001000,21.806725,0.000000,1009.000000,0.000000.
23.348750,0.001000,0.001000,21.795872,0.000000,1010.000000,0.000000.
23.369138,0.001000,0.001000,21.789818,0.000000,1011.000000,0.000000.
23.381467,0.001000,0.001000,21.771075,0.000000,1012.000000,0.000000.
23.400986,0.001000,0.001000,21.764984,0.000000,1013.000000,0.000000.
23.423475,0.001000,0.001000,21.744579,0.000000,1014.000000,0.000000.
23.432007,0.001000,0.001000,21.733898,0.000000,1015.000000,0.000000.
23.442107,0.001000,0.001000,21.726745,0.000000,1016.000000,0.000000.
23.455205,0.001000,0.001000,21.716960,0.000000,1017.000000,0.000000.
23.474867,0.001000,0.001000,21.710132,0.000000,1018.000000,0.000000.
23.485984,0.001000,0.001000,21.692465,0.000000,1019.000000,0.000000.
23.572107,0.001000,0.001000,21.687016,0.000000,1020.000000,0.000000.
23.582416,0.001000,0.001000,21.621730,0.000000,1021.000000,0.000000.
23.595845,0.001000,0.001000,21.611547,0.000000,1022.000000,0.000000.
23.603147,0.001000,0.001000,21.604616,0.000000,1023.000000,0.000000.
23.619804,0.001000,0.001000,21.598375,0.000000,1024.000000,0.000000.
23.631709,0.001000,0.001000,21.583403,0.000000,1025.000000,0.000000.
23.643999,0.001000,0.001000,21.577812,0.000000,1026.000000,0.000000.
23.657662,0.001000,0.001000,21.565978,0.000000,1027.000000,0.000000.
23.761275,0.001000,0.001000,21.557951,0.000000,1028.000000,0.000000.
23.776002,0.001000,0.001000,21.478302,0.000000,1029.000000,0.000000.
23.785084,0.001000,0.001000,21.470415,0.000000,1030.000000,0.000000.
23.795832,0.001000,0.001000,21.460923,0.000000,1031.000000,0.000000.
23.816692,0.001000,0.001000,21.455720,0.000000,1032.000000,0.000000.
23.829896,0.001000,0.001000,21.436686,0.000000,1033.000000,0.000000.
23.854431,0.001000,0.001000,21.430461,0.000000,1034.000000,0.000000.
23.865712,0.001000,0.001000,21.409336,0.000000,1035.000000,0.000000.
23.878909,0.001000,0.001000,21.403858,0.000000,1036.000000,0.000000.
23.909248,0.001000,0.001000,21.391188,0.000000,1037.000000,0.000000.
23.929514,0.001000,0.001000,21.369544,0.000000,1038.000000,0.000000.
23.953338,0.001000,0.001000,21.354641,0.000000,1039.000000,0.000000.
23.977535,0.001000,0.001000,21.336760,0.000000,1040.000000,0.000000.
24.000428,0.001000,0.001000,21.319263,0.000000,1041.000000,0.000000.
24.024714,0.001000,0.001000,21.302065,0.000000,1042.000000,0.000000.
24.049746,0.001000,0.001000,21.284372,0.000000,1043.000000,0.000000.
24.073725,0.001000,0.001000,21.265650,0.000000,1044.000000,0.000000.
24.105671,0.001000,0.001000,21.248165,0.000000,1045.000000,0.000000.
24.115763,0.001000,0.001000,21.224714,0.000000,1046.000000,0.000000.
24.138786,0.001000,0.001000,21.219910,0.000000,1047.000000,0.000000.
24.162144,0.001000,0.001000,21.200152,0.000000,1048.000000,0.000000.
24.188899,0.001000,0.001000,21.183725,0.000000,1049.000000,0.000000.
24.215660,0.001000,0.001000,21.161024,0.000000,1050.000000,0.000000.
24.241273,0.001000,0.001000,21.144215,0.000000,1051.000000,0.000000.
24.264035,0.001000,0.001000,21.126025,0.000000,1052.000000,0.000000.
24.290786,0.001000,0.001000,21.109167,0.000000,1053.000000,0.000000.
24.314752,0.001000,0.001000,21.089454,0.000000,1054.000000,0.000000.
24.338204,0.001000,0.001000,21.072276,0.000000,1055.000000,0.000000.
24.361642,0.001000,0.001000,21.055313,0.000000,1056.000000,0.000000.
24.387757,0.001000,0.001000,21.038415,0.000000,1057.000000,0.000000.
24.412501,0.001000,0.001000,21.019488,0.000000,1058.000000,0.000000.
24.439440,0.001000,0.001000,21.001671,0.000000,1059.000000,0.000000.
24.465787,0.001000,0.001000,20.981674,0.000000,1060.000000,0.000000.
24.476289,0.001000,0.001000,20.962815,0.000000,1061.000000,0.000000.
24.498987,0.001000,0.001000,20.957612,0.000000,1062.000000,0.000000.
24.521274,0.001000,0.001000,20.936933,0.000000,1063.000000,0.000000.
24.548629,0.001000,0.001000,20.922656,0.000000,1064.000000,0.000000.
24.571750,0.001000,0.001000,20.903116,0.000000,1065.000000,0.000000.
24.644205,0.001000,0.001000,20.886254,0.000000,1066.000000,0.000000.
24.655397,0.001000,0.001000,20.834594,0.000000,1067.000000,0.000000.
24.674747,0.001000,0.001000,20.828571,0.000000,1068.000000,0.000000.
24.691820,0.001000,0.001000,20.811706,0.000000,1069.000000,0.000000.
24.702953,0.001000,0.001000,20.802471,0.000000,1070.000000,0.000000.
24.715816,0.001000,0.001000,20.791704,0.000000,1071.000000,0.000000.
24.737526,0.001000,0.001000,20.785237,0.000000,1072.000000,0.000000.
24.763470,0.001000,0.001000,20.766740,0.000000,1073.000000,0.000000.
24.790765,0.001000,0.001000,20.748739,0.000000,1074.000000,0.000000.
24.817723,0.001000,0.001000,20.729422,0.000000,1075.000000,0.000000.
24.840965,0.001000,0.001000,20.709092,0.000000,1076.000000,0.000000.
24.866621,0.001000,0.001000,20.693567,0.000000,1077.000000,0.000000.
25.883603,0.001000,0.000000,20.675102,0.000000,1077.000000,1.000000.
26.897678,0.001000,0.000000,19.950866,0.000000,1077.000000,2.000000.
27.910711,0.001000,0.000000,19.255266,0.000000,1077.000000,3.000000.
28.923359,0.001000,0.000000,18.585648,0.000000,1077.000000,4.000000.
29.935522,0.001000,0.000000,17.939026,0.000000,1077.000000,5.000000.
30.422805,0.001000,0.001000,17.314316,0.000000,1078.000000,5.000000.
30.450968,0.001000,0.001000,17.023548,0.000000,1079.000000,5.000000.
30.461674,0.001000,0.001000,17.006407,0.000000,1080.000000,5.000000.
30.480919,0.001000,0.001000,17.000415,0.000000,1081.000000,5.000000.
30.504249,0.001000,0.001000,16.988620,0.000000,1082.000000,5.000000.
30.528787,0.001000,0.001000,16.974793,0.000000,1083.000000,5.000000.
30.550045,0.001000,0.001000,16.960068,0.000000,1084.000000,5.000000.
30.575438,0.001000,0.001000,16.948212,0.000000,1085.000000,5.000000.
30.597481,0.001000,0.001000,16.933784,0.000000,1086.000000,5.000000.
30.621878,0.001000,0.001000,16.920592,0.000000,1087.000000,5.000000.
30.646160,0.001000,0.001000,16.906543,0.000000,1088.000000,5.000000.
30.672665,0.001000,0.001000,16.892222,0.000000,1089.000000,5.000000.
30.693728,0.001000,0.001000,16.876941,0.000000,1090.000000,5.000000.
30.718483,0.001000,0.001000,16.864527,0.000000,1091.000000,5.000000.
30.741056,0.001000,0.001000,16.849900,0.000000,1092.000000,5.000000.
30.765338,0.001000,0.001000,16.836910,0.000000,1093.000000,5.000000.
30.789897,0.001000,0.001000,16.822667,0.000000,1094.000000,5.000000.
30.817160,0.001000,0.001000,16.808337,0.000000,1095.000000,5.000000.
30.839548,0.001000,0.001000,16.792325,0.000000,1096.000000,5.000000.
30.861052,0.001000,0.001000,16.779471,0.000000,1097.000000,5.000000.
**Microcontroller Awake! Current Speed: 16.556526 MPH **


30.889531,0.001000,0.000000,16.767015,16.556526,1097.000000,5.000000.
30.899686,0.001000,0.001000,16.750439,16.556526,1098.000000,5.000000.
30.915372,0.001000,0.001000,16.746151,16.556526,1099.000000,5.000000.
30.943132,0.001000,0.001000,16.734892,16.556526,1100.000000,5.000000.
30.961431,0.001000,0.001000,16.719432,16.556526,1101.000000,5.000000.
30.986875,0.001000,0.001000,16.708875,16.556526,1102.000000,5.000000.
31.012711,0.001000,0.001000,16.693891,16.556526,1103.000000,5.000000.
31.036183,0.001000,0.001000,16.679123,16.556526,1104.000000,5.000000.
31.059803,0.001000,0.001000,16.665106,16.556526,1105.000000,5.000000.
31.083515,0.001000,0.001000,16.651541,16.556526,1106.000000,5.000000.
31.106078,0.001000,0.001000,16.636729,16.556526,1107.000000,5.000000.
31.130361,0.001000,0.001000,16.625153,16.556526,1108.000000,5.000000.
31.154053,0.001000,0.001000,16.611073,16.556526,1109.000000,5.000000.
31.180724,0.001000,0.001000,16.597604,16.556526,1110.000000,5.000000.
31.206086,0.001000,0.001000,16.582247,16.556526,1111.000000,5.000000.
31.235064,0.001000,0.001000,16.569454,16.556526,1112.000000,5.000000.
31.246018,0.001000,0.001000,16.550603,16.556526,1113.000000,5.000000.
31.268310,0.001000,0.001000,16.546509,16.556526,1114.000000,5.000000.
31.293005,0.001000,0.001000,16.530728,16.556526,1115.000000,5.000000.
31.323838,0.001000,0.001000,16.517947,16.556526,1116.000000,5.000000.
31.342402,0.001000,0.001000,16.500104,16.556526,1117.000000,5.000000.
31.367509,0.001000,0.001000,16.489412,16.556526,1118.000000,5.000000.
31.390519,0.001000,0.001000,16.474871,16.556526,1119.000000,5.000000.
31.416114,0.001000,0.001000,16.461725,16.556526,1120.000000,5.000000.
31.443867,0.001000,0.001000,16.447258,16.556526,1121.000000,5.000000.
31.470022,0.001000,0.001000,16.431579,16.556526,1122.000000,5.000000.
31.497046,0.001000,0.001000,16.416577,16.556526,1123.000000,5.000000.
31.507063,0.001000,0.001000,16.401060,16.556526,1124.000000,5.000000.
31.530884,0.001000,0.001000,16.397038,16.556526,1125.000000,5.000000.
31.563192,0.001000,0.001000,16.381089,16.556526,1126.000000,5.000000.
31.592655,0.001000,0.001000,16.363599,16.556526,1127.000000,5.000000.
31.604344,0.001000,0.001000,16.346517,16.556526,1128.000000,5.000000.
31.625023,0.001000,0.001000,16.339804,16.556526,1129.000000,5.000000.
31.663549,0.001000,0.001000,16.328184,16.556526,1130.000000,5.000000.
31.675088,0.001000,0.001000,16.306470,16.556526,1131.000000,5.000000.
31.699947,0.001000,0.001000,16.299869,16.556526,1132.000000,5.000000.
31.726246,0.001000,0.001000,16.285624,16.556526,1133.000000,5.000000.
31.749617,0.001000,0.001000,16.271041,16.556526,1134.000000,5.000000.
31.772844,0.001000,0.001000,16.257573,16.556526,1135.000000,5.000000.
31.797829,0.001000,0.001000,16.243241,16.556526,1136.000000,5.000000.
31.821554,0.001000,0.001000,16.229942,16.556526,1137.000000,5.000000.
31.846633,0.001000,0.001000,16.216486,16.556526,1138.000000,5.000000.
31.869704,0.001000,0.001000,16.202449,16.556526,1139.000000,5.000000.
31.897131,0.001000,0.001000,16.189631,16.556526,1140.000000,5.000000.
31.939476,0.001000,0.001000,16.174266,16.556526,1141.000000,5.000000.
31.949422,0.001000,0.001000,16.150480,16.556526,1142.000000,5.000000.
31.971002,0.001000,0.001000,16.146682,16.556526,1143.000000,5.000000.
31.994066,0.001000,0.001000,16.132338,16.556526,1144.000000,5.000000.
32.019372,0.001000,0.001000,16.119791,16.556526,1145.000000,5.000000.
32.042175,0.001000,0.001000,16.105506,16.556526,1146.000000,5.000000.
32.065332,0.001000,0.001000,16.092868,16.556526,1147.000000,5.000000.
32.089121,0.001000,0.001000,16.079834,16.556526,1148.000000,5.000000.
32.113865,0.001000,0.001000,16.066507,16.556526,1149.000000,5.000000.
32.137048,0.001000,0.001000,16.052715,16.556526,1150.000000,5.000000.
32.162067,0.001000,0.001000,16.039715,16.556526,1151.000000,5.000000.
32.184684,0.001000,0.001000,16.025740,16.556526,1152.000000,5.000000.
32.210087,0.001000,0.001000,16.012613,16.556526,1153.000000,5.000000.
32.239274,0.001000,0.001000,15.998944,16.556526,1154.000000,5.000000.
32.266300,0.001000,0.001000,15.982596,16.556526,1155.000000,5.000000.
32.279019,0.001000,0.001000,15.967427,16.556526,1156.000000,5.000000.
32.306313,0.001000,0.001000,15.962153,16.556526,1157.000000,5.000000.
32.325219,0.001000,0.001000,15.944480,16.556526,1158.000000,5.000000.
32.354966,0.001000,0.001000,15.936295,16.556526,1159.000000,5.000000.
32.385082,0.001000,0.001000,15.917558,16.556526,1160.000000,5.000000.
32.396913,0.001000,0.001000,15.901137,16.556526,1161.000000,5.000000.
32.419251,0.001000,0.001000,15.893565,16.556526,1162.000000,5.000000.
32.444930,0.001000,0.001000,15.881466,16.556526,1163.000000,5.000000.
32.469880,0.001000,0.001000,15.868300,16.556526,1164.000000,5.000000.
32.494426,0.001000,0.001000,15.854432,16.556526,1165.000000,5.000000.
32.520189,0.001000,0.001000,15.840640,16.556526,1166.000000,5.000000.
32.544255,0.001000,0.001000,15.826401,16.556526,1167.000000,5.000000.
32.570469,0.001000,0.001000,15.813147,16.556526,1168.000000,5.000000.
32.593098,0.001000,0.001000,15.798818,16.556526,1169.000000,5.000000.
32.614091,0.001000,0.001000,15.786306,16.556526,1170.000000,5.000000.
32.638703,0.001000,0.001000,15.774567,16.556526,1171.000000,5.000000.
32.662945,0.001000,0.001000,15.761101,16.556526,1172.000000,5.000000.
32.685163,0.001000,0.001000,15.747754,16.556526,1173.000000,5.000000.
32.708343,0.001000,0.001000,15.735286,16.556526,1174.000000,5.000000.
32.734216,0.001000,0.001000,15.722608,16.556526,1175.000000,5.000000.
32.757208,0.001000,0.001000,15.708328,16.556526,1176.000000,5.000000.
32.783889,0.001000,0.001000,15.695730,16.556526,1177.000000,5.000000.
32.805695,0.001000,0.001000,15.681159,16.556526,1178.000000,5.000000.
